timestamp,datetime,status,command,status_1,dphi_1,uM_1,mbar_1,airSat_1,sample_temperature_1,device_temperature_1,signal_intensity_1,ambient_light_1,pressure_1,humidity_1,resistorTemp_1,percentO2_1,optical_temperature_1,pH_1,error_1,R_1,time_1,name_1,status_2,dphi_2,uM_2,mbar_2,airSat_2,sample_temperature_2,device_temperature_2,signal_intensity_2,ambient_light_2,pressure_2,humidity_2,resistorTemp_2,percentO2_2,optical_temperature_2,pH_2,error_2,R_2,time_2,name_2,duration,switch
1737650291.013981,2025-01-23 17:38:11,OTHER,PAUSE,,,,,,,,,,,,,,,,,,,,,,,,,,,,,,,,,,,,,,,0.0,False
1737650291.0179815,2025-01-23 17:38:11,OTHER,PAUSE,,,,,,,,,,,,,,,,,,,,,,,,,,,,,,,,,,,,,,,0.004000425338745117,False
1737650291.0239818,2025-01-23 17:38:11,OTHER,PAUSE,,,,,,,,,,,,,,,,,,,,,,,,,,,,,,,,,,,,,,,0.01000070571899414,False
1737650291.0319824,2025-01-23 17:38:11,OTHER,PAUSE,,,,,,,,,,,,,,,,,,,,,,,,,,,,,,,,,,,,,,,0.018001317977905273,False
1737650291.0389826,2025-01-23 17:38:11,OTHER,PAUSE,,,,,,,,,,,,,,,,,,,,,,,,,,,,,,,,,,,,,,,0.02500152587890625,False
1737650291.0439832,2025-01-23 17:38:11,OTHER,PAUSE,,,,,,,,,,,,,,,,,,,,,,,,,,,,,,,,,,,,,,,0.030002117156982422,False
1737650291.0499833,2025-01-23 17:38:11,OTHER,PAUSE,,,,,,,,,,,,,,,,,,,,,,,,,,,,,,,,,,,,,,,0.036002159118652344,False
1737650291.0559835,2025-01-23 17:38:11,OTHER,PAUSE,,,,,,,,,,,,,,,,,,,,,,,,,,,,,,,,,,,,,,,0.04200243949890137,False
1737650291.060984,2025-01-23 17:38:11,OTHER,PAUSE,,,,,,,,,,,,,,,,,,,,,,,,,,,,,,,,,,,,,,,0.04700279235839844,False
1737650291.0669842,2025-01-23 17:38:11,OTHER,PAUSE,,,,,,,,,,,,,,,,,,,,,,,,,,,,,,,,,,,,,,,0.05300307273864746,False
1737650291.0729845,2025-01-23 17:38:11,OTHER,PAUSE,,,,,,,,,,,,,,,,,,,,,,,,,,,,,,,,,,,,,,,0.059003353118896484,False
1737650291.078985,2025-01-23 17:38:11,OTHER,PAUSE,,,,,,,,,,,,,,,,,,,,,,,,,,,,,,,,,,,,,,,0.06500387191772461,False
1737650291.0849853,2025-01-23 17:38:11,OTHER,PAUSE,,,,,,,,,,,,,,,,,,,,,,,,,,,,,,,,,,,,,,,0.07100415229797363,False
1737650291.0909858,2025-01-23 17:38:11,OTHER,PAUSE,,,,,,,,,,,,,,,,,,,,,,,,,,,,,,,,,,,,,,,0.07700467109680176,False
1737650291.096986,2025-01-23 17:38:11,OTHER,PAUSE,,,,,,,,,,,,,,,,,,,,,,,,,,,,,,,,,,,,,,,0.08300495147705078,False
1737650291.1029866,2025-01-23 17:38:11,OTHER,PAUSE,,,,,,,,,,,,,,,,,,,,,,,,,,,,,,,,,,,,,,,0.0890054702758789,False
1737650291.1089866,2025-01-23 17:38:11,OTHER,PAUSE,,,,,,,,,,,,,,,,,,,,,,,,,,,,,,,,,,,,,,,0.09500551223754883,False
1737650291.114987,2025-01-23 17:38:11,OTHER,PAUSE,,,,,,,,,,,,,,,,,,,,,,,,,,,,,,,,,,,,,,,0.10100579261779785,False
1737650291.1209874,2025-01-23 17:38:11,OTHER,PAUSE,,,,,,,,,,,,,,,,,,,,,,,,,,,,,,,,,,,,,,,0.10700631141662598,False
1737650291.1269877,2025-01-23 17:38:11,OTHER,PAUSE,,,,,,,,,,,,,,,,,,,,,,,,,,,,,,,,,,,,,,,0.113006591796875,False
1737650291.1369884,2025-01-23 17:38:11,OTHER,PAUSE,,,,,,,,,,,,,,,,,,,,,,,,,,,,,,,,,,,,,,,0.12300729751586914,False
1737650291.145989,2025-01-23 17:38:11,OTHER,PAUSE,,,,,,,,,,,,,,,,,,,,,,,,,,,,,,,,,,,,,,,0.13200783729553223,False
1737650291.1519892,2025-01-23 17:38:11,OTHER,PAUSE,,,,,,,,,,,,,,,,,,,,,,,,,,,,,,,,,,,,,,,0.13800811767578125,False
1737650291.1579893,2025-01-23 17:38:11,OTHER,PAUSE,,,,,,,,,,,,,,,,,,,,,,,,,,,,,,,,,,,,,,,0.14400815963745117,False
1737650291.1639898,2025-01-23 17:38:11,OTHER,PAUSE,,,,,,,,,,,,,,,,,,,,,,,,,,,,,,,,,,,,,,,0.1500086784362793,False
1737650291.16999,2025-01-23 17:38:11,OTHER,PAUSE,,,,,,,,,,,,,,,,,,,,,,,,,,,,,,,,,,,,,,,0.15600895881652832,False
1737650291.1769907,2025-01-23 17:38:11,OTHER,PAUSE,,,,,,,,,,,,,,,,,,,,,,,,,,,,,,,,,,,,,,,0.1630096435546875,False
1737650291.1829908,2025-01-23 17:38:11,OTHER,PAUSE,,,,,,,,,,,,,,,,,,,,,,,,,,,,,,,,,,,,,,,0.16900968551635742,False
1737650291.1889913,2025-01-23 17:38:11,OTHER,PAUSE,,,,,,,,,,,,,,,,,,,,,,,,,,,,,,,,,,,,,,,0.17501020431518555,False
1737650291.1949916,2025-01-23 17:38:11,OTHER,PAUSE,,,,,,,,,,,,,,,,,,,,,,,,,,,,,,,,,,,,,,,0.18101048469543457,False
1737650291.200992,2025-01-23 17:38:11,OTHER,PAUSE,,,,,,,,,,,,,,,,,,,,,,,,,,,,,,,,,,,,,,,0.1870110034942627,False
1737650291.2069924,2025-01-23 17:38:11,OTHER,PAUSE,,,,,,,,,,,,,,,,,,,,,,,,,,,,,,,,,,,,,,,0.19301128387451172,False
1737650291.2129924,2025-01-23 17:38:11,OTHER,PAUSE,,,,,,,,,,,,,,,,,,,,,,,,,,,,,,,,,,,,,,,0.19901132583618164,False
1737650291.219993,2025-01-23 17:38:11,OTHER,PAUSE,,,,,,,,,,,,,,,,,,,,,,,,,,,,,,,,,,,,,,,0.20601201057434082,False
1737650291.2279935,2025-01-23 17:38:11,OTHER,PAUSE,,,,,,,,,,,,,,,,,,,,,,,,,,,,,,,,,,,,,,,0.21401238441467285,False
1737650291.234994,2025-01-23 17:38:11,OTHER,PAUSE,,,,,,,,,,,,,,,,,,,,,,,,,,,,,,,,,,,,,,,0.22101283073425293,False
1737650291.2429945,2025-01-23 17:38:11,OTHER,PAUSE,,,,,,,,,,,,,,,,,,,,,,,,,,,,,,,,,,,,,,,0.22901344299316406,False
1737650291.2499948,2025-01-23 17:38:11,OTHER,PAUSE,,,,,,,,,,,,,,,,,,,,,,,,,,,,,,,,,,,,,,,0.23601365089416504,False
1737650291.2579954,2025-01-23 17:38:11,OTHER,PAUSE,,,,,,,,,,,,,,,,,,,,,,,,,,,,,,,,,,,,,,,0.24401426315307617,False
1737650291.2649956,2025-01-23 17:38:11,OTHER,PAUSE,,,,,,,,,,,,,,,,,,,,,,,,,,,,,,,,,,,,,,,0.25101447105407715,False
1737650291.2709959,2025-01-23 17:38:11,OTHER,PAUSE,,,,,,,,,,,,,,,,,,,,,,,,,,,,,,,,,,,,,,,0.25701475143432617,False
1737650291.2779963,2025-01-23 17:38:11,OTHER,PAUSE,,,,,,,,,,,,,,,,,,,,,,,,,,,,,,,,,,,,,,,0.26401519775390625,False
1737650291.2849967,2025-01-23 17:38:11,OTHER,PAUSE,,,,,,,,,,,,,,,,,,,,,,,,,,,,,,,,,,,,,,,0.27101564407348633,False
1737650291.290997,2025-01-23 17:38:11,OTHER,PAUSE,,,,,,,,,,,,,,,,,,,,,,,,,,,,,,,,,,,,,,,0.27701592445373535,False
1737650291.2979975,2025-01-23 17:38:11,OTHER,PAUSE,,,,,,,,,,,,,,,,,,,,,,,,,,,,,,,,,,,,,,,0.28401637077331543,False
1737650291.3039978,2025-01-23 17:38:11,OTHER,PAUSE,,,,,,,,,,,,,,,,,,,,,,,,,,,,,,,,,,,,,,,0.29001665115356445,False
1737650291.3109982,2025-01-23 17:38:11,OTHER,PAUSE,,,,,,,,,,,,,,,,,,,,,,,,,,,,,,,,,,,,,,,0.29701709747314453,False
1737650291.3179986,2025-01-23 17:38:11,OTHER,PAUSE,,,,,,,,,,,,,,,,,,,,,,,,,,,,,,,,,,,,,,,0.3040175437927246,False
1737650291.323999,2025-01-23 17:38:11,OTHER,PAUSE,,,,,,,,,,,,,,,,,,,,,,,,,,,,,,,,,,,,,,,0.31001782417297363,False
1737650291.3309994,2025-01-23 17:38:11,OTHER,PAUSE,,,,,,,,,,,,,,,,,,,,,,,,,,,,,,,,,,,,,,,0.3170182704925537,False
1737650291.3369997,2025-01-23 17:38:11,OTHER,PAUSE,,,,,,,,,,,,,,,,,,,,,,,,,,,,,,,,,,,,,,,0.32301855087280273,False
1737650291.344,2025-01-23 17:38:11,OTHER,PAUSE,,,,,,,,,,,,,,,,,,,,,,,,,,,,,,,,,,,,,,,0.3300189971923828,False
1737650291.3500004,2025-01-23 17:38:11,OTHER,PAUSE,,,,,,,,,,,,,,,,,,,,,,,,,,,,,,,,,,,,,,,0.33601927757263184,False
1737650291.357001,2025-01-23 17:38:11,OTHER,PAUSE,,,,,,,,,,,,,,,,,,,,,,,,,,,,,,,,,,,,,,,0.343019962310791,False
1737650291.3640013,2025-01-23 17:38:11,OTHER,PAUSE,,,,,,,,,,,,,,,,,,,,,,,,,,,,,,,,,,,,,,,0.350020170211792,False
1737650291.3710015,2025-01-23 17:38:11,OTHER,PAUSE,,,,,,,,,,,,,,,,,,,,,,,,,,,,,,,,,,,,,,,0.35702037811279297,False
1737650291.3780022,2025-01-23 17:38:11,OTHER,PAUSE,,,,,,,,,,,,,,,,,,,,,,,,,,,,,,,,,,,,,,,0.36402106285095215,False
1737650291.3840022,2025-01-23 17:38:11,OTHER,PAUSE,,,,,,,,,,,,,,,,,,,,,,,,,,,,,,,,,,,,,,,0.37002110481262207,False
1737650291.391003,2025-01-23 17:38:11,OTHER,PAUSE,,,,,,,,,,,,,,,,,,,,,,,,,,,,,,,,,,,,,,,0.37702178955078125,False
1737650291.3970032,2025-01-23 17:38:11,OTHER,PAUSE,,,,,,,,,,,,,,,,,,,,,,,,,,,,,,,,,,,,,,,0.3830220699310303,False
1737650291.4040036,2025-01-23 17:38:11,OTHER,PAUSE,,,,,,,,,,,,,,,,,,,,,,,,,,,,,,,,,,,,,,,0.39002251625061035,False
1737650291.410004,2025-01-23 17:38:11,OTHER,PAUSE,,,,,,,,,,,,,,,,,,,,,,,,,,,,,,,,,,,,,,,0.3960227966308594,False
1737650291.4170043,2025-01-23 17:38:11,OTHER,PAUSE,,,,,,,,,,,,,,,,,,,,,,,,,,,,,,,,,,,,,,,0.40302324295043945,False
1737650291.4240046,2025-01-23 17:38:11,OTHER,PAUSE,,,,,,,,,,,,,,,,,,,,,,,,,,,,,,,,,,,,,,,0.41002345085144043,False
1737650291.430005,2025-01-23 17:38:11,OTHER,PAUSE,,,,,,,,,,,,,,,,,,,,,,,,,,,,,,,,,,,,,,,0.41602396965026855,False
1737650291.4370055,2025-01-23 17:38:11,OTHER,PAUSE,,,,,,,,,,,,,,,,,,,,,,,,,,,,,,,,,,,,,,,0.42302441596984863,False
1737650291.444006,2025-01-23 17:38:11,OTHER,PAUSE,,,,,,,,,,,,,,,,,,,,,,,,,,,,,,,,,,,,,,,0.4300248622894287,False
1737650291.4510062,2025-01-23 17:38:11,OTHER,PAUSE,,,,,,,,,,,,,,,,,,,,,,,,,,,,,,,,,,,,,,,0.4370250701904297,False
1737650291.4570067,2025-01-23 17:38:11,OTHER,PAUSE,,,,,,,,,,,,,,,,,,,,,,,,,,,,,,,,,,,,,,,0.4430255889892578,False
1737650291.464007,2025-01-23 17:38:11,OTHER,PAUSE,,,,,,,,,,,,,,,,,,,,,,,,,,,,,,,,,,,,,,,0.4500257968902588,False
1737650291.4710076,2025-01-23 17:38:11,OTHER,PAUSE,,,,,,,,,,,,,,,,,,,,,,,,,,,,,,,,,,,,,,,0.45702648162841797,False
1737650291.4780078,2025-01-23 17:38:11,OTHER,PAUSE,,,,,,,,,,,,,,,,,,,,,,,,,,,,,,,,,,,,,,,0.46402668952941895,False
1737650291.4850082,2025-01-23 17:38:11,OTHER,PAUSE,,,,,,,,,,,,,,,,,,,,,,,,,,,,,,,,,,,,,,,0.471027135848999,False
1737650291.4920087,2025-01-23 17:38:11,OTHER,PAUSE,,,,,,,,,,,,,,,,,,,,,,,,,,,,,,,,,,,,,,,0.4780275821685791,False
1737650291.4990091,2025-01-23 17:38:11,OTHER,PAUSE,,,,,,,,,,,,,,,,,,,,,,,,,,,,,,,,,,,,,,,0.4850280284881592,False
1737650291.5060093,2025-01-23 17:38:11,OTHER,PAUSE,,,,,,,,,,,,,,,,,,,,,,,,,,,,,,,,,,,,,,,0.49202823638916016,False
1737650291.51301,2025-01-23 17:38:11,OTHER,PAUSE,,,,,,,,,,,,,,,,,,,,,,,,,,,,,,,,,,,,,,,0.49902892112731934,False
1737650291.5200102,2025-01-23 17:38:11,OTHER,PAUSE,,,,,,,,,,,,,,,,,,,,,,,,,,,,,,,,,,,,,,,0.5060291290283203,False
1737650291.5270104,2025-01-23 17:38:11,OTHER,PAUSE,,,,,,,,,,,,,,,,,,,,,,,,,,,,,,,,,,,,,,,0.5130293369293213,False
1737650291.534011,2025-01-23 17:38:11,OTHER,PAUSE,,,,,,,,,,,,,,,,,,,,,,,,,,,,,,,,,,,,,,,0.5200297832489014,False
1737650291.5410116,2025-01-23 17:38:11,OTHER,PAUSE,,,,,,,,,,,,,,,,,,,,,,,,,,,,,,,,,,,,,,,0.5270304679870605,False
1737650291.5480118,2025-01-23 17:38:11,OTHER,PAUSE,,,,,,,,,,,,,,,,,,,,,,,,,,,,,,,,,,,,,,,0.5340306758880615,False
1737650291.555012,2025-01-23 17:38:11,OTHER,PAUSE,,,,,,,,,,,,,,,,,,,,,,,,,,,,,,,,,,,,,,,0.5410308837890625,False
1737650291.5620127,2025-01-23 17:38:11,OTHER,PAUSE,,,,,,,,,,,,,,,,,,,,,,,,,,,,,,,,,,,,,,,0.5480315685272217,False
1737650291.5700133,2025-01-23 17:38:11,OTHER,PAUSE,,,,,,,,,,,,,,,,,,,,,,,,,,,,,,,,,,,,,,,0.5560321807861328,False
1737650291.5770135,2025-01-23 17:38:11,OTHER,PAUSE,,,,,,,,,,,,,,,,,,,,,,,,,,,,,,,,,,,,,,,0.5630323886871338,False
1737650291.584014,2025-01-23 17:38:11,OTHER,PAUSE,,,,,,,,,,,,,,,,,,,,,,,,,,,,,,,,,,,,,,,0.5700328350067139,False
1737650291.5910144,2025-01-23 17:38:11,OTHER,PAUSE,,,,,,,,,,,,,,,,,,,,,,,,,,,,,,,,,,,,,,,0.577033281326294,False
1737650291.5980148,2025-01-23 17:38:11,OTHER,PAUSE,,,,,,,,,,,,,,,,,,,,,,,,,,,,,,,,,,,,,,,0.584033727645874,False
1737650291.606015,2025-01-23 17:38:11,OTHER,PAUSE,,,,,,,,,,,,,,,,,,,,,,,,,,,,,,,,,,,,,,,0.592033863067627,False
1737650291.6130157,2025-01-23 17:38:11,OTHER,PAUSE,,,,,,,,,,,,,,,,,,,,,,,,,,,,,,,,,,,,,,,0.5990345478057861,False
1737650291.6200159,2025-01-23 17:38:11,OTHER,PAUSE,,,,,,,,,,,,,,,,,,,,,,,,,,,,,,,,,,,,,,,0.6060347557067871,False
1737650291.6270163,2025-01-23 17:38:11,OTHER,PAUSE,,,,,,,,,,,,,,,,,,,,,,,,,,,,,,,,,,,,,,,0.6130352020263672,False
1737650291.6350167,2025-01-23 17:38:11,OTHER,PAUSE,,,,,,,,,,,,,,,,,,,,,,,,,,,,,,,,,,,,,,,0.6210355758666992,False
1737650291.6420174,2025-01-23 17:38:11,OTHER,PAUSE,,,,,,,,,,,,,,,,,,,,,,,,,,,,,,,,,,,,,,,0.6280362606048584,False
1737650291.6500175,2025-01-23 17:38:11,OTHER,PAUSE,,,,,,,,,,,,,,,,,,,,,,,,,,,,,,,,,,,,,,,0.6360363960266113,False
1737650291.6570182,2025-01-23 17:38:11,OTHER,PAUSE,,,,,,,,,,,,,,,,,,,,,,,,,,,,,,,,,,,,,,,0.6430370807647705,False
1737650291.6640184,2025-01-23 17:38:11,OTHER,PAUSE,,,,,,,,,,,,,,,,,,,,,,,,,,,,,,,,,,,,,,,0.6500372886657715,False
1737650291.672019,2025-01-23 17:38:11,OTHER,PAUSE,,,,,,,,,,,,,,,,,,,,,,,,,,,,,,,,,,,,,,,0.6580379009246826,False
1737650291.6790192,2025-01-23 17:38:11,OTHER,PAUSE,,,,,,,,,,,,,,,,,,,,,,,,,,,,,,,,,,,,,,,0.6650381088256836,False
1737650291.6870198,2025-01-23 17:38:11,OTHER,PAUSE,,,,,,,,,,,,,,,,,,,,,,,,,,,,,,,,,,,,,,,0.6730387210845947,False
1737650291.69402,2025-01-23 17:38:11,OTHER,PAUSE,,,,,,,,,,,,,,,,,,,,,,,,,,,,,,,,,,,,,,,0.6800389289855957,False
1737650291.7020206,2025-01-23 17:38:11,OTHER,PAUSE,,,,,,,,,,,,,,,,,,,,,,,,,,,,,,,,,,,,,,,0.6880395412445068,False
1737650291.7090209,2025-01-23 17:38:11,OTHER,PAUSE,,,,,,,,,,,,,,,,,,,,,,,,,,,,,,,,,,,,,,,0.6950397491455078,False
1737650291.7160215,2025-01-23 17:38:11,OTHER,PAUSE,,,,,,,,,,,,,,,,,,,,,,,,,,,,,,,,,,,,,,,0.702040433883667,False
1737650291.724022,2025-01-23 17:38:11,OTHER,PAUSE,,,,,,,,,,,,,,,,,,,,,,,,,,,,,,,,,,,,,,,0.710040807723999,False
1737650291.7310224,2025-01-23 17:38:11,OTHER,PAUSE,,,,,,,,,,,,,,,,,,,,,,,,,,,,,,,,,,,,,,,0.7170412540435791,False
1737650291.7390225,2025-01-23 17:38:11,OTHER,PAUSE,,,,,,,,,,,,,,,,,,,,,,,,,,,,,,,,,,,,,,,0.725041389465332,False
1737650291.747023,2025-01-23 17:38:11,OTHER,PAUSE,,,,,,,,,,,,,,,,,,,,,,,,,,,,,,,,,,,,,,,0.7330420017242432,False
1737650291.7540238,2025-01-23 17:38:11,OTHER,PAUSE,,,,,,,,,,,,,,,,,,,,,,,,,,,,,,,,,,,,,,,0.7400426864624023,False
1737650291.762024,2025-01-23 17:38:11,OTHER,PAUSE,,,,,,,,,,,,,,,,,,,,,,,,,,,,,,,,,,,,,,,0.7480428218841553,False
1737650291.7690246,2025-01-23 17:38:11,OTHER,PAUSE,,,,,,,,,,,,,,,,,,,,,,,,,,,,,,,,,,,,,,,0.7550435066223145,False
1737650291.777025,2025-01-23 17:38:11,OTHER,PAUSE,,,,,,,,,,,,,,,,,,,,,,,,,,,,,,,,,,,,,,,0.7630438804626465,False
1737650291.7850254,2025-01-23 17:38:11,OTHER,PAUSE,,,,,,,,,,,,,,,,,,,,,,,,,,,,,,,,,,,,,,,0.7710442543029785,False
1737650291.7920258,2025-01-23 17:38:11,OTHER,PAUSE,,,,,,,,,,,,,,,,,,,,,,,,,,,,,,,,,,,,,,,0.7780447006225586,False
1737650291.8000262,2025-01-23 17:38:11,OTHER,PAUSE,,,,,,,,,,,,,,,,,,,,,,,,,,,,,,,,,,,,,,,0.7860450744628906,False
1737650291.8080266,2025-01-23 17:38:11,OTHER,PAUSE,,,,,,,,,,,,,,,,,,,,,,,,,,,,,,,,,,,,,,,0.7940454483032227,False
1737650291.8160272,2025-01-23 17:38:11,OTHER,PAUSE,,,,,,,,,,,,,,,,,,,,,,,,,,,,,,,,,,,,,,,0.8020460605621338,False
1737650291.8240275,2025-01-23 17:38:11,OTHER,PAUSE,,,,,,,,,,,,,,,,,,,,,,,,,,,,,,,,,,,,,,,0.8100464344024658,False
1737650291.831028,2025-01-23 17:38:11,OTHER,PAUSE,,,,,,,,,,,,,,,,,,,,,,,,,,,,,,,,,,,,,,,0.8170468807220459,False
1737650291.8390286,2025-01-23 17:38:11,OTHER,PAUSE,,,,,,,,,,,,,,,,,,,,,,,,,,,,,,,,,,,,,,,0.825047492980957,False
1737650291.847029,2025-01-23 17:38:11,OTHER,PAUSE,,,,,,,,,,,,,,,,,,,,,,,,,,,,,,,,,,,,,,,0.8330478668212891,False
1737650291.8560295,2025-01-23 17:38:11,OTHER,PAUSE,,,,,,,,,,,,,,,,,,,,,,,,,,,,,,,,,,,,,,,0.8420484066009521,False
1737650291.8630297,2025-01-23 17:38:11,OTHER,PAUSE,,,,,,,,,,,,,,,,,,,,,,,,,,,,,,,,,,,,,,,0.8490486145019531,False
1737650291.8710303,2025-01-23 17:38:11,OTHER,PAUSE,,,,,,,,,,,,,,,,,,,,,,,,,,,,,,,,,,,,,,,0.8570492267608643,False
1737650291.8790307,2025-01-23 17:38:11,OTHER,PAUSE,,,,,,,,,,,,,,,,,,,,,,,,,,,,,,,,,,,,,,,0.8650496006011963,False
1737650291.8880312,2025-01-23 17:38:11,OTHER,PAUSE,,,,,,,,,,,,,,,,,,,,,,,,,,,,,,,,,,,,,,,0.8740501403808594,False
1737650291.8960319,2025-01-23 17:38:11,OTHER,PAUSE,,,,,,,,,,,,,,,,,,,,,,,,,,,,,,,,,,,,,,,0.8820507526397705,False
1737650291.9040322,2025-01-23 17:38:11,OTHER,PAUSE,,,,,,,,,,,,,,,,,,,,,,,,,,,,,,,,,,,,,,,0.8900511264801025,False
1737650291.9130328,2025-01-23 17:38:11,OTHER,PAUSE,,,,,,,,,,,,,,,,,,,,,,,,,,,,,,,,,,,,,,,0.8990516662597656,False
1737650291.9210331,2025-01-23 17:38:11,OTHER,PAUSE,,,,,,,,,,,,,,,,,,,,,,,,,,,,,,,,,,,,,,,0.9070520401000977,False
1737650291.9300337,2025-01-23 17:38:11,OTHER,PAUSE,,,,,,,,,,,,,,,,,,,,,,,,,,,,,,,,,,,,,,,0.9160525798797607,False
1737650291.938034,2025-01-23 17:38:11,OTHER,PAUSE,,,,,,,,,,,,,,,,,,,,,,,,,,,,,,,,,,,,,,,0.9240529537200928,False
1737650291.9460347,2025-01-23 17:38:11,OTHER,PAUSE,,,,,,,,,,,,,,,,,,,,,,,,,,,,,,,,,,,,,,,0.9320535659790039,False
1737650291.954035,2025-01-23 17:38:11,OTHER,PAUSE,,,,,,,,,,,,,,,,,,,,,,,,,,,,,,,,,,,,,,,0.9400539398193359,False
1737650291.9620354,2025-01-23 17:38:11,OTHER,PAUSE,,,,,,,,,,,,,,,,,,,,,,,,,,,,,,,,,,,,,,,0.948054313659668,False
1737650291.970036,2025-01-23 17:38:11,OTHER,PAUSE,,,,,,,,,,,,,,,,,,,,,,,,,,,,,,,,,,,,,,,0.9560549259185791,False
1737650291.9790363,2025-01-23 17:38:11,OTHER,PAUSE,,,,,,,,,,,,,,,,,,,,,,,,,,,,,,,,,,,,,,,0.9650552272796631,False
1737650291.987037,2025-01-23 17:38:11,OTHER,PAUSE,,,,,,,,,,,,,,,,,,,,,,,,,,,,,,,,,,,,,,,0.9730558395385742,False
1737650291.9950376,2025-01-23 17:38:11,OTHER,PAUSE,,,,,,,,,,,,,,,,,,,,,,,,,,,,,,,,,,,,,,,0.9810564517974854,False
1737650292.0030377,2025-01-23 17:38:12,OTHER,PAUSE,,,,,,,,,,,,,,,,,,,,,,,,,,,,,,,,,,,,,,,0.9890565872192383,False
1737650292.0110383,2025-01-23 17:38:12,OTHER,PAUSE,,,,,,,,,,,,,,,,,,,,,,,,,,,,,,,,,,,,,,,0.9970571994781494,False
1737650292.0190387,2025-01-23 17:38:12,OTHER,PAUSE,,,,,,,,,,,,,,,,,,,,,,,,,,,,,,,,,,,,,,,1.0050575733184814,False
1737650292.0280395,2025-01-23 17:38:12,OTHER,PAUSE,,,,,,,,,,,,,,,,,,,,,,,,,,,,,,,,,,,,,,,1.0140583515167236,False
1737650292.0360396,2025-01-23 17:38:12,OTHER,PAUSE,,,,,,,,,,,,,,,,,,,,,,,,,,,,,,,,,,,,,,,1.0220584869384766,False
1737650292.0450401,2025-01-23 17:38:12,OTHER,PAUSE,,,,,,,,,,,,,,,,,,,,,,,,,,,,,,,,,,,,,,,1.0310590267181396,False
1737650292.0550408,2025-01-23 17:38:12,OTHER,PAUSE,,,,,,,,,,,,,,,,,,,,,,,,,,,,,,,,,,,,,,,1.0410597324371338,False
1737650292.0640411,2025-01-23 17:38:12,OTHER,PAUSE,,,,,,,,,,,,,,,,,,,,,,,,,,,,,,,,,,,,,,,1.0500600337982178,False
1737650292.073042,2025-01-23 17:38:12,OTHER,PAUSE,,,,,,,,,,,,,,,,,,,,,,,,,,,,,,,,,,,,,,,1.05906081199646,False
1737650292.0840425,2025-01-23 17:38:12,OTHER,PAUSE,,,,,,,,,,,,,,,,,,,,,,,,,,,,,,,,,,,,,,,1.070061445236206,False
1737650292.0940428,2025-01-23 17:38:12,OTHER,PAUSE,,,,,,,,,,,,,,,,,,,,,,,,,,,,,,,,,,,,,,,1.080061674118042,False
1737650292.1030436,2025-01-23 17:38:12,OTHER,PAUSE,,,,,,,,,,,,,,,,,,,,,,,,,,,,,,,,,,,,,,,1.0890624523162842,False
1737650292.112044,2025-01-23 17:38:12,OTHER,PAUSE,,,,,,,,,,,,,,,,,,,,,,,,,,,,,,,,,,,,,,,1.0980629920959473,False
1737650292.1220446,2025-01-23 17:38:12,OTHER,PAUSE,,,,,,,,,,,,,,,,,,,,,,,,,,,,,,,,,,,,,,,1.1080634593963623,False
1737650292.1330452,2025-01-23 17:38:12,OTHER,PAUSE,,,,,,,,,,,,,,,,,,,,,,,,,,,,,,,,,,,,,,,1.1190640926361084,False
1737650292.147046,2025-01-23 17:38:12,OTHER,PAUSE,,,,,,,,,,,,,,,,,,,,,,,,,,,,,,,,,,,,,,,1.1330649852752686,False
1737650292.1560466,2025-01-23 17:38:12,OTHER,PAUSE,,,,,,,,,,,,,,,,,,,,,,,,,,,,,,,,,,,,,,,1.1420655250549316,False
1737650292.1690474,2025-01-23 17:38:12,OTHER,PAUSE,,,,,,,,,,,,,,,,,,,,,,,,,,,,,,,,,,,,,,,1.1550662517547607,False
1737650292.1790478,2025-01-23 17:38:12,OTHER,PAUSE,,,,,,,,,,,,,,,,,,,,,,,,,,,,,,,,,,,,,,,1.1650667190551758,False
1737650292.1910486,2025-01-23 17:38:12,OTHER,PAUSE,,,,,,,,,,,,,,,,,,,,,,,,,,,,,,,,,,,,,,,1.177067518234253,False
1737650292.2060492,2025-01-23 17:38:12,OTHER,PAUSE,,,,,,,,,,,,,,,,,,,,,,,,,,,,,,,,,,,,,,,1.192068099975586,False
1737650292.21505,2025-01-23 17:38:12,OTHER,PAUSE,,,,,,,,,,,,,,,,,,,,,,,,,,,,,,,,,,,,,,,1.2010688781738281,False
1737650292.231051,2025-01-23 17:38:12,OTHER,PAUSE,,,,,,,,,,,,,,,,,,,,,,,,,,,,,,,,,,,,,,,1.2170698642730713,False
1737650292.2420516,2025-01-23 17:38:12,OTHER,PAUSE,,,,,,,,,,,,,,,,,,,,,,,,,,,,,,,,,,,,,,,1.2280704975128174,False
1737650292.2510521,2025-01-23 17:38:12,OTHER,PAUSE,,,,,,,,,,,,,,,,,,,,,,,,,,,,,,,,,,,,,,,1.2370710372924805,False
1737650292.2600524,2025-01-23 17:38:12,OTHER,PAUSE,,,,,,,,,,,,,,,,,,,,,,,,,,,,,,,,,,,,,,,1.2460713386535645,False
1737650292.269053,2025-01-23 17:38:12,OTHER,PAUSE,,,,,,,,,,,,,,,,,,,,,,,,,,,,,,,,,,,,,,,1.2550718784332275,False
1737650292.2770534,2025-01-23 17:38:12,OTHER,PAUSE,,,,,,,,,,,,,,,,,,,,,,,,,,,,,,,,,,,,,,,1.2630722522735596,False
1737650292.286054,2025-01-23 17:38:12,OTHER,PAUSE,,,,,,,,,,,,,,,,,,,,,,,,,,,,,,,,,,,,,,,1.2720727920532227,False
1737650292.2940545,2025-01-23 17:38:12,OTHER,PAUSE,,,,,,,,,,,,,,,,,,,,,,,,,,,,,,,,,,,,,,,1.2800734043121338,False
1737650292.303055,2025-01-23 17:38:12,OTHER,PAUSE,,,,,,,,,,,,,,,,,,,,,,,,,,,,,,,,,,,,,,,1.2890739440917969,False
1737650292.3120556,2025-01-23 17:38:12,OTHER,PAUSE,,,,,,,,,,,,,,,,,,,,,,,,,,,,,,,,,,,,,,,1.29807448387146,False
1737650292.320056,2025-01-23 17:38:12,OTHER,PAUSE,,,,,,,,,,,,,,,,,,,,,,,,,,,,,,,,,,,,,,,1.306074857711792,False
1737650292.3290565,2025-01-23 17:38:12,OTHER,PAUSE,,,,,,,,,,,,,,,,,,,,,,,,,,,,,,,,,,,,,,,1.315075397491455,False
1737650292.338057,2025-01-23 17:38:12,OTHER,PAUSE,,,,,,,,,,,,,,,,,,,,,,,,,,,,,,,,,,,,,,,1.3240759372711182,False
1737650292.3470573,2025-01-23 17:38:12,OTHER,PAUSE,,,,,,,,,,,,,,,,,,,,,,,,,,,,,,,,,,,,,,,1.3330762386322021,False
1737650292.3560581,2025-01-23 17:38:12,OTHER,PAUSE,,,,,,,,,,,,,,,,,,,,,,,,,,,,,,,,,,,,,,,1.3420770168304443,False
1737650292.3650587,2025-01-23 17:38:12,OTHER,PAUSE,,,,,,,,,,,,,,,,,,,,,,,,,,,,,,,,,,,,,,,1.3510775566101074,False
1737650292.374059,2025-01-23 17:38:12,OTHER,PAUSE,,,,,,,,,,,,,,,,,,,,,,,,,,,,,,,,,,,,,,,1.3600778579711914,False
1737650292.3830597,2025-01-23 17:38:12,OTHER,PAUSE,,,,,,,,,,,,,,,,,,,,,,,,,,,,,,,,,,,,,,,1.3690786361694336,False
1737650292.39206,2025-01-23 17:38:12,OTHER,PAUSE,,,,,,,,,,,,,,,,,,,,,,,,,,,,,,,,,,,,,,,1.3780789375305176,False
1737650292.4010606,2025-01-23 17:38:12,OTHER,PAUSE,,,,,,,,,,,,,,,,,,,,,,,,,,,,,,,,,,,,,,,1.3870794773101807,False
1737650292.4100611,2025-01-23 17:38:12,OTHER,PAUSE,,,,,,,,,,,,,,,,,,,,,,,,,,,,,,,,,,,,,,,1.3960800170898438,False
1737650292.4190614,2025-01-23 17:38:12,OTHER,PAUSE,,,,,,,,,,,,,,,,,,,,,,,,,,,,,,,,,,,,,,,1.4050803184509277,False
1737650292.4280622,2025-01-23 17:38:12,OTHER,PAUSE,,,,,,,,,,,,,,,,,,,,,,,,,,,,,,,,,,,,,,,1.41408109664917,False
1737650292.4370627,2025-01-23 17:38:12,OTHER,PAUSE,,,,,,,,,,,,,,,,,,,,,,,,,,,,,,,,,,,,,,,1.423081636428833,False
1737650292.446063,2025-01-23 17:38:12,OTHER,PAUSE,,,,,,,,,,,,,,,,,,,,,,,,,,,,,,,,,,,,,,,1.432081937789917,False
1737650292.4550638,2025-01-23 17:38:12,OTHER,PAUSE,,,,,,,,,,,,,,,,,,,,,,,,,,,,,,,,,,,,,,,1.4410827159881592,False
1737650292.4640644,2025-01-23 17:38:12,OTHER,PAUSE,,,,,,,,,,,,,,,,,,,,,,,,,,,,,,,,,,,,,,,1.4500832557678223,False
1737650292.4730647,2025-01-23 17:38:12,OTHER,PAUSE,,,,,,,,,,,,,,,,,,,,,,,,,,,,,,,,,,,,,,,1.4590835571289062,False
1737650292.4820652,2025-01-23 17:38:12,OTHER,PAUSE,,,,,,,,,,,,,,,,,,,,,,,,,,,,,,,,,,,,,,,1.4680840969085693,False
1737650292.4910655,2025-01-23 17:38:12,OTHER,PAUSE,,,,,,,,,,,,,,,,,,,,,,,,,,,,,,,,,,,,,,,1.4770843982696533,False
1737650292.5000663,2025-01-23 17:38:12,OTHER,PAUSE,,,,,,,,,,,,,,,,,,,,,,,,,,,,,,,,,,,,,,,1.4860851764678955,False
1737650292.5100667,2025-01-23 17:38:12,OTHER,PAUSE,,,,,,,,,,,,,,,,,,,,,,,,,,,,,,,,,,,,,,,1.4960856437683105,False
1737650292.5190673,2025-01-23 17:38:12,OTHER,PAUSE,,,,,,,,,,,,,,,,,,,,,,,,,,,,,,,,,,,,,,,1.5050861835479736,False
1737650292.5280678,2025-01-23 17:38:12,OTHER,PAUSE,,,,,,,,,,,,,,,,,,,,,,,,,,,,,,,,,,,,,,,1.5140867233276367,False
1737650292.5370684,2025-01-23 17:38:12,OTHER,PAUSE,,,,,,,,,,,,,,,,,,,,,,,,,,,,,,,,,,,,,,,1.5230872631072998,False
1737650292.5470688,2025-01-23 17:38:12,OTHER,PAUSE,,,,,,,,,,,,,,,,,,,,,,,,,,,,,,,,,,,,,,,1.5330877304077148,False
1737650292.5560694,2025-01-23 17:38:12,OTHER,PAUSE,,,,,,,,,,,,,,,,,,,,,,,,,,,,,,,,,,,,,,,1.542088270187378,False
1737650292.5650702,2025-01-23 17:38:12,OTHER,PAUSE,,,,,,,,,,,,,,,,,,,,,,,,,,,,,,,,,,,,,,,1.5510890483856201,False
1737650292.5750704,2025-01-23 17:38:12,OTHER,PAUSE,,,,,,,,,,,,,,,,,,,,,,,,,,,,,,,,,,,,,,,1.561089277267456,False
1737650292.5840712,2025-01-23 17:38:12,OTHER,PAUSE,,,,,,,,,,,,,,,,,,,,,,,,,,,,,,,,,,,,,,,1.5700900554656982,False
1737650292.5940716,2025-01-23 17:38:12,OTHER,PAUSE,,,,,,,,,,,,,,,,,,,,,,,,,,,,,,,,,,,,,,,1.5800905227661133,False
1737650292.6030722,2025-01-23 17:38:12,OTHER,PAUSE,,,,,,,,,,,,,,,,,,,,,,,,,,,,,,,,,,,,,,,1.5890910625457764,False
1737650292.6120727,2025-01-23 17:38:12,OTHER,PAUSE,,,,,,,,,,,,,,,,,,,,,,,,,,,,,,,,,,,,,,,1.5980916023254395,False
1737650292.6220732,2025-01-23 17:38:12,OTHER,PAUSE,,,,,,,,,,,,,,,,,,,,,,,,,,,,,,,,,,,,,,,1.6080920696258545,False
1737650292.6310737,2025-01-23 17:38:12,OTHER,PAUSE,,,,,,,,,,,,,,,,,,,,,,,,,,,,,,,,,,,,,,,1.6170926094055176,False
1737650292.6410742,2025-01-23 17:38:12,OTHER,PAUSE,,,,,,,,,,,,,,,,,,,,,,,,,,,,,,,,,,,,,,,1.6270930767059326,False
1737650292.651075,2025-01-23 17:38:12,OTHER,PAUSE,,,,,,,,,,,,,,,,,,,,,,,,,,,,,,,,,,,,,,,1.6370937824249268,False
1737650292.6600754,2025-01-23 17:38:12,OTHER,PAUSE,,,,,,,,,,,,,,,,,,,,,,,,,,,,,,,,,,,,,,,1.6460943222045898,False
1737650292.670076,2025-01-23 17:38:12,OTHER,PAUSE,,,,,,,,,,,,,,,,,,,,,,,,,,,,,,,,,,,,,,,1.6560947895050049,False
1737650292.6800766,2025-01-23 17:38:12,OTHER,PAUSE,,,,,,,,,,,,,,,,,,,,,,,,,,,,,,,,,,,,,,,1.666095495223999,False
1737650292.690077,2025-01-23 17:38:12,OTHER,PAUSE,,,,,,,,,,,,,,,,,,,,,,,,,,,,,,,,,,,,,,,1.676095962524414,False
1737650292.7000778,2025-01-23 17:38:12,OTHER,PAUSE,,,,,,,,,,,,,,,,,,,,,,,,,,,,,,,,,,,,,,,1.6860966682434082,False
1737650292.7100782,2025-01-23 17:38:12,OTHER,PAUSE,,,,,,,,,,,,,,,,,,,,,,,,,,,,,,,,,,,,,,,1.6960971355438232,False
1737650292.720079,2025-01-23 17:38:12,OTHER,PAUSE,,,,,,,,,,,,,,,,,,,,,,,,,,,,,,,,,,,,,,,1.7060978412628174,False
1737650292.7300794,2025-01-23 17:38:12,OTHER,PAUSE,,,,,,,,,,,,,,,,,,,,,,,,,,,,,,,,,,,,,,,1.7160983085632324,False
1737650292.74008,2025-01-23 17:38:12,OTHER,PAUSE,,,,,,,,,,,,,,,,,,,,,,,,,,,,,,,,,,,,,,,1.7260990142822266,False
1737650292.7500806,2025-01-23 17:38:12,OTHER,PAUSE,,,,,,,,,,,,,,,,,,,,,,,,,,,,,,,,,,,,,,,1.7360994815826416,False
1737650292.7630813,2025-01-23 17:38:12,OTHER,PAUSE,,,,,,,,,,,,,,,,,,,,,,,,,,,,,,,,,,,,,,,1.7491002082824707,False
1737650292.7780824,2025-01-23 17:38:12,OTHER,PAUSE,,,,,,,,,,,,,,,,,,,,,,,,,,,,,,,,,,,,,,,1.764101266860962,False
1737650292.7880826,2025-01-23 17:38:12,OTHER,PAUSE,,,,,,,,,,,,,,,,,,,,,,,,,,,,,,,,,,,,,,,1.7741014957427979,False
1737650292.7980833,2025-01-23 17:38:12,OTHER,PAUSE,,,,,,,,,,,,,,,,,,,,,,,,,,,,,,,,,,,,,,,1.784102201461792,False
1737650292.808084,2025-01-23 17:38:12,OTHER,PAUSE,,,,,,,,,,,,,,,,,,,,,,,,,,,,,,,,,,,,,,,1.7941029071807861,False
1737650292.8170843,2025-01-23 17:38:12,OTHER,PAUSE,,,,,,,,,,,,,,,,,,,,,,,,,,,,,,,,,,,,,,,1.8031032085418701,False
1737650292.827085,2025-01-23 17:38:12,OTHER,PAUSE,,,,,,,,,,,,,,,,,,,,,,,,,,,,,,,,,,,,,,,1.8131039142608643,False
1737650292.8380857,2025-01-23 17:38:12,OTHER,PAUSE,,,,,,,,,,,,,,,,,,,,,,,,,,,,,,,,,,,,,,,1.8241045475006104,False
1737650292.8470862,2025-01-23 17:38:12,OTHER,PAUSE,,,,,,,,,,,,,,,,,,,,,,,,,,,,,,,,,,,,,,,1.8331050872802734,False
1737650292.8570867,2025-01-23 17:38:12,OTHER,PAUSE,,,,,,,,,,,,,,,,,,,,,,,,,,,,,,,,,,,,,,,1.8431055545806885,False
1737650292.8700874,2025-01-23 17:38:12,OTHER,PAUSE,,,,,,,,,,,,,,,,,,,,,,,,,,,,,,,,,,,,,,,1.8561062812805176,False
1737650292.879088,2025-01-23 17:38:12,OTHER,PAUSE,,,,,,,,,,,,,,,,,,,,,,,,,,,,,,,,,,,,,,,1.8651068210601807,False
1737650292.8890886,2025-01-23 17:38:12,OTHER,PAUSE,,,,,,,,,,,,,,,,,,,,,,,,,,,,,,,,,,,,,,,1.8751075267791748,False
1737650292.899089,2025-01-23 17:38:12,OTHER,PAUSE,,,,,,,,,,,,,,,,,,,,,,,,,,,,,,,,,,,,,,,1.8851079940795898,False
1737650292.9090898,2025-01-23 17:38:12,OTHER,PAUSE,,,,,,,,,,,,,,,,,,,,,,,,,,,,,,,,,,,,,,,1.895108699798584,False
1737650292.9190903,2025-01-23 17:38:12,OTHER,PAUSE,,,,,,,,,,,,,,,,,,,,,,,,,,,,,,,,,,,,,,,1.905109167098999,False
1737650292.930091,2025-01-23 17:38:12,OTHER,PAUSE,,,,,,,,,,,,,,,,,,,,,,,,,,,,,,,,,,,,,,,1.9161098003387451,False
1737650292.9400914,2025-01-23 17:38:12,OTHER,PAUSE,,,,,,,,,,,,,,,,,,,,,,,,,,,,,,,,,,,,,,,1.9261102676391602,False
1737650292.950092,2025-01-23 17:38:12,OTHER,PAUSE,,,,,,,,,,,,,,,,,,,,,,,,,,,,,,,,,,,,,,,1.9361109733581543,False
1737650292.9600928,2025-01-23 17:38:12,OTHER,PAUSE,,,,,,,,,,,,,,,,,,,,,,,,,,,,,,,,,,,,,,,1.9461116790771484,False
1737650292.970093,2025-01-23 17:38:12,OTHER,PAUSE,,,,,,,,,,,,,,,,,,,,,,,,,,,,,,,,,,,,,,,1.9561119079589844,False
1737650292.9800937,2025-01-23 17:38:12,OTHER,PAUSE,,,,,,,,,,,,,,,,,,,,,,,,,,,,,,,,,,,,,,,1.9661126136779785,False
1737650292.9910944,2025-01-23 17:38:12,OTHER,PAUSE,,,,,,,,,,,,,,,,,,,,,,,,,,,,,,,,,,,,,,,1.9771132469177246,False
1737650293.0010948,2025-01-23 17:38:13,OTHER,PAUSE,,,,,,,,,,,,,,,,,,,,,,,,,,,,,,,,,,,,,,,1.9871137142181396,False
1737650293.0120955,2025-01-23 17:38:13,OTHER,PAUSE,,,,,,,,,,,,,,,,,,,,,,,,,,,,,,,,,,,,,,,1.9981143474578857,False
1737650293.0220962,2025-01-23 17:38:13,OTHER,PAUSE,,,,,,,,,,,,,,,,,,,,,,,,,,,,,,,,,,,,,,,2.00811505317688,False
1737650293.0330968,2025-01-23 17:38:13,OTHER,PAUSE,,,,,,,,,,,,,,,,,,,,,,,,,,,,,,,,,,,,,,,2.019115686416626,False
1737650293.0430973,2025-01-23 17:38:13,OTHER,PAUSE,,,,,,,,,,,,,,,,,,,,,,,,,,,,,,,,,,,,,,,2.029116153717041,False
1737650293.053098,2025-01-23 17:38:13,OTHER,PAUSE,,,,,,,,,,,,,,,,,,,,,,,,,,,,,,,,,,,,,,,2.039116859436035,False
1737650293.0640986,2025-01-23 17:38:13,OTHER,PAUSE,,,,,,,,,,,,,,,,,,,,,,,,,,,,,,,,,,,,,,,2.0501174926757812,False
1737650293.0740993,2025-01-23 17:38:13,OTHER,PAUSE,,,,,,,,,,,,,,,,,,,,,,,,,,,,,,,,,,,,,,,2.0601181983947754,False
1737650293.0840995,2025-01-23 17:38:13,OTHER,PAUSE,,,,,,,,,,,,,,,,,,,,,,,,,,,,,,,,,,,,,,,2.0701184272766113,False
1737650293.0941002,2025-01-23 17:38:13,OTHER,PAUSE,,,,,,,,,,,,,,,,,,,,,,,,,,,,,,,,,,,,,,,2.0801191329956055,False
1737650293.1051009,2025-01-23 17:38:13,OTHER,PAUSE,,,,,,,,,,,,,,,,,,,,,,,,,,,,,,,,,,,,,,,2.0911197662353516,False
1737650293.1161013,2025-01-23 17:38:13,OTHER,PAUSE,,,,,,,,,,,,,,,,,,,,,,,,,,,,,,,,,,,,,,,2.1021201610565186,False
1737650293.126102,2025-01-23 17:38:13,OTHER,PAUSE,,,,,,,,,,,,,,,,,,,,,,,,,,,,,,,,,,,,,,,2.1121208667755127,False
1737650293.1371026,2025-01-23 17:38:13,OTHER,PAUSE,,,,,,,,,,,,,,,,,,,,,,,,,,,,,,,,,,,,,,,2.123121500015259,False
1737650293.1471033,2025-01-23 17:38:13,OTHER,PAUSE,,,,,,,,,,,,,,,,,,,,,,,,,,,,,,,,,,,,,,,2.133122205734253,False
1737650293.1581037,2025-01-23 17:38:13,OTHER,PAUSE,,,,,,,,,,,,,,,,,,,,,,,,,,,,,,,,,,,,,,,2.14412260055542,False
1737650293.1681044,2025-01-23 17:38:13,OTHER,PAUSE,,,,,,,,,,,,,,,,,,,,,,,,,,,,,,,,,,,,,,,2.154123306274414,False
1737650293.179105,2025-01-23 17:38:13,OTHER,PAUSE,,,,,,,,,,,,,,,,,,,,,,,,,,,,,,,,,,,,,,,2.16512393951416,False
1737650293.1901057,2025-01-23 17:38:13,OTHER,PAUSE,,,,,,,,,,,,,,,,,,,,,,,,,,,,,,,,,,,,,,,2.1761245727539062,False
1737650293.2051067,2025-01-23 17:38:13,OTHER,PAUSE,,,,,,,,,,,,,,,,,,,,,,,,,,,,,,,,,,,,,,,2.1911256313323975,False
1737650293.2171073,2025-01-23 17:38:13,OTHER,PAUSE,,,,,,,,,,,,,,,,,,,,,,,,,,,,,,,,,,,,,,,2.2031261920928955,False
1737650293.2281077,2025-01-23 17:38:13,OTHER,PAUSE,,,,,,,,,,,,,,,,,,,,,,,,,,,,,,,,,,,,,,,2.2141265869140625,False
1737650293.2381084,2025-01-23 17:38:13,OTHER,PAUSE,,,,,,,,,,,,,,,,,,,,,,,,,,,,,,,,,,,,,,,2.2241272926330566,False
1737650293.2501092,2025-01-23 17:38:13,OTHER,PAUSE,,,,,,,,,,,,,,,,,,,,,,,,,,,,,,,,,,,,,,,2.236128091812134,False
1737650293.2611098,2025-01-23 17:38:13,OTHER,PAUSE,,,,,,,,,,,,,,,,,,,,,,,,,,,,,,,,,,,,,,,2.24712872505188,False
1737650293.2721102,2025-01-23 17:38:13,OTHER,PAUSE,,,,,,,,,,,,,,,,,,,,,,,,,,,,,,,,,,,,,,,2.258129119873047,False
1737650293.2901115,2025-01-23 17:38:13,OTHER,PAUSE,,,,,,,,,,,,,,,,,,,,,,,,,,,,,,,,,,,,,,,2.276130437850952,False
1737650293.3031123,2025-01-23 17:38:13,OTHER,PAUSE,,,,,,,,,,,,,,,,,,,,,,,,,,,,,,,,,,,,,,,2.2891311645507812,False
1737650293.3221133,2025-01-23 17:38:13,OTHER,PAUSE,,,,,,,,,,,,,,,,,,,,,,,,,,,,,,,,,,,,,,,2.3081321716308594,False
1737650293.3381143,2025-01-23 17:38:13,OTHER,PAUSE,,,,,,,,,,,,,,,,,,,,,,,,,,,,,,,,,,,,,,,2.3241331577301025,False
1737650293.353115,2025-01-23 17:38:13,OTHER,PAUSE,,,,,,,,,,,,,,,,,,,,,,,,,,,,,,,,,,,,,,,2.3391339778900146,False
1737650293.3641157,2025-01-23 17:38:13,OTHER,PAUSE,,,,,,,,,,,,,,,,,,,,,,,,,,,,,,,,,,,,,,,2.3501346111297607,False
1737650293.3751163,2025-01-23 17:38:13,OTHER,PAUSE,,,,,,,,,,,,,,,,,,,,,,,,,,,,,,,,,,,,,,,2.361135244369507,False
1737650293.386117,2025-01-23 17:38:13,OTHER,PAUSE,,,,,,,,,,,,,,,,,,,,,,,,,,,,,,,,,,,,,,,2.372135877609253,False
1737650293.3971176,2025-01-23 17:38:13,OTHER,PAUSE,,,,,,,,,,,,,,,,,,,,,,,,,,,,,,,,,,,,,,,2.383136510848999,False
1737650293.4081182,2025-01-23 17:38:13,OTHER,PAUSE,,,,,,,,,,,,,,,,,,,,,,,,,,,,,,,,,,,,,,,2.394137144088745,False
1737650293.4201188,2025-01-23 17:38:13,OTHER,PAUSE,,,,,,,,,,,,,,,,,,,,,,,,,,,,,,,,,,,,,,,2.406137704849243,False
1737650293.4321196,2025-01-23 17:38:13,OTHER,PAUSE,,,,,,,,,,,,,,,,,,,,,,,,,,,,,,,,,,,,,,,2.4181385040283203,False
1737650293.4441204,2025-01-23 17:38:13,OTHER,PAUSE,,,,,,,,,,,,,,,,,,,,,,,,,,,,,,,,,,,,,,,2.4301393032073975,False
1737650293.4571211,2025-01-23 17:38:13,OTHER,PAUSE,,,,,,,,,,,,,,,,,,,,,,,,,,,,,,,,,,,,,,,2.4431400299072266,False
1737650293.4681215,2025-01-23 17:38:13,OTHER,PAUSE,,,,,,,,,,,,,,,,,,,,,,,,,,,,,,,,,,,,,,,2.4541404247283936,False
1737650293.4781222,2025-01-23 17:38:13,OTHER,PAUSE,,,,,,,,,,,,,,,,,,,,,,,,,,,,,,,,,,,,,,,2.4641411304473877,False
1737650293.4891229,2025-01-23 17:38:13,OTHER,PAUSE,,,,,,,,,,,,,,,,,,,,,,,,,,,,,,,,,,,,,,,2.475141763687134,False
1737650293.5001235,2025-01-23 17:38:13,OTHER,PAUSE,,,,,,,,,,,,,,,,,,,,,,,,,,,,,,,,,,,,,,,2.48614239692688,False
1737650293.5111241,2025-01-23 17:38:13,OTHER,PAUSE,,,,,,,,,,,,,,,,,,,,,,,,,,,,,,,,,,,,,,,2.497143030166626,False
1737650293.5211246,2025-01-23 17:38:13,OTHER,PAUSE,,,,,,,,,,,,,,,,,,,,,,,,,,,,,,,,,,,,,,,2.507143497467041,False
1737650293.5331254,2025-01-23 17:38:13,OTHER,PAUSE,,,,,,,,,,,,,,,,,,,,,,,,,,,,,,,,,,,,,,,2.519144296646118,False
1737650293.545126,2025-01-23 17:38:13,OTHER,PAUSE,,,,,,,,,,,,,,,,,,,,,,,,,,,,,,,,,,,,,,,2.531144857406616,False
1737650293.561127,2025-01-23 17:38:13,OTHER,PAUSE,,,,,,,,,,,,,,,,,,,,,,,,,,,,,,,,,,,,,,,2.5471458435058594,False
1737650293.5721276,2025-01-23 17:38:13,OTHER,PAUSE,,,,,,,,,,,,,,,,,,,,,,,,,,,,,,,,,,,,,,,2.5581464767456055,False
1737650293.5841281,2025-01-23 17:38:13,OTHER,PAUSE,,,,,,,,,,,,,,,,,,,,,,,,,,,,,,,,,,,,,,,2.5701470375061035,False
1737650293.5951288,2025-01-23 17:38:13,OTHER,PAUSE,,,,,,,,,,,,,,,,,,,,,,,,,,,,,,,,,,,,,,,2.5811476707458496,False
1737650293.6061294,2025-01-23 17:38:13,OTHER,PAUSE,,,,,,,,,,,,,,,,,,,,,,,,,,,,,,,,,,,,,,,2.5921483039855957,False
1737650293.6181302,2025-01-23 17:38:13,OTHER,PAUSE,,,,,,,,,,,,,,,,,,,,,,,,,,,,,,,,,,,,,,,2.604149103164673,False
1737650293.6291308,2025-01-23 17:38:13,OTHER,PAUSE,,,,,,,,,,,,,,,,,,,,,,,,,,,,,,,,,,,,,,,2.615149736404419,False
1737650293.6411314,2025-01-23 17:38:13,OTHER,PAUSE,,,,,,,,,,,,,,,,,,,,,,,,,,,,,,,,,,,,,,,2.627150297164917,False
1737650293.6531322,2025-01-23 17:38:13,OTHER,PAUSE,,,,,,,,,,,,,,,,,,,,,,,,,,,,,,,,,,,,,,,2.639151096343994,False
1737650293.6641328,2025-01-23 17:38:13,OTHER,PAUSE,,,,,,,,,,,,,,,,,,,,,,,,,,,,,,,,,,,,,,,2.6501517295837402,False
1737650293.6761334,2025-01-23 17:38:13,OTHER,PAUSE,,,,,,,,,,,,,,,,,,,,,,,,,,,,,,,,,,,,,,,2.6621522903442383,False
1737650293.6881342,2025-01-23 17:38:13,OTHER,PAUSE,,,,,,,,,,,,,,,,,,,,,,,,,,,,,,,,,,,,,,,2.6741530895233154,False
1737650293.6991348,2025-01-23 17:38:13,OTHER,PAUSE,,,,,,,,,,,,,,,,,,,,,,,,,,,,,,,,,,,,,,,2.6851537227630615,False
1737650293.7101355,2025-01-23 17:38:13,OTHER,PAUSE,,,,,,,,,,,,,,,,,,,,,,,,,,,,,,,,,,,,,,,2.6961543560028076,False
1737650293.721136,2025-01-23 17:38:13,OTHER,PAUSE,,,,,,,,,,,,,,,,,,,,,,,,,,,,,,,,,,,,,,,2.7071549892425537,False
1737650293.7321367,2025-01-23 17:38:13,OTHER,PAUSE,,,,,,,,,,,,,,,,,,,,,,,,,,,,,,,,,,,,,,,2.7181556224823,False
1737650293.7441375,2025-01-23 17:38:13,OTHER,PAUSE,,,,,,,,,,,,,,,,,,,,,,,,,,,,,,,,,,,,,,,2.730156421661377,False
1737650293.7551382,2025-01-23 17:38:13,OTHER,PAUSE,,,,,,,,,,,,,,,,,,,,,,,,,,,,,,,,,,,,,,,2.741157054901123,False
1737650293.7661386,2025-01-23 17:38:13,OTHER,PAUSE,,,,,,,,,,,,,,,,,,,,,,,,,,,,,,,,,,,,,,,2.75215744972229,False
1737650293.7781394,2025-01-23 17:38:13,OTHER,PAUSE,,,,,,,,,,,,,,,,,,,,,,,,,,,,,,,,,,,,,,,2.764158248901367,False
1737650293.79014,2025-01-23 17:38:13,OTHER,PAUSE,,,,,,,,,,,,,,,,,,,,,,,,,,,,,,,,,,,,,,,2.7761588096618652,False
1737650293.8021407,2025-01-23 17:38:13,OTHER,PAUSE,,,,,,,,,,,,,,,,,,,,,,,,,,,,,,,,,,,,,,,2.7881596088409424,False
1737650293.8141415,2025-01-23 17:38:13,OTHER,PAUSE,,,,,,,,,,,,,,,,,,,,,,,,,,,,,,,,,,,,,,,2.8001604080200195,False
1737650293.825142,2025-01-23 17:38:13,OTHER,PAUSE,,,,,,,,,,,,,,,,,,,,,,,,,,,,,,,,,,,,,,,2.8111608028411865,False
1737650293.8371427,2025-01-23 17:38:13,OTHER,PAUSE,,,,,,,,,,,,,,,,,,,,,,,,,,,,,,,,,,,,,,,2.8231616020202637,False
1737650293.8491433,2025-01-23 17:38:13,OTHER,PAUSE,,,,,,,,,,,,,,,,,,,,,,,,,,,,,,,,,,,,,,,2.8351621627807617,False
1737650293.861144,2025-01-23 17:38:13,OTHER,PAUSE,,,,,,,,,,,,,,,,,,,,,,,,,,,,,,,,,,,,,,,2.847162961959839,False
1737650293.875145,2025-01-23 17:38:13,OTHER,PAUSE,,,,,,,,,,,,,,,,,,,,,,,,,,,,,,,,,,,,,,,2.861163854598999,False
1737650293.8891456,2025-01-23 17:38:13,OTHER,PAUSE,,,,,,,,,,,,,,,,,,,,,,,,,,,,,,,,,,,,,,,2.87516450881958,False
1737650293.9021466,2025-01-23 17:38:13,OTHER,PAUSE,,,,,,,,,,,,,,,,,,,,,,,,,,,,,,,,,,,,,,,2.8881654739379883,False
1737650293.9141471,2025-01-23 17:38:13,OTHER,PAUSE,,,,,,,,,,,,,,,,,,,,,,,,,,,,,,,,,,,,,,,2.9001660346984863,False
1737650293.9271479,2025-01-23 17:38:13,OTHER,PAUSE,,,,,,,,,,,,,,,,,,,,,,,,,,,,,,,,,,,,,,,2.9131667613983154,False
1737650293.9381485,2025-01-23 17:38:13,OTHER,PAUSE,,,,,,,,,,,,,,,,,,,,,,,,,,,,,,,,,,,,,,,2.9241673946380615,False
1737650293.9511492,2025-01-23 17:38:13,OTHER,PAUSE,,,,,,,,,,,,,,,,,,,,,,,,,,,,,,,,,,,,,,,2.9371681213378906,False
1737650293.9621499,2025-01-23 17:38:13,OTHER,PAUSE,,,,,,,,,,,,,,,,,,,,,,,,,,,,,,,,,,,,,,,2.9481687545776367,False
1737650293.9741507,2025-01-23 17:38:13,OTHER,PAUSE,,,,,,,,,,,,,,,,,,,,,,,,,,,,,,,,,,,,,,,2.960169553756714,False
1737650293.9861515,2025-01-23 17:38:13,OTHER,PAUSE,,,,,,,,,,,,,,,,,,,,,,,,,,,,,,,,,,,,,,,2.972170352935791,False
1737650293.998152,2025-01-23 17:38:13,OTHER,PAUSE,,,,,,,,,,,,,,,,,,,,,,,,,,,,,,,,,,,,,,,2.984170913696289,False
1737650294.0111527,2025-01-23 17:38:14,OTHER,PAUSE,,,,,,,,,,,,,,,,,,,,,,,,,,,,,,,,,,,,,,,2.997171640396118,False
1737650294.0221531,2025-01-23 17:38:14,OTHER,PAUSE,,,,,,,,,,,,,,,,,,,,,,,,,,,,,,,,,,,,,,,3.008172035217285,False
1737650294.034154,2025-01-23 17:38:14,OTHER,PAUSE,,,,,,,,,,,,,,,,,,,,,,,,,,,,,,,,,,,,,,,3.0201728343963623,False
1737650294.0461547,2025-01-23 17:38:14,OTHER,PAUSE,,,,,,,,,,,,,,,,,,,,,,,,,,,,,,,,,,,,,,,3.0321736335754395,False
1737650294.0571554,2025-01-23 17:38:14,OTHER,PAUSE,,,,,,,,,,,,,,,,,,,,,,,,,,,,,,,,,,,,,,,3.0431742668151855,False
1737650294.0691562,2025-01-23 17:38:14,OTHER,PAUSE,,,,,,,,,,,,,,,,,,,,,,,,,,,,,,,,,,,,,,,3.0551750659942627,False
1737650294.082157,2025-01-23 17:38:14,OTHER,PAUSE,,,,,,,,,,,,,,,,,,,,,,,,,,,,,,,,,,,,,,,3.068175792694092,False
1737650294.0941572,2025-01-23 17:38:14,OTHER,PAUSE,,,,,,,,,,,,,,,,,,,,,,,,,,,,,,,,,,,,,,,3.0801761150360107,False
1737650294.1071582,2025-01-23 17:38:14,OTHER,PAUSE,,,,,,,,,,,,,,,,,,,,,,,,,,,,,,,,,,,,,,,3.093177080154419,False
1737650294.120159,2025-01-23 17:38:14,OTHER,PAUSE,,,,,,,,,,,,,,,,,,,,,,,,,,,,,,,,,,,,,,,3.106177806854248,False
1737650294.1321595,2025-01-23 17:38:14,OTHER,PAUSE,,,,,,,,,,,,,,,,,,,,,,,,,,,,,,,,,,,,,,,3.118178367614746,False
1737650294.1451604,2025-01-23 17:38:14,OTHER,PAUSE,,,,,,,,,,,,,,,,,,,,,,,,,,,,,,,,,,,,,,,3.1311793327331543,False
1737650294.157161,2025-01-23 17:38:14,OTHER,PAUSE,,,,,,,,,,,,,,,,,,,,,,,,,,,,,,,,,,,,,,,3.1431798934936523,False
1737650294.1691618,2025-01-23 17:38:14,OTHER,PAUSE,,,,,,,,,,,,,,,,,,,,,,,,,,,,,,,,,,,,,,,3.1551806926727295,False
1737650294.1811626,2025-01-23 17:38:14,OTHER,PAUSE,,,,,,,,,,,,,,,,,,,,,,,,,,,,,,,,,,,,,,,3.1671814918518066,False
1737650294.193163,2025-01-23 17:38:14,OTHER,PAUSE,,,,,,,,,,,,,,,,,,,,,,,,,,,,,,,,,,,,,,,3.1791818141937256,False
1737650294.2051637,2025-01-23 17:38:14,OTHER,PAUSE,,,,,,,,,,,,,,,,,,,,,,,,,,,,,,,,,,,,,,,3.1911826133728027,False
1737650294.2181644,2025-01-23 17:38:14,OTHER,PAUSE,,,,,,,,,,,,,,,,,,,,,,,,,,,,,,,,,,,,,,,3.204183340072632,False
1737650294.2311652,2025-01-23 17:38:14,OTHER,PAUSE,,,,,,,,,,,,,,,,,,,,,,,,,,,,,,,,,,,,,,,3.217184066772461,False
1737650294.2541666,2025-01-23 17:38:14,OTHER,PAUSE,,,,,,,,,,,,,,,,,,,,,,,,,,,,,,,,,,,,,,,3.240185499191284,False
1737650294.2701676,2025-01-23 17:38:14,OTHER,PAUSE,,,,,,,,,,,,,,,,,,,,,,,,,,,,,,,,,,,,,,,3.2561864852905273,False
1737650294.2841682,2025-01-23 17:38:14,OTHER,PAUSE,,,,,,,,,,,,,,,,,,,,,,,,,,,,,,,,,,,,,,,3.2701871395111084,False
1737650294.3001692,2025-01-23 17:38:14,OTHER,PAUSE,,,,,,,,,,,,,,,,,,,,,,,,,,,,,,,,,,,,,,,3.2861881256103516,False
1737650294.31617,2025-01-23 17:38:14,OTHER,PAUSE,,,,,,,,,,,,,,,,,,,,,,,,,,,,,,,,,,,,,,,3.3021888732910156,False
1737650294.329171,2025-01-23 17:38:14,OTHER,PAUSE,,,,,,,,,,,,,,,,,,,,,,,,,,,,,,,,,,,,,,,3.315189838409424,False
1737650294.3431716,2025-01-23 17:38:14,OTHER,PAUSE,,,,,,,,,,,,,,,,,,,,,,,,,,,,,,,,,,,,,,,3.329190492630005,False
1737650294.3601727,2025-01-23 17:38:14,OTHER,PAUSE,,,,,,,,,,,,,,,,,,,,,,,,,,,,,,,,,,,,,,,3.346191644668579,False
1737650294.3751733,2025-01-23 17:38:14,OTHER,PAUSE,,,,,,,,,,,,,,,,,,,,,,,,,,,,,,,,,,,,,,,3.361192226409912,False
1737650294.3881743,2025-01-23 17:38:14,OTHER,PAUSE,,,,,,,,,,,,,,,,,,,,,,,,,,,,,,,,,,,,,,,3.3741931915283203,False
1737650294.403175,2025-01-23 17:38:14,OTHER,PAUSE,,,,,,,,,,,,,,,,,,,,,,,,,,,,,,,,,,,,,,,3.3891940116882324,False
1737650294.418176,2025-01-23 17:38:14,OTHER,PAUSE,,,,,,,,,,,,,,,,,,,,,,,,,,,,,,,,,,,,,,,3.4041948318481445,False
1737650294.4391773,2025-01-23 17:38:14,OTHER,PAUSE,,,,,,,,,,,,,,,,,,,,,,,,,,,,,,,,,,,,,,,3.4251961708068848,False
1737650294.4611783,2025-01-23 17:38:14,OTHER,PAUSE,,,,,,,,,,,,,,,,,,,,,,,,,,,,,,,,,,,,,,,3.447197198867798,False
1737650294.4821796,2025-01-23 17:38:14,OTHER,PAUSE,,,,,,,,,,,,,,,,,,,,,,,,,,,,,,,,,,,,,,,3.468198537826538,False
1737650294.5021808,2025-01-23 17:38:14,OTHER,PAUSE,,,,,,,,,,,,,,,,,,,,,,,,,,,,,,,,,,,,,,,3.4881997108459473,False
1737650294.521182,2025-01-23 17:38:14,OTHER,PAUSE,,,,,,,,,,,,,,,,,,,,,,,,,,,,,,,,,,,,,,,3.5072009563446045,False
1737650294.538183,2025-01-23 17:38:14,OTHER,PAUSE,,,,,,,,,,,,,,,,,,,,,,,,,,,,,,,,,,,,,,,3.5242018699645996,False
1737650294.5521836,2025-01-23 17:38:14,OTHER,PAUSE,,,,,,,,,,,,,,,,,,,,,,,,,,,,,,,,,,,,,,,3.5382025241851807,False
1737650294.5691845,2025-01-23 17:38:14,OTHER,PAUSE,,,,,,,,,,,,,,,,,,,,,,,,,,,,,,,,,,,,,,,3.555203437805176,False
1737650294.5831854,2025-01-23 17:38:14,OTHER,PAUSE,,,,,,,,,,,,,,,,,,,,,,,,,,,,,,,,,,,,,,,3.569204330444336,False
1737650294.5961862,2025-01-23 17:38:14,OTHER,PAUSE,,,,,,,,,,,,,,,,,,,,,,,,,,,,,,,,,,,,,,,3.582205057144165,False
1737650294.611187,2025-01-23 17:38:14,OTHER,PAUSE,,,,,,,,,,,,,,,,,,,,,,,,,,,,,,,,,,,,,,,3.597205877304077,False
1737650294.630188,2025-01-23 17:38:14,OTHER,PAUSE,,,,,,,,,,,,,,,,,,,,,,,,,,,,,,,,,,,,,,,3.6162068843841553,False
1737650294.646189,2025-01-23 17:38:14,OTHER,PAUSE,,,,,,,,,,,,,,,,,,,,,,,,,,,,,,,,,,,,,,,3.6322078704833984,False
1737650294.6621897,2025-01-23 17:38:14,OTHER,PAUSE,,,,,,,,,,,,,,,,,,,,,,,,,,,,,,,,,,,,,,,3.6482086181640625,False
1737650294.678191,2025-01-23 17:38:14,OTHER,PAUSE,,,,,,,,,,,,,,,,,,,,,,,,,,,,,,,,,,,,,,,3.6642098426818848,False
1737650294.6921916,2025-01-23 17:38:14,OTHER,PAUSE,,,,,,,,,,,,,,,,,,,,,,,,,,,,,,,,,,,,,,,3.678210496902466,False
1737650294.7081926,2025-01-23 17:38:14,OTHER,PAUSE,,,,,,,,,,,,,,,,,,,,,,,,,,,,,,,,,,,,,,,3.694211483001709,False
1737650294.7281938,2025-01-23 17:38:14,OTHER,PAUSE,,,,,,,,,,,,,,,,,,,,,,,,,,,,,,,,,,,,,,,3.714212656021118,False
1737650294.7431946,2025-01-23 17:38:14,OTHER,PAUSE,,,,,,,,,,,,,,,,,,,,,,,,,,,,,,,,,,,,,,,3.7292134761810303,False
1737650294.7651958,2025-01-23 17:38:14,OTHER,PAUSE,,,,,,,,,,,,,,,,,,,,,,,,,,,,,,,,,,,,,,,3.7512147426605225,False
1737650294.7821968,2025-01-23 17:38:14,OTHER,PAUSE,,,,,,,,,,,,,,,,,,,,,,,,,,,,,,,,,,,,,,,3.7682156562805176,False
1737650294.7961977,2025-01-23 17:38:14,OTHER,PAUSE,,,,,,,,,,,,,,,,,,,,,,,,,,,,,,,,,,,,,,,3.7822165489196777,False
1737650294.8101985,2025-01-23 17:38:14,OTHER,PAUSE,,,,,,,,,,,,,,,,,,,,,,,,,,,,,,,,,,,,,,,3.796217441558838,False
1737650294.8261993,2025-01-23 17:38:14,OTHER,PAUSE,,,,,,,,,,,,,,,,,,,,,,,,,,,,,,,,,,,,,,,3.812218189239502,False
1737650294.8402002,2025-01-23 17:38:14,OTHER,PAUSE,,,,,,,,,,,,,,,,,,,,,,,,,,,,,,,,,,,,,,,3.826219081878662,False
1737650294.8542008,2025-01-23 17:38:14,OTHER,PAUSE,,,,,,,,,,,,,,,,,,,,,,,,,,,,,,,,,,,,,,,3.840219736099243,False
1737650294.8702018,2025-01-23 17:38:14,OTHER,PAUSE,,,,,,,,,,,,,,,,,,,,,,,,,,,,,,,,,,,,,,,3.8562207221984863,False
1737650294.890203,2025-01-23 17:38:14,OTHER,PAUSE,,,,,,,,,,,,,,,,,,,,,,,,,,,,,,,,,,,,,,,3.8762218952178955,False
1737650294.904204,2025-01-23 17:38:14,OTHER,PAUSE,,,,,,,,,,,,,,,,,,,,,,,,,,,,,,,,,,,,,,,3.8902227878570557,False
1737650294.923205,2025-01-23 17:38:14,OTHER,PAUSE,,,,,,,,,,,,,,,,,,,,,,,,,,,,,,,,,,,,,,,3.909223794937134,False
1737650294.9382057,2025-01-23 17:38:14,OTHER,PAUSE,,,,,,,,,,,,,,,,,,,,,,,,,,,,,,,,,,,,,,,3.924224615097046,False
1737650294.9552066,2025-01-23 17:38:14,OTHER,PAUSE,,,,,,,,,,,,,,,,,,,,,,,,,,,,,,,,,,,,,,,3.941225528717041,False
1737650294.9752076,2025-01-23 17:38:14,OTHER,PAUSE,,,,,,,,,,,,,,,,,,,,,,,,,,,,,,,,,,,,,,,3.961226463317871,False
1737650294.9912088,2025-01-23 17:38:14,OTHER,PAUSE,,,,,,,,,,,,,,,,,,,,,,,,,,,,,,,,,,,,,,,3.9772276878356934,False
1737650295.01121,2025-01-23 17:38:15,OTHER,PAUSE,,,,,,,,,,,,,,,,,,,,,,,,,,,,,,,,,,,,,,,3.9972288608551025,False
1737650295.030211,2025-01-23 17:38:15,OTHER,PAUSE,,,,,,,,,,,,,,,,,,,,,,,,,,,,,,,,,,,,,,,4.016229867935181,False
1737650295.0452118,2025-01-23 17:38:15,OTHER,PAUSE,,,,,,,,,,,,,,,,,,,,,,,,,,,,,,,,,,,,,,,4.031230688095093,False
1737650295.064213,2025-01-23 17:38:15,OTHER,PAUSE,,,,,,,,,,,,,,,,,,,,,,,,,,,,,,,,,,,,,,,4.05023193359375,False
1737650295.0772138,2025-01-23 17:38:15,OTHER,PAUSE,,,,,,,,,,,,,,,,,,,,,,,,,,,,,,,,,,,,,,,4.063232660293579,False
1737650295.0912147,2025-01-23 17:38:15,OTHER,PAUSE,,,,,,,,,,,,,,,,,,,,,,,,,,,,,,,,,,,,,,,4.077233552932739,False
1737650295.1032152,2025-01-23 17:38:15,OTHER,PAUSE,,,,,,,,,,,,,,,,,,,,,,,,,,,,,,,,,,,,,,,4.089234113693237,False
1737650295.117216,2025-01-23 17:38:15,OTHER,PAUSE,,,,,,,,,,,,,,,,,,,,,,,,,,,,,,,,,,,,,,,4.1032350063323975,False
1737650295.1302166,2025-01-23 17:38:15,OTHER,PAUSE,,,,,,,,,,,,,,,,,,,,,,,,,,,,,,,,,,,,,,,4.1162354946136475,False
1737650295.1432173,2025-01-23 17:38:15,OTHER,PAUSE,,,,,,,,,,,,,,,,,,,,,,,,,,,,,,,,,,,,,,,4.129236221313477,False
1737650295.156218,2025-01-23 17:38:15,OTHER,PAUSE,,,,,,,,,,,,,,,,,,,,,,,,,,,,,,,,,,,,,,,4.142236948013306,False
1737650295.170219,2025-01-23 17:38:15,OTHER,PAUSE,,,,,,,,,,,,,,,,,,,,,,,,,,,,,,,,,,,,,,,4.156237840652466,False
1737650295.1832197,2025-01-23 17:38:15,OTHER,PAUSE,,,,,,,,,,,,,,,,,,,,,,,,,,,,,,,,,,,,,,,4.169238567352295,False
1737650295.1972206,2025-01-23 17:38:15,OTHER,PAUSE,,,,,,,,,,,,,,,,,,,,,,,,,,,,,,,,,,,,,,,4.183239459991455,False
1737650295.2112212,2025-01-23 17:38:15,OTHER,PAUSE,,,,,,,,,,,,,,,,,,,,,,,,,,,,,,,,,,,,,,,4.197240114212036,False
1737650295.225222,2025-01-23 17:38:15,OTHER,PAUSE,,,,,,,,,,,,,,,,,,,,,,,,,,,,,,,,,,,,,,,4.211241006851196,False
1737650295.2382228,2025-01-23 17:38:15,OTHER,PAUSE,,,,,,,,,,,,,,,,,,,,,,,,,,,,,,,,,,,,,,,4.224241733551025,False
1737650295.2552238,2025-01-23 17:38:15,OTHER,PAUSE,,,,,,,,,,,,,,,,,,,,,,,,,,,,,,,,,,,,,,,4.2412426471710205,False
1737650295.274225,2025-01-23 17:38:15,OTHER,PAUSE,,,,,,,,,,,,,,,,,,,,,,,,,,,,,,,,,,,,,,,4.260243892669678,False
1737650295.290226,2025-01-23 17:38:15,OTHER,PAUSE,,,,,,,,,,,,,,,,,,,,,,,,,,,,,,,,,,,,,,,4.276244878768921,False
1737650295.3052268,2025-01-23 17:38:15,OTHER,PAUSE,,,,,,,,,,,,,,,,,,,,,,,,,,,,,,,,,,,,,,,4.291245698928833,False
1737650295.3182275,2025-01-23 17:38:15,OTHER,PAUSE,,,,,,,,,,,,,,,,,,,,,,,,,,,,,,,,,,,,,,,4.304246425628662,False
1737650295.3312283,2025-01-23 17:38:15,OTHER,PAUSE,,,,,,,,,,,,,,,,,,,,,,,,,,,,,,,,,,,,,,,4.317247152328491,False
1737650295.3452291,2025-01-23 17:38:15,OTHER,PAUSE,,,,,,,,,,,,,,,,,,,,,,,,,,,,,,,,,,,,,,,4.331248044967651,False
1737650295.3582299,2025-01-23 17:38:15,OTHER,PAUSE,,,,,,,,,,,,,,,,,,,,,,,,,,,,,,,,,,,,,,,4.3442487716674805,False
1737650295.3722303,2025-01-23 17:38:15,OTHER,PAUSE,,,,,,,,,,,,,,,,,,,,,,,,,,,,,,,,,,,,,,,4.358249187469482,False
1737650295.3862312,2025-01-23 17:38:15,OTHER,PAUSE,,,,,,,,,,,,,,,,,,,,,,,,,,,,,,,,,,,,,,,4.372250080108643,False
1737650295.400232,2025-01-23 17:38:15,OTHER,PAUSE,,,,,,,,,,,,,,,,,,,,,,,,,,,,,,,,,,,,,,,4.386250972747803,False
1737650295.4152331,2025-01-23 17:38:15,OTHER,PAUSE,,,,,,,,,,,,,,,,,,,,,,,,,,,,,,,,,,,,,,,4.401252031326294,False
1737650295.429234,2025-01-23 17:38:15,OTHER,PAUSE,,,,,,,,,,,,,,,,,,,,,,,,,,,,,,,,,,,,,,,4.415252923965454,False
1737650295.4442348,2025-01-23 17:38:15,OTHER,PAUSE,,,,,,,,,,,,,,,,,,,,,,,,,,,,,,,,,,,,,,,4.430253744125366,False
1737650295.4582355,2025-01-23 17:38:15,OTHER,PAUSE,,,,,,,,,,,,,,,,,,,,,,,,,,,,,,,,,,,,,,,4.444254398345947,False
1737650295.4722364,2025-01-23 17:38:15,OTHER,PAUSE,,,,,,,,,,,,,,,,,,,,,,,,,,,,,,,,,,,,,,,4.458255290985107,False
1737650295.4862373,2025-01-23 17:38:15,OTHER,PAUSE,,,,,,,,,,,,,,,,,,,,,,,,,,,,,,,,,,,,,,,4.472256183624268,False
1737650295.4992378,2025-01-23 17:38:15,OTHER,PAUSE,,,,,,,,,,,,,,,,,,,,,,,,,,,,,,,,,,,,,,,4.485256671905518,False
1737650295.5132384,2025-01-23 17:38:15,OTHER,PAUSE,,,,,,,,,,,,,,,,,,,,,,,,,,,,,,,,,,,,,,,4.499257326126099,False
1737650295.5272393,2025-01-23 17:38:15,OTHER,PAUSE,,,,,,,,,,,,,,,,,,,,,,,,,,,,,,,,,,,,,,,4.513258218765259,False
1737650295.5412402,2025-01-23 17:38:15,OTHER,PAUSE,,,,,,,,,,,,,,,,,,,,,,,,,,,,,,,,,,,,,,,4.527259111404419,False
1737650295.5552409,2025-01-23 17:38:15,OTHER,PAUSE,,,,,,,,,,,,,,,,,,,,,,,,,,,,,,,,,,,,,,,4.541259765625,False
1737650295.5692418,2025-01-23 17:38:15,OTHER,PAUSE,,,,,,,,,,,,,,,,,,,,,,,,,,,,,,,,,,,,,,,4.55526065826416,False
1737650295.5842426,2025-01-23 17:38:15,OTHER,PAUSE,,,,,,,,,,,,,,,,,,,,,,,,,,,,,,,,,,,,,,,4.570261478424072,False
1737650295.5992434,2025-01-23 17:38:15,OTHER,PAUSE,,,,,,,,,,,,,,,,,,,,,,,,,,,,,,,,,,,,,,,4.585262298583984,False
1737650295.6142445,2025-01-23 17:38:15,OTHER,PAUSE,,,,,,,,,,,,,,,,,,,,,,,,,,,,,,,,,,,,,,,4.600263357162476,False
1737650295.6292453,2025-01-23 17:38:15,OTHER,PAUSE,,,,,,,,,,,,,,,,,,,,,,,,,,,,,,,,,,,,,,,4.615264177322388,False
1737650295.6432462,2025-01-23 17:38:15,OTHER,PAUSE,,,,,,,,,,,,,,,,,,,,,,,,,,,,,,,,,,,,,,,4.629265069961548,False
1737650295.6572468,2025-01-23 17:38:15,OTHER,PAUSE,,,,,,,,,,,,,,,,,,,,,,,,,,,,,,,,,,,,,,,4.643265724182129,False
1737650295.6712477,2025-01-23 17:38:15,OTHER,PAUSE,,,,,,,,,,,,,,,,,,,,,,,,,,,,,,,,,,,,,,,4.657266616821289,False
1737650295.6862485,2025-01-23 17:38:15,OTHER,PAUSE,,,,,,,,,,,,,,,,,,,,,,,,,,,,,,,,,,,,,,,4.672267436981201,False
1737650295.7002494,2025-01-23 17:38:15,OTHER,PAUSE,,,,,,,,,,,,,,,,,,,,,,,,,,,,,,,,,,,,,,,4.686268329620361,False
1737650295.71425,2025-01-23 17:38:15,OTHER,PAUSE,,,,,,,,,,,,,,,,,,,,,,,,,,,,,,,,,,,,,,,4.700268983840942,False
1737650295.728251,2025-01-23 17:38:15,OTHER,PAUSE,,,,,,,,,,,,,,,,,,,,,,,,,,,,,,,,,,,,,,,4.7142698764801025,False
1737650295.7422519,2025-01-23 17:38:15,OTHER,PAUSE,,,,,,,,,,,,,,,,,,,,,,,,,,,,,,,,,,,,,,,4.728270769119263,False
1737650295.7562525,2025-01-23 17:38:15,OTHER,PAUSE,,,,,,,,,,,,,,,,,,,,,,,,,,,,,,,,,,,,,,,4.742271423339844,False
1737650295.7702534,2025-01-23 17:38:15,OTHER,PAUSE,,,,,,,,,,,,,,,,,,,,,,,,,,,,,,,,,,,,,,,4.756272315979004,False
1737650295.783254,2025-01-23 17:38:15,OTHER,PAUSE,,,,,,,,,,,,,,,,,,,,,,,,,,,,,,,,,,,,,,,4.769272804260254,False
1737650295.7972548,2025-01-23 17:38:15,OTHER,PAUSE,,,,,,,,,,,,,,,,,,,,,,,,,,,,,,,,,,,,,,,4.783273696899414,False
1737650295.8112555,2025-01-23 17:38:15,OTHER,PAUSE,,,,,,,,,,,,,,,,,,,,,,,,,,,,,,,,,,,,,,,4.797274351119995,False
1737650295.8252563,2025-01-23 17:38:15,OTHER,PAUSE,,,,,,,,,,,,,,,,,,,,,,,,,,,,,,,,,,,,,,,4.811275243759155,False
1737650295.838257,2025-01-23 17:38:15,OTHER,PAUSE,,,,,,,,,,,,,,,,,,,,,,,,,,,,,,,,,,,,,,,4.824275970458984,False
1737650295.853258,2025-01-23 17:38:15,OTHER,PAUSE,,,,,,,,,,,,,,,,,,,,,,,,,,,,,,,,,,,,,,,4.8392767906188965,False
1737650295.8672588,2025-01-23 17:38:15,OTHER,PAUSE,,,,,,,,,,,,,,,,,,,,,,,,,,,,,,,,,,,,,,,4.853277683258057,False
1737650295.8812597,2025-01-23 17:38:15,OTHER,PAUSE,,,,,,,,,,,,,,,,,,,,,,,,,,,,,,,,,,,,,,,4.867278575897217,False
1737650295.8942604,2025-01-23 17:38:15,OTHER,PAUSE,,,,,,,,,,,,,,,,,,,,,,,,,,,,,,,,,,,,,,,4.880279302597046,False
1737650295.908261,2025-01-23 17:38:15,OTHER,PAUSE,,,,,,,,,,,,,,,,,,,,,,,,,,,,,,,,,,,,,,,4.894279956817627,False
1737650295.922262,2025-01-23 17:38:15,OTHER,PAUSE,,,,,,,,,,,,,,,,,,,,,,,,,,,,,,,,,,,,,,,4.908280849456787,False
1737650295.9362628,2025-01-23 17:38:15,OTHER,PAUSE,,,,,,,,,,,,,,,,,,,,,,,,,,,,,,,,,,,,,,,4.922281742095947,False
1737650295.9512637,2025-01-23 17:38:15,OTHER,PAUSE,,,,,,,,,,,,,,,,,,,,,,,,,,,,,,,,,,,,,,,4.937282562255859,False
1737650295.9652643,2025-01-23 17:38:15,OTHER,PAUSE,,,,,,,,,,,,,,,,,,,,,,,,,,,,,,,,,,,,,,,4.95128321647644,False
1737650295.9792652,2025-01-23 17:38:15,OTHER,PAUSE,,,,,,,,,,,,,,,,,,,,,,,,,,,,,,,,,,,,,,,4.965284109115601,False
1737650295.993266,2025-01-23 17:38:15,OTHER,PAUSE,,,,,,,,,,,,,,,,,,,,,,,,,,,,,,,,,,,,,,,4.979285001754761,False
1737650296.0072668,2025-01-23 17:38:16,OTHER,PAUSE,,,,,,,,,,,,,,,,,,,,,,,,,,,,,,,,,,,,,,,4.993285655975342,False
1737650296.0212677,2025-01-23 17:38:16,OTHER,PAUSE,,,,,,,,,,,,,,,,,,,,,,,,,,,,,,,,,,,,,,,5.007286548614502,False
1737650296.0362685,2025-01-23 17:38:16,OTHER,PAUSE,,,,,,,,,,,,,,,,,,,,,,,,,,,,,,,,,,,,,,,5.022287368774414,False
1737650296.0502691,2025-01-23 17:38:16,OTHER,PAUSE,,,,,,,,,,,,,,,,,,,,,,,,,,,,,,,,,,,,,,,5.036288022994995,False
1737650296.0652702,2025-01-23 17:38:16,OTHER,PAUSE,,,,,,,,,,,,,,,,,,,,,,,,,,,,,,,,,,,,,,,5.051289081573486,False
1737650296.0792708,2025-01-23 17:38:16,OTHER,PAUSE,,,,,,,,,,,,,,,,,,,,,,,,,,,,,,,,,,,,,,,5.065289735794067,False
1737650296.0942717,2025-01-23 17:38:16,OTHER,PAUSE,,,,,,,,,,,,,,,,,,,,,,,,,,,,,,,,,,,,,,,5.0802905559539795,False
1737650296.1082726,2025-01-23 17:38:16,OTHER,PAUSE,,,,,,,,,,,,,,,,,,,,,,,,,,,,,,,,,,,,,,,5.09429144859314,False
1737650296.1232734,2025-01-23 17:38:16,OTHER,PAUSE,,,,,,,,,,,,,,,,,,,,,,,,,,,,,,,,,,,,,,,5.109292268753052,False
1737650296.1382742,2025-01-23 17:38:16,OTHER,PAUSE,,,,,,,,,,,,,,,,,,,,,,,,,,,,,,,,,,,,,,,5.124293088912964,False
1737650296.1542754,2025-01-23 17:38:16,OTHER,PAUSE,,,,,,,,,,,,,,,,,,,,,,,,,,,,,,,,,,,,,,,5.140294313430786,False
1737650296.1692762,2025-01-23 17:38:16,OTHER,PAUSE,,,,,,,,,,,,,,,,,,,,,,,,,,,,,,,,,,,,,,,5.155295133590698,False
1737650296.184277,2025-01-23 17:38:16,OTHER,PAUSE,,,,,,,,,,,,,,,,,,,,,,,,,,,,,,,,,,,,,,,5.17029595375061,False
1737650296.1992779,2025-01-23 17:38:16,OTHER,PAUSE,,,,,,,,,,,,,,,,,,,,,,,,,,,,,,,,,,,,,,,5.1852967739105225,False
1737650296.2132788,2025-01-23 17:38:16,OTHER,PAUSE,,,,,,,,,,,,,,,,,,,,,,,,,,,,,,,,,,,,,,,5.199297666549683,False
1737650296.2282796,2025-01-23 17:38:16,OTHER,PAUSE,,,,,,,,,,,,,,,,,,,,,,,,,,,,,,,,,,,,,,,5.214298486709595,False
1737650296.2482805,2025-01-23 17:38:16,OTHER,PAUSE,,,,,,,,,,,,,,,,,,,,,,,,,,,,,,,,,,,,,,,5.234299421310425,False
1737650296.2662818,2025-01-23 17:38:16,OTHER,PAUSE,,,,,,,,,,,,,,,,,,,,,,,,,,,,,,,,,,,,,,,5.25230073928833,False
1737650296.2802827,2025-01-23 17:38:16,OTHER,PAUSE,,,,,,,,,,,,,,,,,,,,,,,,,,,,,,,,,,,,,,,5.26630163192749,False
1737650296.2962835,2025-01-23 17:38:16,OTHER,PAUSE,,,,,,,,,,,,,,,,,,,,,,,,,,,,,,,,,,,,,,,5.282302379608154,False
1737650296.3162844,2025-01-23 17:38:16,OTHER,PAUSE,,,,,,,,,,,,,,,,,,,,,,,,,,,,,,,,,,,,,,,5.302303314208984,False
1737650296.3312855,2025-01-23 17:38:16,OTHER,PAUSE,,,,,,,,,,,,,,,,,,,,,,,,,,,,,,,,,,,,,,,5.317304372787476,False
1737650296.3462863,2025-01-23 17:38:16,OTHER,PAUSE,,,,,,,,,,,,,,,,,,,,,,,,,,,,,,,,,,,,,,,5.332305192947388,False
1737650296.360287,2025-01-23 17:38:16,OTHER,PAUSE,,,,,,,,,,,,,,,,,,,,,,,,,,,,,,,,,,,,,,,5.346305847167969,False
1737650296.3752878,2025-01-23 17:38:16,OTHER,PAUSE,,,,,,,,,,,,,,,,,,,,,,,,,,,,,,,,,,,,,,,5.361306667327881,False
1737650296.3902888,2025-01-23 17:38:16,OTHER,PAUSE,,,,,,,,,,,,,,,,,,,,,,,,,,,,,,,,,,,,,,,5.376307725906372,False
1737650296.4052894,2025-01-23 17:38:16,OTHER,PAUSE,,,,,,,,,,,,,,,,,,,,,,,,,,,,,,,,,,,,,,,5.391308307647705,False
1737650296.4202905,2025-01-23 17:38:16,OTHER,PAUSE,,,,,,,,,,,,,,,,,,,,,,,,,,,,,,,,,,,,,,,5.406309366226196,False
1737650296.4342911,2025-01-23 17:38:16,OTHER,PAUSE,,,,,,,,,,,,,,,,,,,,,,,,,,,,,,,,,,,,,,,5.420310020446777,False
1737650296.450292,2025-01-23 17:38:16,OTHER,PAUSE,,,,,,,,,,,,,,,,,,,,,,,,,,,,,,,,,,,,,,,5.4363110065460205,False
1737650296.464293,2025-01-23 17:38:16,OTHER,PAUSE,,,,,,,,,,,,,,,,,,,,,,,,,,,,,,,,,,,,,,,5.450311899185181,False
1737650296.480294,2025-01-23 17:38:16,OTHER,PAUSE,,,,,,,,,,,,,,,,,,,,,,,,,,,,,,,,,,,,,,,5.466312885284424,False
1737650296.4952948,2025-01-23 17:38:16,OTHER,PAUSE,,,,,,,,,,,,,,,,,,,,,,,,,,,,,,,,,,,,,,,5.481313705444336,False
1737650296.5092957,2025-01-23 17:38:16,OTHER,PAUSE,,,,,,,,,,,,,,,,,,,,,,,,,,,,,,,,,,,,,,,5.495314598083496,False
1737650296.5242965,2025-01-23 17:38:16,OTHER,PAUSE,,,,,,,,,,,,,,,,,,,,,,,,,,,,,,,,,,,,,,,5.510315418243408,False
1737650296.5392973,2025-01-23 17:38:16,OTHER,PAUSE,,,,,,,,,,,,,,,,,,,,,,,,,,,,,,,,,,,,,,,5.52531623840332,False
1737650296.5542982,2025-01-23 17:38:16,OTHER,PAUSE,,,,,,,,,,,,,,,,,,,,,,,,,,,,,,,,,,,,,,,5.540317058563232,False
1737650296.569299,2025-01-23 17:38:16,OTHER,PAUSE,,,,,,,,,,,,,,,,,,,,,,,,,,,,,,,,,,,,,,,5.5553178787231445,False
1737650296.5842998,2025-01-23 17:38:16,OTHER,PAUSE,,,,,,,,,,,,,,,,,,,,,,,,,,,,,,,,,,,,,,,5.570318698883057,False
1737650296.5993006,2025-01-23 17:38:16,OTHER,PAUSE,,,,,,,,,,,,,,,,,,,,,,,,,,,,,,,,,,,,,,,5.585319519042969,False
1737650296.6143017,2025-01-23 17:38:16,OTHER,PAUSE,,,,,,,,,,,,,,,,,,,,,,,,,,,,,,,,,,,,,,,5.60032057762146,False
1737650296.6293023,2025-01-23 17:38:16,OTHER,PAUSE,,,,,,,,,,,,,,,,,,,,,,,,,,,,,,,,,,,,,,,5.615321159362793,False
1737650296.6443033,2025-01-23 17:38:16,OTHER,PAUSE,,,,,,,,,,,,,,,,,,,,,,,,,,,,,,,,,,,,,,,5.630322217941284,False
1737650296.660304,2025-01-23 17:38:16,OTHER,PAUSE,,,,,,,,,,,,,,,,,,,,,,,,,,,,,,,,,,,,,,,5.646322965621948,False
1737650296.677305,2025-01-23 17:38:16,OTHER,PAUSE,,,,,,,,,,,,,,,,,,,,,,,,,,,,,,,,,,,,,,,5.663323879241943,False
1737650296.6933062,2025-01-23 17:38:16,OTHER,PAUSE,,,,,,,,,,,,,,,,,,,,,,,,,,,,,,,,,,,,,,,5.679325103759766,False
1737650296.709307,2025-01-23 17:38:16,OTHER,PAUSE,,,,,,,,,,,,,,,,,,,,,,,,,,,,,,,,,,,,,,,5.69532585144043,False
1737650296.725308,2025-01-23 17:38:16,OTHER,PAUSE,,,,,,,,,,,,,,,,,,,,,,,,,,,,,,,,,,,,,,,5.711326837539673,False
1737650296.741309,2025-01-23 17:38:16,OTHER,PAUSE,,,,,,,,,,,,,,,,,,,,,,,,,,,,,,,,,,,,,,,5.727327823638916,False
1737650296.7563097,2025-01-23 17:38:16,OTHER,PAUSE,,,,,,,,,,,,,,,,,,,,,,,,,,,,,,,,,,,,,,,5.742328643798828,False
1737650296.7713106,2025-01-23 17:38:16,OTHER,PAUSE,,,,,,,,,,,,,,,,,,,,,,,,,,,,,,,,,,,,,,,5.75732946395874,False
1737650296.7863114,2025-01-23 17:38:16,OTHER,PAUSE,,,,,,,,,,,,,,,,,,,,,,,,,,,,,,,,,,,,,,,5.772330284118652,False
1737650296.8013122,2025-01-23 17:38:16,OTHER,PAUSE,,,,,,,,,,,,,,,,,,,,,,,,,,,,,,,,,,,,,,,5.7873311042785645,False
1737650296.816313,2025-01-23 17:38:16,OTHER,PAUSE,,,,,,,,,,,,,,,,,,,,,,,,,,,,,,,,,,,,,,,5.802331924438477,False
1737650296.8313138,2025-01-23 17:38:16,OTHER,PAUSE,,,,,,,,,,,,,,,,,,,,,,,,,,,,,,,,,,,,,,,5.817332744598389,False
1737650296.846315,2025-01-23 17:38:16,OTHER,PAUSE,,,,,,,,,,,,,,,,,,,,,,,,,,,,,,,,,,,,,,,5.83233380317688,False
1737650296.862316,2025-01-23 17:38:16,OTHER,PAUSE,,,,,,,,,,,,,,,,,,,,,,,,,,,,,,,,,,,,,,,5.848334789276123,False
1737650296.8773167,2025-01-23 17:38:16,OTHER,PAUSE,,,,,,,,,,,,,,,,,,,,,,,,,,,,,,,,,,,,,,,5.863335609436035,False
1737650296.8923175,2025-01-23 17:38:16,OTHER,PAUSE,,,,,,,,,,,,,,,,,,,,,,,,,,,,,,,,,,,,,,,5.878336429595947,False
1737650296.9073184,2025-01-23 17:38:16,OTHER,PAUSE,,,,,,,,,,,,,,,,,,,,,,,,,,,,,,,,,,,,,,,5.893337249755859,False
1737650296.9223192,2025-01-23 17:38:16,OTHER,PAUSE,,,,,,,,,,,,,,,,,,,,,,,,,,,,,,,,,,,,,,,5.9083380699157715,False
1737650296.9383202,2025-01-23 17:38:16,OTHER,PAUSE,,,,,,,,,,,,,,,,,,,,,,,,,,,,,,,,,,,,,,,5.924339056015015,False
1737650296.954321,2025-01-23 17:38:16,OTHER,PAUSE,,,,,,,,,,,,,,,,,,,,,,,,,,,,,,,,,,,,,,,5.940339803695679,False
1737650296.969322,2025-01-23 17:38:16,OTHER,PAUSE,,,,,,,,,,,,,,,,,,,,,,,,,,,,,,,,,,,,,,,5.95534086227417,False
1737650296.9843228,2025-01-23 17:38:16,OTHER,PAUSE,,,,,,,,,,,,,,,,,,,,,,,,,,,,,,,,,,,,,,,5.970341682434082,False
1737650296.9993236,2025-01-23 17:38:16,OTHER,PAUSE,,,,,,,,,,,,,,,,,,,,,,,,,,,,,,,,,,,,,,,5.985342502593994,False
1737650297.0153244,2025-01-23 17:38:17,OTHER,PAUSE,,,,,,,,,,,,,,,,,,,,,,,,,,,,,,,,,,,,,,,6.001343250274658,False
1737650297.0303254,2025-01-23 17:38:17,OTHER,PAUSE,,,,,,,,,,,,,,,,,,,,,,,,,,,,,,,,,,,,,,,6.016344308853149,False
1737650297.0463262,2025-01-23 17:38:17,OTHER,PAUSE,,,,,,,,,,,,,,,,,,,,,,,,,,,,,,,,,,,,,,,6.0323450565338135,False
1737650297.0613272,2025-01-23 17:38:17,OTHER,PAUSE,,,,,,,,,,,,,,,,,,,,,,,,,,,,,,,,,,,,,,,6.047346115112305,False
1737650297.076328,2025-01-23 17:38:17,OTHER,PAUSE,,,,,,,,,,,,,,,,,,,,,,,,,,,,,,,,,,,,,,,6.062346935272217,False
1737650297.091329,2025-01-23 17:38:17,OTHER,PAUSE,,,,,,,,,,,,,,,,,,,,,,,,,,,,,,,,,,,,,,,6.077347993850708,False
1737650297.1073298,2025-01-23 17:38:17,OTHER,PAUSE,,,,,,,,,,,,,,,,,,,,,,,,,,,,,,,,,,,,,,,6.093348741531372,False
1737650297.1223307,2025-01-23 17:38:17,OTHER,PAUSE,,,,,,,,,,,,,,,,,,,,,,,,,,,,,,,,,,,,,,,6.108349561691284,False
1737650297.1383317,2025-01-23 17:38:17,OTHER,PAUSE,,,,,,,,,,,,,,,,,,,,,,,,,,,,,,,,,,,,,,,6.124350547790527,False
1737650297.1543324,2025-01-23 17:38:17,OTHER,PAUSE,,,,,,,,,,,,,,,,,,,,,,,,,,,,,,,,,,,,,,,6.140351295471191,False
1737650297.1693332,2025-01-23 17:38:17,OTHER,PAUSE,,,,,,,,,,,,,,,,,,,,,,,,,,,,,,,,,,,,,,,6.1553521156311035,False
1737650297.184334,2025-01-23 17:38:17,OTHER,PAUSE,,,,,,,,,,,,,,,,,,,,,,,,,,,,,,,,,,,,,,,6.170352935791016,False
1737650297.200335,2025-01-23 17:38:17,OTHER,PAUSE,,,,,,,,,,,,,,,,,,,,,,,,,,,,,,,,,,,,,,,6.186353921890259,False
1737650297.2173362,2025-01-23 17:38:17,OTHER,PAUSE,,,,,,,,,,,,,,,,,,,,,,,,,,,,,,,,,,,,,,,6.203355073928833,False
1737650297.234337,2025-01-23 17:38:17,OTHER,PAUSE,,,,,,,,,,,,,,,,,,,,,,,,,,,,,,,,,,,,,,,6.220355987548828,False
1737650297.2573383,2025-01-23 17:38:17,OTHER,PAUSE,,,,,,,,,,,,,,,,,,,,,,,,,,,,,,,,,,,,,,,6.243357181549072,False
1737650297.2743394,2025-01-23 17:38:17,OTHER,PAUSE,,,,,,,,,,,,,,,,,,,,,,,,,,,,,,,,,,,,,,,6.2603583335876465,False
1737650297.2933404,2025-01-23 17:38:17,OTHER,PAUSE,,,,,,,,,,,,,,,,,,,,,,,,,,,,,,,,,,,,,,,6.279359340667725,False
1737650297.3113413,2025-01-23 17:38:17,OTHER,PAUSE,,,,,,,,,,,,,,,,,,,,,,,,,,,,,,,,,,,,,,,6.297360181808472,False
1737650297.3293424,2025-01-23 17:38:17,OTHER,PAUSE,,,,,,,,,,,,,,,,,,,,,,,,,,,,,,,,,,,,,,,6.315361261367798,False
1737650297.3513436,2025-01-23 17:38:17,OTHER,PAUSE,,,,,,,,,,,,,,,,,,,,,,,,,,,,,,,,,,,,,,,6.33736252784729,False
1737650297.3743453,2025-01-23 17:38:17,OTHER,PAUSE,,,,,,,,,,,,,,,,,,,,,,,,,,,,,,,,,,,,,,,6.360364198684692,False
1737650297.390346,2025-01-23 17:38:17,OTHER,PAUSE,,,,,,,,,,,,,,,,,,,,,,,,,,,,,,,,,,,,,,,6.3763649463653564,False
1737650297.406347,2025-01-23 17:38:17,OTHER,PAUSE,,,,,,,,,,,,,,,,,,,,,,,,,,,,,,,,,,,,,,,6.3923659324646,False
1737650297.4223478,2025-01-23 17:38:17,OTHER,PAUSE,,,,,,,,,,,,,,,,,,,,,,,,,,,,,,,,,,,,,,,6.408366680145264,False
1737650297.4383488,2025-01-23 17:38:17,OTHER,PAUSE,,,,,,,,,,,,,,,,,,,,,,,,,,,,,,,,,,,,,,,6.424367666244507,False
1737650297.4533496,2025-01-23 17:38:17,OTHER,PAUSE,,,,,,,,,,,,,,,,,,,,,,,,,,,,,,,,,,,,,,,6.439368486404419,False
1737650297.4693503,2025-01-23 17:38:17,OTHER,PAUSE,,,,,,,,,,,,,,,,,,,,,,,,,,,,,,,,,,,,,,,6.455369234085083,False
1737650297.4863517,2025-01-23 17:38:17,OTHER,PAUSE,,,,,,,,,,,,,,,,,,,,,,,,,,,,,,,,,,,,,,,6.472370624542236,False
1737650297.5023525,2025-01-23 17:38:17,OTHER,PAUSE,,,,,,,,,,,,,,,,,,,,,,,,,,,,,,,,,,,,,,,6.4883713722229,False
1737650297.5173533,2025-01-23 17:38:17,OTHER,PAUSE,,,,,,,,,,,,,,,,,,,,,,,,,,,,,,,,,,,,,,,6.5033721923828125,False
1737650297.5343542,2025-01-23 17:38:17,OTHER,PAUSE,,,,,,,,,,,,,,,,,,,,,,,,,,,,,,,,,,,,,,,6.520373106002808,False
1737650297.549355,2025-01-23 17:38:17,OTHER,PAUSE,,,,,,,,,,,,,,,,,,,,,,,,,,,,,,,,,,,,,,,6.53537392616272,False
1737650297.565356,2025-01-23 17:38:17,OTHER,PAUSE,,,,,,,,,,,,,,,,,,,,,,,,,,,,,,,,,,,,,,,6.551374912261963,False
1737650297.5813568,2025-01-23 17:38:17,OTHER,PAUSE,,,,,,,,,,,,,,,,,,,,,,,,,,,,,,,,,,,,,,,6.567375659942627,False
1737650297.5973577,2025-01-23 17:38:17,OTHER,PAUSE,,,,,,,,,,,,,,,,,,,,,,,,,,,,,,,,,,,,,,,6.58337664604187,False
1737650297.6153588,2025-01-23 17:38:17,OTHER,PAUSE,,,,,,,,,,,,,,,,,,,,,,,,,,,,,,,,,,,,,,,6.601377725601196,False
1737650297.6313598,2025-01-23 17:38:17,OTHER,PAUSE,,,,,,,,,,,,,,,,,,,,,,,,,,,,,,,,,,,,,,,6.6173787117004395,False
1737650297.6473608,2025-01-23 17:38:17,OTHER,PAUSE,,,,,,,,,,,,,,,,,,,,,,,,,,,,,,,,,,,,,,,6.633379697799683,False
1737650297.6633615,2025-01-23 17:38:17,OTHER,PAUSE,,,,,,,,,,,,,,,,,,,,,,,,,,,,,,,,,,,,,,,6.649380445480347,False
1737650297.6793625,2025-01-23 17:38:17,OTHER,PAUSE,,,,,,,,,,,,,,,,,,,,,,,,,,,,,,,,,,,,,,,6.66538143157959,False
1737650297.6953633,2025-01-23 17:38:17,OTHER,PAUSE,,,,,,,,,,,,,,,,,,,,,,,,,,,,,,,,,,,,,,,6.681382179260254,False
1737650297.7113643,2025-01-23 17:38:17,OTHER,PAUSE,,,,,,,,,,,,,,,,,,,,,,,,,,,,,,,,,,,,,,,6.697383165359497,False
1737650297.7283654,2025-01-23 17:38:17,OTHER,PAUSE,,,,,,,,,,,,,,,,,,,,,,,,,,,,,,,,,,,,,,,6.714384317398071,False
1737650297.7453663,2025-01-23 17:38:17,OTHER,PAUSE,,,,,,,,,,,,,,,,,,,,,,,,,,,,,,,,,,,,,,,6.731385231018066,False
1737650297.7623672,2025-01-23 17:38:17,OTHER,PAUSE,,,,,,,,,,,,,,,,,,,,,,,,,,,,,,,,,,,,,,,6.7483861446380615,False
1737650297.7793682,2025-01-23 17:38:17,OTHER,PAUSE,,,,,,,,,,,,,,,,,,,,,,,,,,,,,,,,,,,,,,,6.765387058258057,False
1737650297.797369,2025-01-23 17:38:17,OTHER,PAUSE,,,,,,,,,,,,,,,,,,,,,,,,,,,,,,,,,,,,,,,6.783387899398804,False
1737650297.8143704,2025-01-23 17:38:17,OTHER,PAUSE,,,,,,,,,,,,,,,,,,,,,,,,,,,,,,,,,,,,,,,6.800389289855957,False
1737650297.8313713,2025-01-23 17:38:17,OTHER,PAUSE,,,,,,,,,,,,,,,,,,,,,,,,,,,,,,,,,,,,,,,6.817390203475952,False
1737650297.847372,2025-01-23 17:38:17,OTHER,PAUSE,,,,,,,,,,,,,,,,,,,,,,,,,,,,,,,,,,,,,,,6.833390951156616,False
1737650297.863373,2025-01-23 17:38:17,OTHER,PAUSE,,,,,,,,,,,,,,,,,,,,,,,,,,,,,,,,,,,,,,,6.849391937255859,False
1737650297.8793738,2025-01-23 17:38:17,OTHER,PAUSE,,,,,,,,,,,,,,,,,,,,,,,,,,,,,,,,,,,,,,,6.865392684936523,False
1737650297.8963747,2025-01-23 17:38:17,OTHER,PAUSE,,,,,,,,,,,,,,,,,,,,,,,,,,,,,,,,,,,,,,,6.8823935985565186,False
1737650297.912376,2025-01-23 17:38:17,OTHER,PAUSE,,,,,,,,,,,,,,,,,,,,,,,,,,,,,,,,,,,,,,,6.898394823074341,False
1737650297.930377,2025-01-23 17:38:17,OTHER,PAUSE,,,,,,,,,,,,,,,,,,,,,,,,,,,,,,,,,,,,,,,6.916395902633667,False
1737650297.947378,2025-01-23 17:38:17,OTHER,PAUSE,,,,,,,,,,,,,,,,,,,,,,,,,,,,,,,,,,,,,,,6.933396816253662,False
1737650297.9633787,2025-01-23 17:38:17,OTHER,PAUSE,,,,,,,,,,,,,,,,,,,,,,,,,,,,,,,,,,,,,,,6.949397563934326,False
1737650297.9803796,2025-01-23 17:38:17,OTHER,PAUSE,,,,,,,,,,,,,,,,,,,,,,,,,,,,,,,,,,,,,,,6.966398477554321,False
1737650297.9973805,2025-01-23 17:38:17,OTHER,PAUSE,,,,,,,,,,,,,,,,,,,,,,,,,,,,,,,,,,,,,,,6.983399391174316,False
1737650298.014382,2025-01-23 17:38:18,OTHER,PAUSE,,,,,,,,,,,,,,,,,,,,,,,,,,,,,,,,,,,,,,,7.00040078163147,False
1737650298.0313826,2025-01-23 17:38:18,OTHER,PAUSE,,,,,,,,,,,,,,,,,,,,,,,,,,,,,,,,,,,,,,,7.017401456832886,False
1737650298.0483835,2025-01-23 17:38:18,OTHER,PAUSE,,,,,,,,,,,,,,,,,,,,,,,,,,,,,,,,,,,,,,,7.034402370452881,False
1737650298.0643845,2025-01-23 17:38:18,OTHER,PAUSE,,,,,,,,,,,,,,,,,,,,,,,,,,,,,,,,,,,,,,,7.050403356552124,False
1737650298.0813854,2025-01-23 17:38:18,OTHER,PAUSE,,,,,,,,,,,,,,,,,,,,,,,,,,,,,,,,,,,,,,,7.067404270172119,False
1737650298.0973866,2025-01-23 17:38:18,OTHER,PAUSE,,,,,,,,,,,,,,,,,,,,,,,,,,,,,,,,,,,,,,,7.083405494689941,False
1737650298.1143875,2025-01-23 17:38:18,OTHER,PAUSE,,,,,,,,,,,,,,,,,,,,,,,,,,,,,,,,,,,,,,,7.1004064083099365,False
1737650298.1303883,2025-01-23 17:38:18,OTHER,PAUSE,,,,,,,,,,,,,,,,,,,,,,,,,,,,,,,,,,,,,,,7.116407155990601,False
1737650298.1473892,2025-01-23 17:38:18,OTHER,PAUSE,,,,,,,,,,,,,,,,,,,,,,,,,,,,,,,,,,,,,,,7.133408069610596,False
1737650298.16439,2025-01-23 17:38:18,OTHER,PAUSE,,,,,,,,,,,,,,,,,,,,,,,,,,,,,,,,,,,,,,,7.150408983230591,False
1737650298.180391,2025-01-23 17:38:18,OTHER,PAUSE,,,,,,,,,,,,,,,,,,,,,,,,,,,,,,,,,,,,,,,7.166409969329834,False
1737650298.1973922,2025-01-23 17:38:18,OTHER,PAUSE,,,,,,,,,,,,,,,,,,,,,,,,,,,,,,,,,,,,,,,7.183411121368408,False
1737650298.213393,2025-01-23 17:38:18,OTHER,PAUSE,,,,,,,,,,,,,,,,,,,,,,,,,,,,,,,,,,,,,,,7.199411869049072,False
1737650298.2303941,2025-01-23 17:38:18,OTHER,PAUSE,,,,,,,,,,,,,,,,,,,,,,,,,,,,,,,,,,,,,,,7.2164130210876465,False
1737650298.2493951,2025-01-23 17:38:18,OTHER,PAUSE,,,,,,,,,,,,,,,,,,,,,,,,,,,,,,,,,,,,,,,7.235414028167725,False
1737650298.266396,2025-01-23 17:38:18,OTHER,PAUSE,,,,,,,,,,,,,,,,,,,,,,,,,,,,,,,,,,,,,,,7.25241494178772,False
1737650298.2853973,2025-01-23 17:38:18,OTHER,PAUSE,,,,,,,,,,,,,,,,,,,,,,,,,,,,,,,,,,,,,,,7.271416187286377,False
1737650298.3123987,2025-01-23 17:38:18,OTHER,PAUSE,,,,,,,,,,,,,,,,,,,,,,,,,,,,,,,,,,,,,,,7.298417568206787,False
1737650298.3293998,2025-01-23 17:38:18,OTHER,PAUSE,,,,,,,,,,,,,,,,,,,,,,,,,,,,,,,,,,,,,,,7.315418720245361,False
1737650298.3484008,2025-01-23 17:38:18,OTHER,PAUSE,,,,,,,,,,,,,,,,,,,,,,,,,,,,,,,,,,,,,,,7.3344197273254395,False
1737650298.366402,2025-01-23 17:38:18,OTHER,PAUSE,,,,,,,,,,,,,,,,,,,,,,,,,,,,,,,,,,,,,,,7.352420806884766,False
1737650298.3864028,2025-01-23 17:38:18,OTHER,PAUSE,,,,,,,,,,,,,,,,,,,,,,,,,,,,,,,,,,,,,,,7.372421741485596,False
1737650298.4034038,2025-01-23 17:38:18,OTHER,PAUSE,,,,,,,,,,,,,,,,,,,,,,,,,,,,,,,,,,,,,,,7.389422655105591,False
1737650298.420405,2025-01-23 17:38:18,OTHER,PAUSE,,,,,,,,,,,,,,,,,,,,,,,,,,,,,,,,,,,,,,,7.406423807144165,False
1737650298.437406,2025-01-23 17:38:18,OTHER,PAUSE,,,,,,,,,,,,,,,,,,,,,,,,,,,,,,,,,,,,,,,7.423424959182739,False
1737650298.454407,2025-01-23 17:38:18,OTHER,PAUSE,,,,,,,,,,,,,,,,,,,,,,,,,,,,,,,,,,,,,,,7.440425872802734,False
1737650298.471408,2025-01-23 17:38:18,OTHER,PAUSE,,,,,,,,,,,,,,,,,,,,,,,,,,,,,,,,,,,,,,,7.4574267864227295,False
1737650298.4894087,2025-01-23 17:38:18,OTHER,PAUSE,,,,,,,,,,,,,,,,,,,,,,,,,,,,,,,,,,,,,,,7.475427627563477,False
1737650298.5064096,2025-01-23 17:38:18,OTHER,PAUSE,,,,,,,,,,,,,,,,,,,,,,,,,,,,,,,,,,,,,,,7.492428541183472,False
1737650298.5234108,2025-01-23 17:38:18,OTHER,PAUSE,,,,,,,,,,,,,,,,,,,,,,,,,,,,,,,,,,,,,,,7.509429693222046,False
1737650298.5414119,2025-01-23 17:38:18,OTHER,PAUSE,,,,,,,,,,,,,,,,,,,,,,,,,,,,,,,,,,,,,,,7.527430772781372,False
1737650298.5574126,2025-01-23 17:38:18,OTHER,PAUSE,,,,,,,,,,,,,,,,,,,,,,,,,,,,,,,,,,,,,,,7.543431520462036,False
1737650298.5754137,2025-01-23 17:38:18,OTHER,PAUSE,,,,,,,,,,,,,,,,,,,,,,,,,,,,,,,,,,,,,,,7.561432600021362,False
1737650298.5924146,2025-01-23 17:38:18,OTHER,PAUSE,,,,,,,,,,,,,,,,,,,,,,,,,,,,,,,,,,,,,,,7.578433513641357,False
1737650298.6094158,2025-01-23 17:38:18,OTHER,PAUSE,,,,,,,,,,,,,,,,,,,,,,,,,,,,,,,,,,,,,,,7.595434665679932,False
1737650298.6264167,2025-01-23 17:38:18,OTHER,PAUSE,,,,,,,,,,,,,,,,,,,,,,,,,,,,,,,,,,,,,,,7.612435579299927,False
1737650298.6434176,2025-01-23 17:38:18,OTHER,PAUSE,,,,,,,,,,,,,,,,,,,,,,,,,,,,,,,,,,,,,,,7.629436492919922,False
1737650298.6604185,2025-01-23 17:38:18,OTHER,PAUSE,,,,,,,,,,,,,,,,,,,,,,,,,,,,,,,,,,,,,,,7.646437406539917,False
1737650298.6784198,2025-01-23 17:38:18,OTHER,PAUSE,,,,,,,,,,,,,,,,,,,,,,,,,,,,,,,,,,,,,,,7.664438724517822,False
1737650298.6954207,2025-01-23 17:38:18,OTHER,PAUSE,,,,,,,,,,,,,,,,,,,,,,,,,,,,,,,,,,,,,,,7.681439638137817,False
1737650298.7124217,2025-01-23 17:38:18,OTHER,PAUSE,,,,,,,,,,,,,,,,,,,,,,,,,,,,,,,,,,,,,,,7.6984405517578125,False
1737650298.7304225,2025-01-23 17:38:18,OTHER,PAUSE,,,,,,,,,,,,,,,,,,,,,,,,,,,,,,,,,,,,,,,7.71644139289856,False
1737650298.7474234,2025-01-23 17:38:18,OTHER,PAUSE,,,,,,,,,,,,,,,,,,,,,,,,,,,,,,,,,,,,,,,7.733442306518555,False
1737650298.7654247,2025-01-23 17:38:18,OTHER,PAUSE,,,,,,,,,,,,,,,,,,,,,,,,,,,,,,,,,,,,,,,7.75144362449646,False
1737650298.7824256,2025-01-23 17:38:18,OTHER,PAUSE,,,,,,,,,,,,,,,,,,,,,,,,,,,,,,,,,,,,,,,7.768444538116455,False
1737650298.8004265,2025-01-23 17:38:18,OTHER,PAUSE,,,,,,,,,,,,,,,,,,,,,,,,,,,,,,,,,,,,,,,7.786445379257202,False
1737650298.8174276,2025-01-23 17:38:18,OTHER,PAUSE,,,,,,,,,,,,,,,,,,,,,,,,,,,,,,,,,,,,,,,7.803446531295776,False
1737650298.8364289,2025-01-23 17:38:18,OTHER,PAUSE,,,,,,,,,,,,,,,,,,,,,,,,,,,,,,,,,,,,,,,7.822447776794434,False
1737650298.85743,2025-01-23 17:38:18,OTHER,PAUSE,,,,,,,,,,,,,,,,,,,,,,,,,,,,,,,,,,,,,,,7.843448877334595,False
1737650298.8754308,2025-01-23 17:38:18,OTHER,PAUSE,,,,,,,,,,,,,,,,,,,,,,,,,,,,,,,,,,,,,,,7.861449718475342,False
1737650298.894432,2025-01-23 17:38:18,OTHER,PAUSE,,,,,,,,,,,,,,,,,,,,,,,,,,,,,,,,,,,,,,,7.880450963973999,False
1737650298.911433,2025-01-23 17:38:18,OTHER,PAUSE,,,,,,,,,,,,,,,,,,,,,,,,,,,,,,,,,,,,,,,7.897451877593994,False
1737650298.928434,2025-01-23 17:38:18,OTHER,PAUSE,,,,,,,,,,,,,,,,,,,,,,,,,,,,,,,,,,,,,,,7.914452791213989,False
1737650298.946435,2025-01-23 17:38:18,OTHER,PAUSE,,,,,,,,,,,,,,,,,,,,,,,,,,,,,,,,,,,,,,,7.932453870773315,False
1737650298.963436,2025-01-23 17:38:18,OTHER,PAUSE,,,,,,,,,,,,,,,,,,,,,,,,,,,,,,,,,,,,,,,7.9494547843933105,False
1737650298.981437,2025-01-23 17:38:18,OTHER,PAUSE,,,,,,,,,,,,,,,,,,,,,,,,,,,,,,,,,,,,,,,7.967455863952637,False
1737650298.999438,2025-01-23 17:38:18,OTHER,PAUSE,,,,,,,,,,,,,,,,,,,,,,,,,,,,,,,,,,,,,,,7.985456943511963,False
1737650299.017439,2025-01-23 17:38:19,OTHER,PAUSE,,,,,,,,,,,,,,,,,,,,,,,,,,,,,,,,,,,,,,,8.00345778465271,False
1737650299.0354402,2025-01-23 17:38:19,OTHER,PAUSE,,,,,,,,,,,,,,,,,,,,,,,,,,,,,,,,,,,,,,,8.021459102630615,False
1737650299.053441,2025-01-23 17:38:19,OTHER,PAUSE,,,,,,,,,,,,,,,,,,,,,,,,,,,,,,,,,,,,,,,8.039459943771362,False
1737650299.070442,2025-01-23 17:38:19,OTHER,PAUSE,,,,,,,,,,,,,,,,,,,,,,,,,,,,,,,,,,,,,,,8.056460857391357,False
1737650299.088443,2025-01-23 17:38:19,OTHER,PAUSE,,,,,,,,,,,,,,,,,,,,,,,,,,,,,,,,,,,,,,,8.074461936950684,False
1737650299.1054442,2025-01-23 17:38:19,OTHER,PAUSE,,,,,,,,,,,,,,,,,,,,,,,,,,,,,,,,,,,,,,,8.091463088989258,False
1737650299.1244452,2025-01-23 17:38:19,OTHER,PAUSE,,,,,,,,,,,,,,,,,,,,,,,,,,,,,,,,,,,,,,,8.110464096069336,False
1737650299.142446,2025-01-23 17:38:19,OTHER,PAUSE,,,,,,,,,,,,,,,,,,,,,,,,,,,,,,,,,,,,,,,8.128464937210083,False
1737650299.1604471,2025-01-23 17:38:19,OTHER,PAUSE,,,,,,,,,,,,,,,,,,,,,,,,,,,,,,,,,,,,,,,8.14646601676941,False
1737650299.1784482,2025-01-23 17:38:19,OTHER,PAUSE,,,,,,,,,,,,,,,,,,,,,,,,,,,,,,,,,,,,,,,8.164467096328735,False
1737650299.195449,2025-01-23 17:38:19,OTHER,PAUSE,,,,,,,,,,,,,,,,,,,,,,,,,,,,,,,,,,,,,,,8.18146800994873,False
1737650299.2134502,2025-01-23 17:38:19,OTHER,PAUSE,,,,,,,,,,,,,,,,,,,,,,,,,,,,,,,,,,,,,,,8.199469089508057,False
1737650299.2314513,2025-01-23 17:38:19,OTHER,PAUSE,,,,,,,,,,,,,,,,,,,,,,,,,,,,,,,,,,,,,,,8.217470169067383,False
1737650299.2494524,2025-01-23 17:38:19,OTHER,PAUSE,,,,,,,,,,,,,,,,,,,,,,,,,,,,,,,,,,,,,,,8.235471248626709,False
1737650299.2674532,2025-01-23 17:38:19,OTHER,PAUSE,,,,,,,,,,,,,,,,,,,,,,,,,,,,,,,,,,,,,,,8.253472089767456,False
1737650299.293455,2025-01-23 17:38:19,OTHER,PAUSE,,,,,,,,,,,,,,,,,,,,,,,,,,,,,,,,,,,,,,,8.279473781585693,False
1737650299.3174562,2025-01-23 17:38:19,OTHER,PAUSE,,,,,,,,,,,,,,,,,,,,,,,,,,,,,,,,,,,,,,,8.303475141525269,False
1737650299.3374574,2025-01-23 17:38:19,OTHER,PAUSE,,,,,,,,,,,,,,,,,,,,,,,,,,,,,,,,,,,,,,,8.323476314544678,False
1737650299.368459,2025-01-23 17:38:19,OTHER,PAUSE,,,,,,,,,,,,,,,,,,,,,,,,,,,,,,,,,,,,,,,8.354477882385254,False
1737650299.3964608,2025-01-23 17:38:19,OTHER,PAUSE,,,,,,,,,,,,,,,,,,,,,,,,,,,,,,,,,,,,,,,8.382479667663574,False
1737650299.438463,2025-01-23 17:38:19,OTHER,PAUSE,,,,,,,,,,,,,,,,,,,,,,,,,,,,,,,,,,,,,,,8.424481868743896,False
1737650299.4644647,2025-01-23 17:38:19,OTHER,PAUSE,,,,,,,,,,,,,,,,,,,,,,,,,,,,,,,,,,,,,,,8.450483560562134,False
1737650299.488466,2025-01-23 17:38:19,OTHER,PAUSE,,,,,,,,,,,,,,,,,,,,,,,,,,,,,,,,,,,,,,,8.474484920501709,False
1737650299.510467,2025-01-23 17:38:19,OTHER,PAUSE,,,,,,,,,,,,,,,,,,,,,,,,,,,,,,,,,,,,,,,8.496485948562622,False
1737650299.5304685,2025-01-23 17:38:19,OTHER,PAUSE,,,,,,,,,,,,,,,,,,,,,,,,,,,,,,,,,,,,,,,8.51648736000061,False
1737650299.5524695,2025-01-23 17:38:19,OTHER,PAUSE,,,,,,,,,,,,,,,,,,,,,,,,,,,,,,,,,,,,,,,8.538488388061523,False
1737650299.5864718,2025-01-23 17:38:19,OTHER,PAUSE,,,,,,,,,,,,,,,,,,,,,,,,,,,,,,,,,,,,,,,8.572490692138672,False
1737650299.612473,2025-01-23 17:38:19,OTHER,PAUSE,,,,,,,,,,,,,,,,,,,,,,,,,,,,,,,,,,,,,,,8.598491907119751,False
1737650299.6384745,2025-01-23 17:38:19,OTHER,PAUSE,,,,,,,,,,,,,,,,,,,,,,,,,,,,,,,,,,,,,,,8.62449336051941,False
1737650299.6694763,2025-01-23 17:38:19,OTHER,PAUSE,,,,,,,,,,,,,,,,,,,,,,,,,,,,,,,,,,,,,,,8.655495166778564,False
1737650299.6934776,2025-01-23 17:38:19,OTHER,PAUSE,,,,,,,,,,,,,,,,,,,,,,,,,,,,,,,,,,,,,,,8.67949652671814,False
1737650299.7224793,2025-01-23 17:38:19,OTHER,PAUSE,,,,,,,,,,,,,,,,,,,,,,,,,,,,,,,,,,,,,,,8.708498239517212,False
1737650299.7454808,2025-01-23 17:38:19,OTHER,PAUSE,,,,,,,,,,,,,,,,,,,,,,,,,,,,,,,,,,,,,,,8.731499671936035,False
1737650299.770482,2025-01-23 17:38:19,OTHER,PAUSE,,,,,,,,,,,,,,,,,,,,,,,,,,,,,,,,,,,,,,,8.756500959396362,False
1737650299.7934835,2025-01-23 17:38:19,OTHER,PAUSE,,,,,,,,,,,,,,,,,,,,,,,,,,,,,,,,,,,,,,,8.779502391815186,False
1737650299.8144846,2025-01-23 17:38:19,OTHER,PAUSE,,,,,,,,,,,,,,,,,,,,,,,,,,,,,,,,,,,,,,,8.800503492355347,False
1737650299.8374858,2025-01-23 17:38:19,OTHER,PAUSE,,,,,,,,,,,,,,,,,,,,,,,,,,,,,,,,,,,,,,,8.82350468635559,False
1737650299.8604875,2025-01-23 17:38:19,OTHER,PAUSE,,,,,,,,,,,,,,,,,,,,,,,,,,,,,,,,,,,,,,,8.846506357192993,False
1737650299.8844888,2025-01-23 17:38:19,OTHER,PAUSE,,,,,,,,,,,,,,,,,,,,,,,,,,,,,,,,,,,,,,,8.870507717132568,False
1737650299.91349,2025-01-23 17:38:19,OTHER,PAUSE,,,,,,,,,,,,,,,,,,,,,,,,,,,,,,,,,,,,,,,8.899508953094482,False
1737650299.9384916,2025-01-23 17:38:19,OTHER,PAUSE,,,,,,,,,,,,,,,,,,,,,,,,,,,,,,,,,,,,,,,8.924510478973389,False
1737650299.9644933,2025-01-23 17:38:19,OTHER,PAUSE,,,,,,,,,,,,,,,,,,,,,,,,,,,,,,,,,,,,,,,8.950512170791626,False
1737650299.996495,2025-01-23 17:38:19,OTHER,PAUSE,,,,,,,,,,,,,,,,,,,,,,,,,,,,,,,,,,,,,,,8.982513904571533,False
1737650300.026497,2025-01-23 17:38:20,OTHER,PAUSE,,,,,,,,,,,,,,,,,,,,,,,,,,,,,,,,,,,,,,,9.012515783309937,False
1737650300.0544982,2025-01-23 17:38:20,OTHER,PAUSE,,,,,,,,,,,,,,,,,,,,,,,,,,,,,,,,,,,,,,,9.040517091751099,False
1737650300.0754995,2025-01-23 17:38:20,OTHER,PAUSE,,,,,,,,,,,,,,,,,,,,,,,,,,,,,,,,,,,,,,,9.061518430709839,False
1737650300.099501,2025-01-23 17:38:20,OTHER,PAUSE,,,,,,,,,,,,,,,,,,,,,,,,,,,,,,,,,,,,,,,9.085519790649414,False
1737650300.122502,2025-01-23 17:38:20,OTHER,PAUSE,,,,,,,,,,,,,,,,,,,,,,,,,,,,,,,,,,,,,,,9.108520984649658,False
1737650300.1475036,2025-01-23 17:38:20,OTHER,PAUSE,,,,,,,,,,,,,,,,,,,,,,,,,,,,,,,,,,,,,,,9.133522510528564,False
1737650300.1695051,2025-01-23 17:38:20,OTHER,PAUSE,,,,,,,,,,,,,,,,,,,,,,,,,,,,,,,,,,,,,,,9.155524015426636,False
1737650300.1975067,2025-01-23 17:38:20,OTHER,PAUSE,,,,,,,,,,,,,,,,,,,,,,,,,,,,,,,,,,,,,,,9.183525562286377,False
1737650300.2205079,2025-01-23 17:38:20,OTHER,PAUSE,,,,,,,,,,,,,,,,,,,,,,,,,,,,,,,,,,,,,,,9.206526756286621,False
1737650300.2455094,2025-01-23 17:38:20,OTHER,PAUSE,,,,,,,,,,,,,,,,,,,,,,,,,,,,,,,,,,,,,,,9.231528282165527,False
1737650300.2705107,2025-01-23 17:38:20,OTHER,PAUSE,,,,,,,,,,,,,,,,,,,,,,,,,,,,,,,,,,,,,,,9.256529569625854,False
1737650300.295512,2025-01-23 17:38:20,OTHER,PAUSE,,,,,,,,,,,,,,,,,,,,,,,,,,,,,,,,,,,,,,,9.281530857086182,False
1737650300.3235135,2025-01-23 17:38:20,OTHER,PAUSE,,,,,,,,,,,,,,,,,,,,,,,,,,,,,,,,,,,,,,,9.309532403945923,False
1737650300.347515,2025-01-23 17:38:20,OTHER,PAUSE,,,,,,,,,,,,,,,,,,,,,,,,,,,,,,,,,,,,,,,9.333534002304077,False
1737650300.3695164,2025-01-23 17:38:20,OTHER,PAUSE,,,,,,,,,,,,,,,,,,,,,,,,,,,,,,,,,,,,,,,9.35553526878357,False
1737650300.398518,2025-01-23 17:38:20,OTHER,PAUSE,,,,,,,,,,,,,,,,,,,,,,,,,,,,,,,,,,,,,,,9.384536981582642,False
1737650300.4205194,2025-01-23 17:38:20,OTHER,PAUSE,,,,,,,,,,,,,,,,,,,,,,,,,,,,,,,,,,,,,,,9.406538248062134,False
1737650300.451521,2025-01-23 17:38:20,OTHER,PAUSE,,,,,,,,,,,,,,,,,,,,,,,,,,,,,,,,,,,,,,,9.43753981590271,False
1737650300.482523,2025-01-23 17:38:20,OTHER,PAUSE,,,,,,,,,,,,,,,,,,,,,,,,,,,,,,,,,,,,,,,9.468541860580444,False
1737650300.5115247,2025-01-23 17:38:20,OTHER,PAUSE,,,,,,,,,,,,,,,,,,,,,,,,,,,,,,,,,,,,,,,9.497543573379517,False
1737650300.538526,2025-01-23 17:38:20,OTHER,PAUSE,,,,,,,,,,,,,,,,,,,,,,,,,,,,,,,,,,,,,,,9.524544954299927,False
1737650300.5625274,2025-01-23 17:38:20,OTHER,PAUSE,,,,,,,,,,,,,,,,,,,,,,,,,,,,,,,,,,,,,,,9.548546314239502,False
1737650300.5985296,2025-01-23 17:38:20,OTHER,PAUSE,,,,,,,,,,,,,,,,,,,,,,,,,,,,,,,,,,,,,,,9.584548473358154,False
1737650300.625531,2025-01-23 17:38:20,OTHER,PAUSE,,,,,,,,,,,,,,,,,,,,,,,,,,,,,,,,,,,,,,,9.611549854278564,False
1737650300.6505322,2025-01-23 17:38:20,OTHER,PAUSE,,,,,,,,,,,,,,,,,,,,,,,,,,,,,,,,,,,,,,,9.636551141738892,False
1737650300.6745338,2025-01-23 17:38:20,OTHER,PAUSE,,,,,,,,,,,,,,,,,,,,,,,,,,,,,,,,,,,,,,,9.660552740097046,False
1737650300.697535,2025-01-23 17:38:20,OTHER,PAUSE,,,,,,,,,,,,,,,,,,,,,,,,,,,,,,,,,,,,,,,9.68355393409729,False
1737650300.7185361,2025-01-23 17:38:20,OTHER,PAUSE,,,,,,,,,,,,,,,,,,,,,,,,,,,,,,,,,,,,,,,9.704555034637451,False
1737650300.7375374,2025-01-23 17:38:20,OTHER,PAUSE,,,,,,,,,,,,,,,,,,,,,,,,,,,,,,,,,,,,,,,9.723556280136108,False
1737650300.7675393,2025-01-23 17:38:20,OTHER,PAUSE,,,,,,,,,,,,,,,,,,,,,,,,,,,,,,,,,,,,,,,9.753558158874512,False
1737650300.794541,2025-01-23 17:38:20,OTHER,PAUSE,,,,,,,,,,,,,,,,,,,,,,,,,,,,,,,,,,,,,,,9.780559778213501,False
1737650300.815542,2025-01-23 17:38:20,OTHER,PAUSE,,,,,,,,,,,,,,,,,,,,,,,,,,,,,,,,,,,,,,,9.801560878753662,False
1737650300.8415434,2025-01-23 17:38:20,OTHER,PAUSE,,,,,,,,,,,,,,,,,,,,,,,,,,,,,,,,,,,,,,,9.82756233215332,False
1737650300.868545,2025-01-23 17:38:20,OTHER,PAUSE,,,,,,,,,,,,,,,,,,,,,,,,,,,,,,,,,,,,,,,9.85456395149231,False
1737650300.890546,2025-01-23 17:38:20,OTHER,PAUSE,,,,,,,,,,,,,,,,,,,,,,,,,,,,,,,,,,,,,,,9.876564979553223,False
1737650300.9115474,2025-01-23 17:38:20,OTHER,PAUSE,,,,,,,,,,,,,,,,,,,,,,,,,,,,,,,,,,,,,,,9.897566318511963,False
1737650300.9355488,2025-01-23 17:38:20,OTHER,PAUSE,,,,,,,,,,,,,,,,,,,,,,,,,,,,,,,,,,,,,,,9.921567678451538,False
1737650300.9625502,2025-01-23 17:38:20,OTHER,PAUSE,,,,,,,,,,,,,,,,,,,,,,,,,,,,,,,,,,,,,,,9.948569059371948,False
1737650300.9935522,2025-01-23 17:38:20,OTHER,PAUSE,,,,,,,,,,,,,,,,,,,,,,,,,,,,,,,,,,,,,,,9.979571104049683,False
1737650301.0165534,2025-01-23 17:38:21,OTHER,PAUSE,,,,,,,,,,,,,,,,,,,,,,,,,,,,,,,,,,,,,,,10.002572298049927,False
1737650301.0385547,2025-01-23 17:38:21,OTHER,PAUSE,,,,,,,,,,,,,,,,,,,,,,,,,,,,,,,,,,,,,,,10.024573564529419,False
1737650301.0655563,2025-01-23 17:38:21,OTHER,PAUSE,,,,,,,,,,,,,,,,,,,,,,,,,,,,,,,,,,,,,,,10.051575183868408,False
1737650301.0875573,2025-01-23 17:38:21,OTHER,PAUSE,,,,,,,,,,,,,,,,,,,,,,,,,,,,,,,,,,,,,,,10.073576211929321,False
1737650301.1135588,2025-01-23 17:38:21,OTHER,PAUSE,,,,,,,,,,,,,,,,,,,,,,,,,,,,,,,,,,,,,,,10.09957766532898,False
1737650301.148561,2025-01-23 17:38:21,OTHER,PAUSE,,,,,,,,,,,,,,,,,,,,,,,,,,,,,,,,,,,,,,,10.13457989692688,False
1737650301.1755624,2025-01-23 17:38:21,OTHER,PAUSE,,,,,,,,,,,,,,,,,,,,,,,,,,,,,,,,,,,,,,,10.16158127784729,False
1737650301.2015638,2025-01-23 17:38:21,OTHER,PAUSE,,,,,,,,,,,,,,,,,,,,,,,,,,,,,,,,,,,,,,,10.187582731246948,False
1737650301.2285655,2025-01-23 17:38:21,OTHER,PAUSE,,,,,,,,,,,,,,,,,,,,,,,,,,,,,,,,,,,,,,,10.214584350585938,False
1737650301.250567,2025-01-23 17:38:21,OTHER,PAUSE,,,,,,,,,,,,,,,,,,,,,,,,,,,,,,,,,,,,,,,10.236585855484009,False
1737650301.2775683,2025-01-23 17:38:21,OTHER,PAUSE,,,,,,,,,,,,,,,,,,,,,,,,,,,,,,,,,,,,,,,10.263587236404419,False
1737650301.3015697,2025-01-23 17:38:21,OTHER,PAUSE,,,,,,,,,,,,,,,,,,,,,,,,,,,,,,,,,,,,,,,10.287588596343994,False
1737650301.3305712,2025-01-23 17:38:21,OTHER,PAUSE,,,,,,,,,,,,,,,,,,,,,,,,,,,,,,,,,,,,,,,10.316590070724487,False
1737650301.3545728,2025-01-23 17:38:21,OTHER,PAUSE,,,,,,,,,,,,,,,,,,,,,,,,,,,,,,,,,,,,,,,10.340591669082642,False
1737650301.3815744,2025-01-23 17:38:21,OTHER,PAUSE,,,,,,,,,,,,,,,,,,,,,,,,,,,,,,,,,,,,,,,10.36759328842163,False
1737650301.4035757,2025-01-23 17:38:21,OTHER,PAUSE,,,,,,,,,,,,,,,,,,,,,,,,,,,,,,,,,,,,,,,10.389594554901123,False
1737650301.4265769,2025-01-23 17:38:21,OTHER,PAUSE,,,,,,,,,,,,,,,,,,,,,,,,,,,,,,,,,,,,,,,10.412595748901367,False
1737650301.4585786,2025-01-23 17:38:21,OTHER,PAUSE,,,,,,,,,,,,,,,,,,,,,,,,,,,,,,,,,,,,,,,10.444597482681274,False
1737650301.4885805,2025-01-23 17:38:21,OTHER,PAUSE,,,,,,,,,,,,,,,,,,,,,,,,,,,,,,,,,,,,,,,10.474599361419678,False
1737650301.514582,2025-01-23 17:38:21,OTHER,PAUSE,,,,,,,,,,,,,,,,,,,,,,,,,,,,,,,,,,,,,,,10.500600814819336,False
1737650301.5405834,2025-01-23 17:38:21,OTHER,PAUSE,,,,,,,,,,,,,,,,,,,,,,,,,,,,,,,,,,,,,,,10.526602268218994,False
1737650301.5625846,2025-01-23 17:38:21,OTHER,PAUSE,,,,,,,,,,,,,,,,,,,,,,,,,,,,,,,,,,,,,,,10.548603534698486,False
1737650301.5895863,2025-01-23 17:38:21,OTHER,PAUSE,,,,,,,,,,,,,,,,,,,,,,,,,,,,,,,,,,,,,,,10.575605154037476,False
1737650301.6165879,2025-01-23 17:38:21,OTHER,PAUSE,,,,,,,,,,,,,,,,,,,,,,,,,,,,,,,,,,,,,,,10.602606773376465,False
1737650301.642589,2025-01-23 17:38:21,OTHER,PAUSE,,,,,,,,,,,,,,,,,,,,,,,,,,,,,,,,,,,,,,,10.628607988357544,False
1737650301.6755912,2025-01-23 17:38:21,OTHER,PAUSE,,,,,,,,,,,,,,,,,,,,,,,,,,,,,,,,,,,,,,,10.661610126495361,False
1737650301.7055929,2025-01-23 17:38:21,OTHER,PAUSE,,,,,,,,,,,,,,,,,,,,,,,,,,,,,,,,,,,,,,,10.691611766815186,False
1737650301.7355945,2025-01-23 17:38:21,OTHER,PAUSE,,,,,,,,,,,,,,,,,,,,,,,,,,,,,,,,,,,,,,,10.72161340713501,False
1737650301.7595959,2025-01-23 17:38:21,OTHER,PAUSE,,,,,,,,,,,,,,,,,,,,,,,,,,,,,,,,,,,,,,,10.745614767074585,False
1737650301.7855973,2025-01-23 17:38:21,OTHER,PAUSE,,,,,,,,,,,,,,,,,,,,,,,,,,,,,,,,,,,,,,,10.771616220474243,False
1737650301.8135989,2025-01-23 17:38:21,OTHER,PAUSE,,,,,,,,,,,,,,,,,,,,,,,,,,,,,,,,,,,,,,,10.799617767333984,False
1737650301.8406005,2025-01-23 17:38:21,OTHER,PAUSE,,,,,,,,,,,,,,,,,,,,,,,,,,,,,,,,,,,,,,,10.826619386672974,False
1737650301.8656018,2025-01-23 17:38:21,OTHER,PAUSE,,,,,,,,,,,,,,,,,,,,,,,,,,,,,,,,,,,,,,,10.8516206741333,False
1737650301.8896034,2025-01-23 17:38:21,OTHER,PAUSE,,,,,,,,,,,,,,,,,,,,,,,,,,,,,,,,,,,,,,,10.875622272491455,False
1737650301.917605,2025-01-23 17:38:21,OTHER,PAUSE,,,,,,,,,,,,,,,,,,,,,,,,,,,,,,,,,,,,,,,10.903623819351196,False
1737650301.9496067,2025-01-23 17:38:21,OTHER,PAUSE,,,,,,,,,,,,,,,,,,,,,,,,,,,,,,,,,,,,,,,10.935625553131104,False
1737650301.9766083,2025-01-23 17:38:21,OTHER,PAUSE,,,,,,,,,,,,,,,,,,,,,,,,,,,,,,,,,,,,,,,10.962627172470093,False
1737650302.00761,2025-01-23 17:38:22,OTHER,PAUSE,,,,,,,,,,,,,,,,,,,,,,,,,,,,,,,,,,,,,,,10.993628978729248,False
1737650302.0326116,2025-01-23 17:38:22,OTHER,PAUSE,,,,,,,,,,,,,,,,,,,,,,,,,,,,,,,,,,,,,,,11.018630504608154,False
1737650302.056613,2025-01-23 17:38:22,OTHER,PAUSE,,,,,,,,,,,,,,,,,,,,,,,,,,,,,,,,,,,,,,,11.04263186454773,False
1737650302.0816143,2025-01-23 17:38:22,OTHER,PAUSE,,,,,,,,,,,,,,,,,,,,,,,,,,,,,,,,,,,,,,,11.067633152008057,False
1737650302.1056156,2025-01-23 17:38:22,OTHER,PAUSE,,,,,,,,,,,,,,,,,,,,,,,,,,,,,,,,,,,,,,,11.091634511947632,False
1737650302.129617,2025-01-23 17:38:22,OTHER,PAUSE,,,,,,,,,,,,,,,,,,,,,,,,,,,,,,,,,,,,,,,11.115635871887207,False
1737650302.1526184,2025-01-23 17:38:22,OTHER,PAUSE,,,,,,,,,,,,,,,,,,,,,,,,,,,,,,,,,,,,,,,11.13863730430603,False
1737650302.1766198,2025-01-23 17:38:22,OTHER,PAUSE,,,,,,,,,,,,,,,,,,,,,,,,,,,,,,,,,,,,,,,11.162638664245605,False
1737650302.2056215,2025-01-23 17:38:22,OTHER,PAUSE,,,,,,,,,,,,,,,,,,,,,,,,,,,,,,,,,,,,,,,11.191640377044678,False
1737650302.2326229,2025-01-23 17:38:22,OTHER,PAUSE,,,,,,,,,,,,,,,,,,,,,,,,,,,,,,,,,,,,,,,11.218641757965088,False
1737650302.2586246,2025-01-23 17:38:22,OTHER,PAUSE,,,,,,,,,,,,,,,,,,,,,,,,,,,,,,,,,,,,,,,11.244643449783325,False
1737650302.2916262,2025-01-23 17:38:22,OTHER,PAUSE,,,,,,,,,,,,,,,,,,,,,,,,,,,,,,,,,,,,,,,11.277645111083984,False
1737650302.3276284,2025-01-23 17:38:22,OTHER,PAUSE,,,,,,,,,,,,,,,,,,,,,,,,,,,,,,,,,,,,,,,11.313647270202637,False
1737650302.35363,2025-01-23 17:38:22,OTHER,PAUSE,,,,,,,,,,,,,,,,,,,,,,,,,,,,,,,,,,,,,,,11.339648962020874,False
1737650302.3796313,2025-01-23 17:38:22,OTHER,PAUSE,,,,,,,,,,,,,,,,,,,,,,,,,,,,,,,,,,,,,,,11.365650177001953,False
1737650302.4116333,2025-01-23 17:38:22,OTHER,PAUSE,,,,,,,,,,,,,,,,,,,,,,,,,,,,,,,,,,,,,,,11.39765214920044,False
1737650302.4356344,2025-01-23 17:38:22,OTHER,PAUSE,,,,,,,,,,,,,,,,,,,,,,,,,,,,,,,,,,,,,,,11.421653270721436,False
1737650302.462636,2025-01-23 17:38:22,OTHER,PAUSE,,,,,,,,,,,,,,,,,,,,,,,,,,,,,,,,,,,,,,,11.448654890060425,False
1737650302.4886377,2025-01-23 17:38:22,OTHER,PAUSE,,,,,,,,,,,,,,,,,,,,,,,,,,,,,,,,,,,,,,,11.474656581878662,False
1737650302.5196393,2025-01-23 17:38:22,OTHER,PAUSE,,,,,,,,,,,,,,,,,,,,,,,,,,,,,,,,,,,,,,,11.505658149719238,False
1737650302.5446408,2025-01-23 17:38:22,OTHER,PAUSE,,,,,,,,,,,,,,,,,,,,,,,,,,,,,,,,,,,,,,,11.530659675598145,False
1737650302.5706422,2025-01-23 17:38:22,OTHER,PAUSE,,,,,,,,,,,,,,,,,,,,,,,,,,,,,,,,,,,,,,,11.556661128997803,False
1737650302.599644,2025-01-23 17:38:22,OTHER,PAUSE,,,,,,,,,,,,,,,,,,,,,,,,,,,,,,,,,,,,,,,11.585662841796875,False
1737650302.6266456,2025-01-23 17:38:22,OTHER,PAUSE,,,,,,,,,,,,,,,,,,,,,,,,,,,,,,,,,,,,,,,11.612664461135864,False
1737650302.6506467,2025-01-23 17:38:22,OTHER,PAUSE,,,,,,,,,,,,,,,,,,,,,,,,,,,,,,,,,,,,,,,11.63666558265686,False
1737650302.6766481,2025-01-23 17:38:22,OTHER,PAUSE,,,,,,,,,,,,,,,,,,,,,,,,,,,,,,,,,,,,,,,11.662667036056519,False
1737650302.6996496,2025-01-23 17:38:22,OTHER,PAUSE,,,,,,,,,,,,,,,,,,,,,,,,,,,,,,,,,,,,,,,11.685668468475342,False
1737650302.724651,2025-01-23 17:38:22,OTHER,PAUSE,,,,,,,,,,,,,,,,,,,,,,,,,,,,,,,,,,,,,,,11.710669994354248,False
1737650302.752653,2025-01-23 17:38:22,OTHER,PAUSE,,,,,,,,,,,,,,,,,,,,,,,,,,,,,,,,,,,,,,,11.738671779632568,False
1737650302.779654,2025-01-23 17:38:22,OTHER,PAUSE,,,,,,,,,,,,,,,,,,,,,,,,,,,,,,,,,,,,,,,11.7656729221344,False
1737650302.8066556,2025-01-23 17:38:22,OTHER,PAUSE,,,,,,,,,,,,,,,,,,,,,,,,,,,,,,,,,,,,,,,11.792674541473389,False
1737650302.843658,2025-01-23 17:38:22,OTHER,PAUSE,,,,,,,,,,,,,,,,,,,,,,,,,,,,,,,,,,,,,,,11.829676866531372,False
1737650302.8776598,2025-01-23 17:38:22,OTHER,PAUSE,,,,,,,,,,,,,,,,,,,,,,,,,,,,,,,,,,,,,,,11.863678693771362,False
1737650302.9086616,2025-01-23 17:38:22,OTHER,PAUSE,,,,,,,,,,,,,,,,,,,,,,,,,,,,,,,,,,,,,,,11.894680500030518,False
1737650302.9376633,2025-01-23 17:38:22,OTHER,PAUSE,,,,,,,,,,,,,,,,,,,,,,,,,,,,,,,,,,,,,,,11.92368221282959,False
1737650302.966665,2025-01-23 17:38:22,OTHER,PAUSE,,,,,,,,,,,,,,,,,,,,,,,,,,,,,,,,,,,,,,,11.952683925628662,False
1737650303.0036669,2025-01-23 17:38:23,OTHER,PAUSE,,,,,,,,,,,,,,,,,,,,,,,,,,,,,,,,,,,,,,,11.989685773849487,False
1737650303.038669,2025-01-23 17:38:23,OTHER,PAUSE,,,,,,,,,,,,,,,,,,,,,,,,,,,,,,,,,,,,,,,12.024688005447388,False
1737650303.074671,2025-01-23 17:38:23,OTHER,PAUSE,,,,,,,,,,,,,,,,,,,,,,,,,,,,,,,,,,,,,,,12.060689926147461,False
1737650303.1036727,2025-01-23 17:38:23,OTHER,PAUSE,,,,,,,,,,,,,,,,,,,,,,,,,,,,,,,,,,,,,,,12.089691638946533,False
1737650303.1346745,2025-01-23 17:38:23,OTHER,PAUSE,,,,,,,,,,,,,,,,,,,,,,,,,,,,,,,,,,,,,,,12.120693445205688,False
1737650303.1696765,2025-01-23 17:38:23,OTHER,PAUSE,,,,,,,,,,,,,,,,,,,,,,,,,,,,,,,,,,,,,,,12.15569543838501,False
1737650303.1986783,2025-01-23 17:38:23,OTHER,PAUSE,,,,,,,,,,,,,,,,,,,,,,,,,,,,,,,,,,,,,,,12.184697151184082,False
1737650303.23068,2025-01-23 17:38:23,OTHER,PAUSE,,,,,,,,,,,,,,,,,,,,,,,,,,,,,,,,,,,,,,,12.21669888496399,False
1737650303.263682,2025-01-23 17:38:23,OTHER,PAUSE,,,,,,,,,,,,,,,,,,,,,,,,,,,,,,,,,,,,,,,12.249700784683228,False
1737650303.2966838,2025-01-23 17:38:23,OTHER,PAUSE,,,,,,,,,,,,,,,,,,,,,,,,,,,,,,,,,,,,,,,12.282702684402466,False
1737650303.3266854,2025-01-23 17:38:23,OTHER,PAUSE,,,,,,,,,,,,,,,,,,,,,,,,,,,,,,,,,,,,,,,12.31270432472229,False
1737650303.356687,2025-01-23 17:38:23,OTHER,PAUSE,,,,,,,,,,,,,,,,,,,,,,,,,,,,,,,,,,,,,,,12.342705965042114,False
1737650303.3906894,2025-01-23 17:38:23,OTHER,PAUSE,,,,,,,,,,,,,,,,,,,,,,,,,,,,,,,,,,,,,,,12.376708269119263,False
1737650303.4306915,2025-01-23 17:38:23,OTHER,PAUSE,,,,,,,,,,,,,,,,,,,,,,,,,,,,,,,,,,,,,,,12.416710376739502,False
1737650303.4706936,2025-01-23 17:38:23,OTHER,PAUSE,,,,,,,,,,,,,,,,,,,,,,,,,,,,,,,,,,,,,,,12.456712484359741,False
1737650303.5066957,2025-01-23 17:38:23,OTHER,PAUSE,,,,,,,,,,,,,,,,,,,,,,,,,,,,,,,,,,,,,,,12.492714643478394,False
1737650303.5416977,2025-01-23 17:38:23,OTHER,PAUSE,,,,,,,,,,,,,,,,,,,,,,,,,,,,,,,,,,,,,,,12.527716636657715,False
1737650303.5756998,2025-01-23 17:38:23,OTHER,PAUSE,,,,,,,,,,,,,,,,,,,,,,,,,,,,,,,,,,,,,,,12.561718702316284,False
1737650303.6037016,2025-01-23 17:38:23,OTHER,PAUSE,,,,,,,,,,,,,,,,,,,,,,,,,,,,,,,,,,,,,,,12.589720487594604,False
1737650303.6357033,2025-01-23 17:38:23,OTHER,PAUSE,,,,,,,,,,,,,,,,,,,,,,,,,,,,,,,,,,,,,,,12.621722221374512,False
1737650303.666705,2025-01-23 17:38:23,OTHER,PAUSE,,,,,,,,,,,,,,,,,,,,,,,,,,,,,,,,,,,,,,,12.652723789215088,False
1737650303.6957066,2025-01-23 17:38:23,OTHER,PAUSE,,,,,,,,,,,,,,,,,,,,,,,,,,,,,,,,,,,,,,,12.68172550201416,False
1737650303.7317088,2025-01-23 17:38:23,OTHER,PAUSE,,,,,,,,,,,,,,,,,,,,,,,,,,,,,,,,,,,,,,,12.717727661132812,False
1737650303.7657106,2025-01-23 17:38:23,OTHER,PAUSE,,,,,,,,,,,,,,,,,,,,,,,,,,,,,,,,,,,,,,,12.751729488372803,False
1737650303.7987125,2025-01-23 17:38:23,OTHER,PAUSE,,,,,,,,,,,,,,,,,,,,,,,,,,,,,,,,,,,,,,,12.784731388092041,False
1737650303.8317144,2025-01-23 17:38:23,OTHER,PAUSE,,,,,,,,,,,,,,,,,,,,,,,,,,,,,,,,,,,,,,,12.81773328781128,False
1737650303.8647163,2025-01-23 17:38:23,OTHER,PAUSE,,,,,,,,,,,,,,,,,,,,,,,,,,,,,,,,,,,,,,,12.850735187530518,False
1737650303.893718,2025-01-23 17:38:23,OTHER,PAUSE,,,,,,,,,,,,,,,,,,,,,,,,,,,,,,,,,,,,,,,12.87973690032959,False
1737650303.9287198,2025-01-23 17:38:23,OTHER,PAUSE,,,,,,,,,,,,,,,,,,,,,,,,,,,,,,,,,,,,,,,12.914738655090332,False
1737650303.963722,2025-01-23 17:38:23,OTHER,PAUSE,,,,,,,,,,,,,,,,,,,,,,,,,,,,,,,,,,,,,,,12.949740886688232,False
1737650303.9947236,2025-01-23 17:38:23,OTHER,PAUSE,,,,,,,,,,,,,,,,,,,,,,,,,,,,,,,,,,,,,,,12.980742454528809,False
1737650304.0287259,2025-01-23 17:38:24,OTHER,PAUSE,,,,,,,,,,,,,,,,,,,,,,,,,,,,,,,,,,,,,,,13.014744758605957,False
1737650304.0567274,2025-01-23 17:38:24,OTHER,PAUSE,,,,,,,,,,,,,,,,,,,,,,,,,,,,,,,,,,,,,,,13.042746305465698,False
1737650304.0837288,2025-01-23 17:38:24,OTHER,PAUSE,,,,,,,,,,,,,,,,,,,,,,,,,,,,,,,,,,,,,,,13.069747686386108,False
1737650304.1127307,2025-01-23 17:38:24,OTHER,PAUSE,,,,,,,,,,,,,,,,,,,,,,,,,,,,,,,,,,,,,,,13.09874963760376,False
1737650304.1377318,2025-01-23 17:38:24,OTHER,PAUSE,,,,,,,,,,,,,,,,,,,,,,,,,,,,,,,,,,,,,,,13.123750686645508,False
1737650304.1647334,2025-01-23 17:38:24,OTHER,PAUSE,,,,,,,,,,,,,,,,,,,,,,,,,,,,,,,,,,,,,,,13.150752305984497,False
1737650304.1937351,2025-01-23 17:38:24,OTHER,PAUSE,,,,,,,,,,,,,,,,,,,,,,,,,,,,,,,,,,,,,,,13.17975401878357,False
1737650304.2267368,2025-01-23 17:38:24,OTHER,PAUSE,,,,,,,,,,,,,,,,,,,,,,,,,,,,,,,,,,,,,,,13.212755680084229,False
1737650304.2507384,2025-01-23 17:38:24,OTHER,PAUSE,,,,,,,,,,,,,,,,,,,,,,,,,,,,,,,,,,,,,,,13.236757278442383,False
1737650304.2767398,2025-01-23 17:38:24,OTHER,PAUSE,,,,,,,,,,,,,,,,,,,,,,,,,,,,,,,,,,,,,,,13.262758731842041,False
1737650304.3037415,2025-01-23 17:38:24,OTHER,PAUSE,,,,,,,,,,,,,,,,,,,,,,,,,,,,,,,,,,,,,,,13.28976035118103,False
1737650304.328743,2025-01-23 17:38:24,OTHER,PAUSE,,,,,,,,,,,,,,,,,,,,,,,,,,,,,,,,,,,,,,,13.314761877059937,False
1737650304.3537443,2025-01-23 17:38:24,OTHER,PAUSE,,,,,,,,,,,,,,,,,,,,,,,,,,,,,,,,,,,,,,,13.339763164520264,False
1737650304.3837461,2025-01-23 17:38:24,OTHER,PAUSE,,,,,,,,,,,,,,,,,,,,,,,,,,,,,,,,,,,,,,,13.369765043258667,False
1737650304.4107473,2025-01-23 17:38:24,OTHER,PAUSE,,,,,,,,,,,,,,,,,,,,,,,,,,,,,,,,,,,,,,,13.396766185760498,False
1737650304.437749,2025-01-23 17:38:24,OTHER,PAUSE,,,,,,,,,,,,,,,,,,,,,,,,,,,,,,,,,,,,,,,13.423767805099487,False
1737650304.470751,2025-01-23 17:38:24,OTHER,PAUSE,,,,,,,,,,,,,,,,,,,,,,,,,,,,,,,,,,,,,,,13.456769943237305,False
1737650304.5027528,2025-01-23 17:38:24,OTHER,PAUSE,,,,,,,,,,,,,,,,,,,,,,,,,,,,,,,,,,,,,,,13.488771677017212,False
1737650304.5287542,2025-01-23 17:38:24,OTHER,PAUSE,,,,,,,,,,,,,,,,,,,,,,,,,,,,,,,,,,,,,,,13.51477313041687,False
1737650304.558756,2025-01-23 17:38:24,OTHER,PAUSE,,,,,,,,,,,,,,,,,,,,,,,,,,,,,,,,,,,,,,,13.544775009155273,False
1737650304.6027584,2025-01-23 17:38:24,OTHER,PAUSE,,,,,,,,,,,,,,,,,,,,,,,,,,,,,,,,,,,,,,,13.588777303695679,False
1737650304.646761,2025-01-23 17:38:24,OTHER,PAUSE,,,,,,,,,,,,,,,,,,,,,,,,,,,,,,,,,,,,,,,13.632779836654663,False
1737650304.6797628,2025-01-23 17:38:24,OTHER,PAUSE,,,,,,,,,,,,,,,,,,,,,,,,,,,,,,,,,,,,,,,13.665781736373901,False
1737650304.7067642,2025-01-23 17:38:24,OTHER,PAUSE,,,,,,,,,,,,,,,,,,,,,,,,,,,,,,,,,,,,,,,13.692783117294312,False
1737650304.735766,2025-01-23 17:38:24,OTHER,PAUSE,,,,,,,,,,,,,,,,,,,,,,,,,,,,,,,,,,,,,,,13.721784830093384,False
1737650304.7617676,2025-01-23 17:38:24,OTHER,PAUSE,,,,,,,,,,,,,,,,,,,,,,,,,,,,,,,,,,,,,,,13.747786521911621,False
1737650304.790769,2025-01-23 17:38:24,OTHER,PAUSE,,,,,,,,,,,,,,,,,,,,,,,,,,,,,,,,,,,,,,,13.776787996292114,False
1737650304.8197708,2025-01-23 17:38:24,OTHER,PAUSE,,,,,,,,,,,,,,,,,,,,,,,,,,,,,,,,,,,,,,,13.805789709091187,False
1737650304.8457723,2025-01-23 17:38:24,OTHER,PAUSE,,,,,,,,,,,,,,,,,,,,,,,,,,,,,,,,,,,,,,,13.831791162490845,False
1737650304.8757741,2025-01-23 17:38:24,OTHER,PAUSE,,,,,,,,,,,,,,,,,,,,,,,,,,,,,,,,,,,,,,,13.861793041229248,False
1737650304.9067757,2025-01-23 17:38:24,OTHER,PAUSE,,,,,,,,,,,,,,,,,,,,,,,,,,,,,,,,,,,,,,,13.892794609069824,False
1737650304.9367778,2025-01-23 17:38:24,OTHER,PAUSE,,,,,,,,,,,,,,,,,,,,,,,,,,,,,,,,,,,,,,,13.922796726226807,False
1737650304.963779,2025-01-23 17:38:24,OTHER,PAUSE,,,,,,,,,,,,,,,,,,,,,,,,,,,,,,,,,,,,,,,13.949797868728638,False
1737650304.9907806,2025-01-23 17:38:24,OTHER,PAUSE,,,,,,,,,,,,,,,,,,,,,,,,,,,,,,,,,,,,,,,13.976799488067627,False
1737650305.0187821,2025-01-23 17:38:25,OTHER,PAUSE,,,,,,,,,,,,,,,,,,,,,,,,,,,,,,,,,,,,,,,14.004801034927368,False
1737650305.0457838,2025-01-23 17:38:25,OTHER,PAUSE,,,,,,,,,,,,,,,,,,,,,,,,,,,,,,,,,,,,,,,14.031802654266357,False
1737650305.0727854,2025-01-23 17:38:25,OTHER,PAUSE,,,,,,,,,,,,,,,,,,,,,,,,,,,,,,,,,,,,,,,14.058804273605347,False
1737650305.1017869,2025-01-23 17:38:25,OTHER,PAUSE,,,,,,,,,,,,,,,,,,,,,,,,,,,,,,,,,,,,,,,14.08780574798584,False
1737650305.1307886,2025-01-23 17:38:25,OTHER,PAUSE,,,,,,,,,,,,,,,,,,,,,,,,,,,,,,,,,,,,,,,14.116807460784912,False
1737650305.1617904,2025-01-23 17:38:25,OTHER,PAUSE,,,,,,,,,,,,,,,,,,,,,,,,,,,,,,,,,,,,,,,14.147809267044067,False
1737650305.191792,2025-01-23 17:38:25,OTHER,PAUSE,,,,,,,,,,,,,,,,,,,,,,,,,,,,,,,,,,,,,,,14.177810907363892,False
1737650305.2267942,2025-01-23 17:38:25,OTHER,PAUSE,,,,,,,,,,,,,,,,,,,,,,,,,,,,,,,,,,,,,,,14.212813138961792,False
1737650305.2547958,2025-01-23 17:38:25,OTHER,PAUSE,,,,,,,,,,,,,,,,,,,,,,,,,,,,,,,,,,,,,,,14.240814685821533,False
1737650305.2817974,2025-01-23 17:38:25,OTHER,PAUSE,,,,,,,,,,,,,,,,,,,,,,,,,,,,,,,,,,,,,,,14.267816305160522,False
1737650305.3077989,2025-01-23 17:38:25,OTHER,PAUSE,,,,,,,,,,,,,,,,,,,,,,,,,,,,,,,,,,,,,,,14.29381775856018,False
1737650305.3398006,2025-01-23 17:38:25,OTHER,PAUSE,,,,,,,,,,,,,,,,,,,,,,,,,,,,,,,,,,,,,,,14.325819492340088,False
1737650305.3678024,2025-01-23 17:38:25,OTHER,PAUSE,,,,,,,,,,,,,,,,,,,,,,,,,,,,,,,,,,,,,,,14.353821277618408,False
1737650305.399804,2025-01-23 17:38:25,OTHER,PAUSE,,,,,,,,,,,,,,,,,,,,,,,,,,,,,,,,,,,,,,,14.385823011398315,False
1737650305.4258056,2025-01-23 17:38:25,OTHER,PAUSE,,,,,,,,,,,,,,,,,,,,,,,,,,,,,,,,,,,,,,,14.411824464797974,False
1737650305.4548073,2025-01-23 17:38:25,OTHER,PAUSE,,,,,,,,,,,,,,,,,,,,,,,,,,,,,,,,,,,,,,,14.440826177597046,False
1737650305.4798088,2025-01-23 17:38:25,OTHER,PAUSE,,,,,,,,,,,,,,,,,,,,,,,,,,,,,,,,,,,,,,,14.465827703475952,False
1737650305.5078104,2025-01-23 17:38:25,OTHER,PAUSE,,,,,,,,,,,,,,,,,,,,,,,,,,,,,,,,,,,,,,,14.493829250335693,False
1737650305.539812,2025-01-23 17:38:25,OTHER,PAUSE,,,,,,,,,,,,,,,,,,,,,,,,,,,,,,,,,,,,,,,14.5258309841156,False
1737650305.5698137,2025-01-23 17:38:25,OTHER,PAUSE,,,,,,,,,,,,,,,,,,,,,,,,,,,,,,,,,,,,,,,14.555832624435425,False
1737650305.6088161,2025-01-23 17:38:25,OTHER,PAUSE,,,,,,,,,,,,,,,,,,,,,,,,,,,,,,,,,,,,,,,14.594835042953491,False
1737650305.6418178,2025-01-23 17:38:25,OTHER,PAUSE,,,,,,,,,,,,,,,,,,,,,,,,,,,,,,,,,,,,,,,14.62783670425415,False
1737650305.6688194,2025-01-23 17:38:25,OTHER,PAUSE,,,,,,,,,,,,,,,,,,,,,,,,,,,,,,,,,,,,,,,14.65483832359314,False
1737650305.695821,2025-01-23 17:38:25,OTHER,PAUSE,,,,,,,,,,,,,,,,,,,,,,,,,,,,,,,,,,,,,,,14.681839942932129,False
1737650305.7258227,2025-01-23 17:38:25,OTHER,PAUSE,,,,,,,,,,,,,,,,,,,,,,,,,,,,,,,,,,,,,,,14.711841583251953,False
1737650305.7608247,2025-01-23 17:38:25,OTHER,PAUSE,,,,,,,,,,,,,,,,,,,,,,,,,,,,,,,,,,,,,,,14.746843576431274,False
1737650305.7968268,2025-01-23 17:38:25,OTHER,PAUSE,,,,,,,,,,,,,,,,,,,,,,,,,,,,,,,,,,,,,,,14.782845735549927,False
1737650305.8318288,2025-01-23 17:38:25,OTHER,PAUSE,,,,,,,,,,,,,,,,,,,,,,,,,,,,,,,,,,,,,,,14.817847728729248,False
1737650305.8568301,2025-01-23 17:38:25,OTHER,PAUSE,,,,,,,,,,,,,,,,,,,,,,,,,,,,,,,,,,,,,,,14.842849016189575,False
1737650305.8848317,2025-01-23 17:38:25,OTHER,PAUSE,,,,,,,,,,,,,,,,,,,,,,,,,,,,,,,,,,,,,,,14.870850563049316,False
1737650305.9148333,2025-01-23 17:38:25,OTHER,PAUSE,,,,,,,,,,,,,,,,,,,,,,,,,,,,,,,,,,,,,,,14.90085220336914,False
1737650305.941835,2025-01-23 17:38:25,OTHER,PAUSE,,,,,,,,,,,,,,,,,,,,,,,,,,,,,,,,,,,,,,,14.92785382270813,False
1737650305.972837,2025-01-23 17:38:25,OTHER,PAUSE,,,,,,,,,,,,,,,,,,,,,,,,,,,,,,,,,,,,,,,14.958855867385864,False
1737650306.0028386,2025-01-23 17:38:26,OTHER,PAUSE,,,,,,,,,,,,,,,,,,,,,,,,,,,,,,,,,,,,,,,14.988857507705688,False
1737650306.0308404,2025-01-23 17:38:26,OTHER,PAUSE,,,,,,,,,,,,,,,,,,,,,,,,,,,,,,,,,,,,,,,15.016859292984009,False
1737650306.064842,2025-01-23 17:38:26,OTHER,PAUSE,,,,,,,,,,,,,,,,,,,,,,,,,,,,,,,,,,,,,,,15.05086088180542,False
1737650306.0908437,2025-01-23 17:38:26,OTHER,PAUSE,,,,,,,,,,,,,,,,,,,,,,,,,,,,,,,,,,,,,,,15.076862573623657,False
1737650306.1198454,2025-01-23 17:38:26,OTHER,PAUSE,,,,,,,,,,,,,,,,,,,,,,,,,,,,,,,,,,,,,,,15.10586428642273,False
1737650306.1458468,2025-01-23 17:38:26,OTHER,PAUSE,,,,,,,,,,,,,,,,,,,,,,,,,,,,,,,,,,,,,,,15.131865739822388,False
1737650306.1748486,2025-01-23 17:38:26,OTHER,PAUSE,,,,,,,,,,,,,,,,,,,,,,,,,,,,,,,,,,,,,,,15.16086745262146,False
1737650306.2068503,2025-01-23 17:38:26,OTHER,PAUSE,,,,,,,,,,,,,,,,,,,,,,,,,,,,,,,,,,,,,,,15.192869186401367,False
1737650306.238852,2025-01-23 17:38:26,OTHER,PAUSE,,,,,,,,,,,,,,,,,,,,,,,,,,,,,,,,,,,,,,,15.224870920181274,False
1737650306.2768543,2025-01-23 17:38:26,OTHER,PAUSE,,,,,,,,,,,,,,,,,,,,,,,,,,,,,,,,,,,,,,,15.26287317276001,False
1737650306.3048558,2025-01-23 17:38:26,OTHER,PAUSE,,,,,,,,,,,,,,,,,,,,,,,,,,,,,,,,,,,,,,,15.290874719619751,False
1737650306.3408577,2025-01-23 17:38:26,OTHER,PAUSE,,,,,,,,,,,,,,,,,,,,,,,,,,,,,,,,,,,,,,,15.326876640319824,False
1737650306.3748598,2025-01-23 17:38:26,OTHER,PAUSE,,,,,,,,,,,,,,,,,,,,,,,,,,,,,,,,,,,,,,,15.360878705978394,False
1737650306.3998613,2025-01-23 17:38:26,OTHER,PAUSE,,,,,,,,,,,,,,,,,,,,,,,,,,,,,,,,,,,,,,,15.3858802318573,False
1737650306.4308631,2025-01-23 17:38:26,OTHER,PAUSE,,,,,,,,,,,,,,,,,,,,,,,,,,,,,,,,,,,,,,,15.416882038116455,False
1737650306.4598646,2025-01-23 17:38:26,OTHER,PAUSE,,,,,,,,,,,,,,,,,,,,,,,,,,,,,,,,,,,,,,,15.445883512496948,False
1737650306.4908664,2025-01-23 17:38:26,OTHER,PAUSE,,,,,,,,,,,,,,,,,,,,,,,,,,,,,,,,,,,,,,,15.476885318756104,False
1737650306.514868,2025-01-23 17:38:26,OTHER,PAUSE,,,,,,,,,,,,,,,,,,,,,,,,,,,,,,,,,,,,,,,15.500886917114258,False
1737650306.5438695,2025-01-23 17:38:26,OTHER,PAUSE,,,,,,,,,,,,,,,,,,,,,,,,,,,,,,,,,,,,,,,15.529888391494751,False
1737650306.5758712,2025-01-23 17:38:26,OTHER,PAUSE,,,,,,,,,,,,,,,,,,,,,,,,,,,,,,,,,,,,,,,15.561890125274658,False
1737650306.604873,2025-01-23 17:38:26,OTHER,PAUSE,,,,,,,,,,,,,,,,,,,,,,,,,,,,,,,,,,,,,,,15.59089183807373,False
1737650306.6298745,2025-01-23 17:38:26,OTHER,PAUSE,,,,,,,,,,,,,,,,,,,,,,,,,,,,,,,,,,,,,,,15.615893363952637,False
1737650306.6628764,2025-01-23 17:38:26,OTHER,PAUSE,,,,,,,,,,,,,,,,,,,,,,,,,,,,,,,,,,,,,,,15.648895263671875,False
1737650306.6918778,2025-01-23 17:38:26,OTHER,PAUSE,,,,,,,,,,,,,,,,,,,,,,,,,,,,,,,,,,,,,,,15.677896738052368,False
1737650306.7148793,2025-01-23 17:38:26,OTHER,PAUSE,,,,,,,,,,,,,,,,,,,,,,,,,,,,,,,,,,,,,,,15.700898170471191,False
1737650306.742881,2025-01-23 17:38:26,OTHER,PAUSE,,,,,,,,,,,,,,,,,,,,,,,,,,,,,,,,,,,,,,,15.728899955749512,False
1737650306.7738826,2025-01-23 17:38:26,OTHER,PAUSE,,,,,,,,,,,,,,,,,,,,,,,,,,,,,,,,,,,,,,,15.759901523590088,False
1737650306.7998843,2025-01-23 17:38:26,OTHER,PAUSE,,,,,,,,,,,,,,,,,,,,,,,,,,,,,,,,,,,,,,,15.785903215408325,False
1737650306.8248856,2025-01-23 17:38:26,OTHER,PAUSE,,,,,,,,,,,,,,,,,,,,,,,,,,,,,,,,,,,,,,,15.810904502868652,False
1737650306.851887,2025-01-23 17:38:26,OTHER,PAUSE,,,,,,,,,,,,,,,,,,,,,,,,,,,,,,,,,,,,,,,15.837905883789062,False
1737650306.8918893,2025-01-23 17:38:26,OTHER,PAUSE,,,,,,,,,,,,,,,,,,,,,,,,,,,,,,,,,,,,,,,15.87790822982788,False
1737650306.9288914,2025-01-23 17:38:26,OTHER,PAUSE,,,,,,,,,,,,,,,,,,,,,,,,,,,,,,,,,,,,,,,15.914910316467285,False
1737650306.9578931,2025-01-23 17:38:26,OTHER,PAUSE,,,,,,,,,,,,,,,,,,,,,,,,,,,,,,,,,,,,,,,15.943912029266357,False
1737650306.985895,2025-01-23 17:38:26,OTHER,PAUSE,,,,,,,,,,,,,,,,,,,,,,,,,,,,,,,,,,,,,,,15.971913814544678,False
1737650307.0178967,2025-01-23 17:38:27,OTHER,PAUSE,,,,,,,,,,,,,,,,,,,,,,,,,,,,,,,,,,,,,,,16.003915548324585,False
1737650307.0498984,2025-01-23 17:38:27,OTHER,PAUSE,,,,,,,,,,,,,,,,,,,,,,,,,,,,,,,,,,,,,,,16.035917282104492,False
1737650307.0769,2025-01-23 17:38:27,OTHER,PAUSE,,,,,,,,,,,,,,,,,,,,,,,,,,,,,,,,,,,,,,,16.06291890144348,False
1737650307.1069016,2025-01-23 17:38:27,OTHER,PAUSE,,,,,,,,,,,,,,,,,,,,,,,,,,,,,,,,,,,,,,,16.092920541763306,False
1737650307.1359036,2025-01-23 17:38:27,OTHER,PAUSE,,,,,,,,,,,,,,,,,,,,,,,,,,,,,,,,,,,,,,,16.121922492980957,False
1737650307.1659052,2025-01-23 17:38:27,OTHER,PAUSE,,,,,,,,,,,,,,,,,,,,,,,,,,,,,,,,,,,,,,,16.15192413330078,False
1737650307.1929064,2025-01-23 17:38:27,OTHER,PAUSE,,,,,,,,,,,,,,,,,,,,,,,,,,,,,,,,,,,,,,,16.178925275802612,False
1737650307.2229085,2025-01-23 17:38:27,OTHER,PAUSE,,,,,,,,,,,,,,,,,,,,,,,,,,,,,,,,,,,,,,,16.208927392959595,False
1737650307.25391,2025-01-23 17:38:27,OTHER,PAUSE,,,,,,,,,,,,,,,,,,,,,,,,,,,,,,,,,,,,,,,16.23992896080017,False
1737650307.2839117,2025-01-23 17:38:27,OTHER,PAUSE,,,,,,,,,,,,,,,,,,,,,,,,,,,,,,,,,,,,,,,16.269930601119995,False
1737650307.3099134,2025-01-23 17:38:27,OTHER,PAUSE,,,,,,,,,,,,,,,,,,,,,,,,,,,,,,,,,,,,,,,16.295932292938232,False
1737650307.337915,2025-01-23 17:38:27,OTHER,PAUSE,,,,,,,,,,,,,,,,,,,,,,,,,,,,,,,,,,,,,,,16.323933839797974,False
1737650307.3689167,2025-01-23 17:38:27,OTHER,PAUSE,,,,,,,,,,,,,,,,,,,,,,,,,,,,,,,,,,,,,,,16.35493564605713,False
1737650307.3969183,2025-01-23 17:38:27,OTHER,PAUSE,,,,,,,,,,,,,,,,,,,,,,,,,,,,,,,,,,,,,,,16.38293719291687,False
1737650307.42392,2025-01-23 17:38:27,OTHER,PAUSE,,,,,,,,,,,,,,,,,,,,,,,,,,,,,,,,,,,,,,,16.40993881225586,False
1737650307.4539216,2025-01-23 17:38:27,OTHER,PAUSE,,,,,,,,,,,,,,,,,,,,,,,,,,,,,,,,,,,,,,,16.439940452575684,False
1737650307.493924,2025-01-23 17:38:27,OTHER,PAUSE,,,,,,,,,,,,,,,,,,,,,,,,,,,,,,,,,,,,,,,16.479942798614502,False
1737650307.530926,2025-01-23 17:38:27,OTHER,PAUSE,,,,,,,,,,,,,,,,,,,,,,,,,,,,,,,,,,,,,,,16.516944885253906,False
1737650307.563928,2025-01-23 17:38:27,OTHER,PAUSE,,,,,,,,,,,,,,,,,,,,,,,,,,,,,,,,,,,,,,,16.549946784973145,False
1737650307.5959296,2025-01-23 17:38:27,OTHER,PAUSE,,,,,,,,,,,,,,,,,,,,,,,,,,,,,,,,,,,,,,,16.58194851875305,False
1737650307.6239314,2025-01-23 17:38:27,OTHER,PAUSE,,,,,,,,,,,,,,,,,,,,,,,,,,,,,,,,,,,,,,,16.609950304031372,False
1737650307.653933,2025-01-23 17:38:27,OTHER,PAUSE,,,,,,,,,,,,,,,,,,,,,,,,,,,,,,,,,,,,,,,16.639951944351196,False
1737650307.6889348,2025-01-23 17:38:27,OTHER,PAUSE,,,,,,,,,,,,,,,,,,,,,,,,,,,,,,,,,,,,,,,16.67495369911194,False
1737650307.721937,2025-01-23 17:38:27,OTHER,PAUSE,,,,,,,,,,,,,,,,,,,,,,,,,,,,,,,,,,,,,,,16.707955837249756,False
1737650307.7509387,2025-01-23 17:38:27,OTHER,PAUSE,,,,,,,,,,,,,,,,,,,,,,,,,,,,,,,,,,,,,,,16.736957550048828,False
1737650307.7859404,2025-01-23 17:38:27,OTHER,PAUSE,,,,,,,,,,,,,,,,,,,,,,,,,,,,,,,,,,,,,,,16.77195930480957,False
1737650307.8169425,2025-01-23 17:38:27,OTHER,PAUSE,,,,,,,,,,,,,,,,,,,,,,,,,,,,,,,,,,,,,,,16.802961349487305,False
1737650307.8459442,2025-01-23 17:38:27,OTHER,PAUSE,,,,,,,,,,,,,,,,,,,,,,,,,,,,,,,,,,,,,,,16.831963062286377,False
1737650307.8729453,2025-01-23 17:38:27,OTHER,PAUSE,,,,,,,,,,,,,,,,,,,,,,,,,,,,,,,,,,,,,,,16.858964204788208,False
1737650307.900947,2025-01-23 17:38:27,OTHER,PAUSE,,,,,,,,,,,,,,,,,,,,,,,,,,,,,,,,,,,,,,,16.88696599006653,False
1737650307.9279487,2025-01-23 17:38:27,OTHER,PAUSE,,,,,,,,,,,,,,,,,,,,,,,,,,,,,,,,,,,,,,,16.913967609405518,False
1737650307.9579504,2025-01-23 17:38:27,OTHER,PAUSE,,,,,,,,,,,,,,,,,,,,,,,,,,,,,,,,,,,,,,,16.943969249725342,False
1737650307.9919524,2025-01-23 17:38:27,OTHER,PAUSE,,,,,,,,,,,,,,,,,,,,,,,,,,,,,,,,,,,,,,,16.97797131538391,False
1737650308.0239542,2025-01-23 17:38:28,OTHER,PAUSE,,,,,,,,,,,,,,,,,,,,,,,,,,,,,,,,,,,,,,,17.00997304916382,False
1737650308.0609565,2025-01-23 17:38:28,OTHER,PAUSE,,,,,,,,,,,,,,,,,,,,,,,,,,,,,,,,,,,,,,,17.0469753742218,False
1737650308.0979583,2025-01-23 17:38:28,OTHER,PAUSE,,,,,,,,,,,,,,,,,,,,,,,,,,,,,,,,,,,,,,,17.083977222442627,False
1737650308.12696,2025-01-23 17:38:28,OTHER,PAUSE,,,,,,,,,,,,,,,,,,,,,,,,,,,,,,,,,,,,,,,17.1129789352417,False
1737650308.1569617,2025-01-23 17:38:28,OTHER,PAUSE,,,,,,,,,,,,,,,,,,,,,,,,,,,,,,,,,,,,,,,17.142980575561523,False
1737650308.1849632,2025-01-23 17:38:28,OTHER,PAUSE,,,,,,,,,,,,,,,,,,,,,,,,,,,,,,,,,,,,,,,17.170982122421265,False
1737650308.2169652,2025-01-23 17:38:28,OTHER,PAUSE,,,,,,,,,,,,,,,,,,,,,,,,,,,,,,,,,,,,,,,17.20298409461975,False
1737650308.247967,2025-01-23 17:38:28,OTHER,PAUSE,,,,,,,,,,,,,,,,,,,,,,,,,,,,,,,,,,,,,,,17.233985900878906,False
1737650308.2769687,2025-01-23 17:38:28,OTHER,PAUSE,,,,,,,,,,,,,,,,,,,,,,,,,,,,,,,,,,,,,,,17.26298761367798,False
1737650308.3089705,2025-01-23 17:38:28,OTHER,PAUSE,,,,,,,,,,,,,,,,,,,,,,,,,,,,,,,,,,,,,,,17.294989347457886,False
1737650308.3419726,2025-01-23 17:38:28,OTHER,PAUSE,,,,,,,,,,,,,,,,,,,,,,,,,,,,,,,,,,,,,,,17.327991485595703,False
1737650308.3729742,2025-01-23 17:38:28,OTHER,PAUSE,,,,,,,,,,,,,,,,,,,,,,,,,,,,,,,,,,,,,,,17.35899305343628,False
1737650308.3979754,2025-01-23 17:38:28,OTHER,PAUSE,,,,,,,,,,,,,,,,,,,,,,,,,,,,,,,,,,,,,,,17.383994340896606,False
1737650308.424977,2025-01-23 17:38:28,OTHER,PAUSE,,,,,,,,,,,,,,,,,,,,,,,,,,,,,,,,,,,,,,,17.410995960235596,False
1737650308.4549787,2025-01-23 17:38:28,OTHER,PAUSE,,,,,,,,,,,,,,,,,,,,,,,,,,,,,,,,,,,,,,,17.44099760055542,False
1737650308.4859807,2025-01-23 17:38:28,OTHER,PAUSE,,,,,,,,,,,,,,,,,,,,,,,,,,,,,,,,,,,,,,,17.471999645233154,False
1737650308.5139823,2025-01-23 17:38:28,OTHER,PAUSE,,,,,,,,,,,,,,,,,,,,,,,,,,,,,,,,,,,,,,,17.500001192092896,False
1737650308.5499842,2025-01-23 17:38:28,OTHER,PAUSE,,,,,,,,,,,,,,,,,,,,,,,,,,,,,,,,,,,,,,,17.53600311279297,False
1737650308.5799859,2025-01-23 17:38:28,OTHER,PAUSE,,,,,,,,,,,,,,,,,,,,,,,,,,,,,,,,,,,,,,,17.566004753112793,False
1737650308.617988,2025-01-23 17:38:28,OTHER,PAUSE,,,,,,,,,,,,,,,,,,,,,,,,,,,,,,,,,,,,,,,17.60400700569153,False
1737650308.6569905,2025-01-23 17:38:28,OTHER,PAUSE,,,,,,,,,,,,,,,,,,,,,,,,,,,,,,,,,,,,,,,17.643009424209595,False
1737650308.6969929,2025-01-23 17:38:28,OTHER,PAUSE,,,,,,,,,,,,,,,,,,,,,,,,,,,,,,,,,,,,,,,17.683011770248413,False
1737650308.7329948,2025-01-23 17:38:28,OTHER,PAUSE,,,,,,,,,,,,,,,,,,,,,,,,,,,,,,,,,,,,,,,17.719013690948486,False
1737650308.7619963,2025-01-23 17:38:28,OTHER,PAUSE,,,,,,,,,,,,,,,,,,,,,,,,,,,,,,,,,,,,,,,17.74801516532898,False
1737650308.790998,2025-01-23 17:38:28,OTHER,PAUSE,,,,,,,,,,,,,,,,,,,,,,,,,,,,,,,,,,,,,,,17.77701687812805,False
1737650308.8199997,2025-01-23 17:38:28,OTHER,PAUSE,,,,,,,,,,,,,,,,,,,,,,,,,,,,,,,,,,,,,,,17.806018590927124,False
1737650308.8530018,2025-01-23 17:38:28,OTHER,PAUSE,,,,,,,,,,,,,,,,,,,,,,,,,,,,,,,,,,,,,,,17.83902072906494,False
1737650308.8850036,2025-01-23 17:38:28,OTHER,PAUSE,,,,,,,,,,,,,,,,,,,,,,,,,,,,,,,,,,,,,,,17.87102246284485,False
1737650308.914005,2025-01-23 17:38:28,OTHER,PAUSE,,,,,,,,,,,,,,,,,,,,,,,,,,,,,,,,,,,,,,,17.900023937225342,False
1737650308.9430068,2025-01-23 17:38:28,OTHER,PAUSE,,,,,,,,,,,,,,,,,,,,,,,,,,,,,,,,,,,,,,,17.929025650024414,False
1737650308.9750085,2025-01-23 17:38:28,OTHER,PAUSE,,,,,,,,,,,,,,,,,,,,,,,,,,,,,,,,,,,,,,,17.96102738380432,False
1737650309.0030103,2025-01-23 17:38:29,OTHER,PAUSE,,,,,,,,,,,,,,,,,,,,,,,,,,,,,,,,,,,,,,,17.98902916908264,False
1737650309.0340118,2025-01-23 17:38:29,OTHER,PAUSE,,,,,,,,,,,,,,,,,,,,,,,,,,,,,,,,,,,,,,,18.020030736923218,False
1737650309.0640137,2025-01-23 17:38:29,OTHER,PAUSE,,,,,,,,,,,,,,,,,,,,,,,,,,,,,,,,,,,,,,,18.05003261566162,False
1737650309.0960157,2025-01-23 17:38:29,OTHER,PAUSE,,,,,,,,,,,,,,,,,,,,,,,,,,,,,,,,,,,,,,,18.082034587860107,False
1737650309.1280174,2025-01-23 17:38:29,OTHER,PAUSE,,,,,,,,,,,,,,,,,,,,,,,,,,,,,,,,,,,,,,,18.114036321640015,False
1737650309.156019,2025-01-23 17:38:29,OTHER,PAUSE,,,,,,,,,,,,,,,,,,,,,,,,,,,,,,,,,,,,,,,18.142037868499756,False
1737650309.1840205,2025-01-23 17:38:29,OTHER,PAUSE,,,,,,,,,,,,,,,,,,,,,,,,,,,,,,,,,,,,,,,18.170039415359497,False
1737650309.2220228,2025-01-23 17:38:29,OTHER,PAUSE,,,,,,,,,,,,,,,,,,,,,,,,,,,,,,,,,,,,,,,18.208041667938232,False
1737650309.2670255,2025-01-23 17:38:29,OTHER,PAUSE,,,,,,,,,,,,,,,,,,,,,,,,,,,,,,,,,,,,,,,18.253044366836548,False
1737650309.298027,2025-01-23 17:38:29,OTHER,PAUSE,,,,,,,,,,,,,,,,,,,,,,,,,,,,,,,,,,,,,,,18.284045934677124,False
1737650309.3280287,2025-01-23 17:38:29,OTHER,PAUSE,,,,,,,,,,,,,,,,,,,,,,,,,,,,,,,,,,,,,,,18.31404757499695,False
1737650309.3570304,2025-01-23 17:38:29,OTHER,PAUSE,,,,,,,,,,,,,,,,,,,,,,,,,,,,,,,,,,,,,,,18.34304928779602,False
1737650309.3910322,2025-01-23 17:38:29,OTHER,PAUSE,,,,,,,,,,,,,,,,,,,,,,,,,,,,,,,,,,,,,,,18.37705111503601,False
1737650309.4220343,2025-01-23 17:38:29,OTHER,PAUSE,,,,,,,,,,,,,,,,,,,,,,,,,,,,,,,,,,,,,,,18.408053159713745,False
1737650309.449036,2025-01-23 17:38:29,OTHER,PAUSE,,,,,,,,,,,,,,,,,,,,,,,,,,,,,,,,,,,,,,,18.435054779052734,False
1737650309.4820375,2025-01-23 17:38:29,OTHER,PAUSE,,,,,,,,,,,,,,,,,,,,,,,,,,,,,,,,,,,,,,,18.468056440353394,False
1737650309.5190396,2025-01-23 17:38:29,OTHER,PAUSE,,,,,,,,,,,,,,,,,,,,,,,,,,,,,,,,,,,,,,,18.505058526992798,False
1737650309.5530417,2025-01-23 17:38:29,OTHER,PAUSE,,,,,,,,,,,,,,,,,,,,,,,,,,,,,,,,,,,,,,,18.539060592651367,False
1737650309.5800433,2025-01-23 17:38:29,OTHER,PAUSE,,,,,,,,,,,,,,,,,,,,,,,,,,,,,,,,,,,,,,,18.566062211990356,False
1737650309.6080449,2025-01-23 17:38:29,OTHER,PAUSE,,,,,,,,,,,,,,,,,,,,,,,,,,,,,,,,,,,,,,,18.594063758850098,False
1737650309.6360464,2025-01-23 17:38:29,OTHER,PAUSE,,,,,,,,,,,,,,,,,,,,,,,,,,,,,,,,,,,,,,,18.62206530570984,False
1737650309.662048,2025-01-23 17:38:29,OTHER,PAUSE,,,,,,,,,,,,,,,,,,,,,,,,,,,,,,,,,,,,,,,18.648066997528076,False
1737650309.69605,2025-01-23 17:38:29,OTHER,PAUSE,,,,,,,,,,,,,,,,,,,,,,,,,,,,,,,,,,,,,,,18.682068824768066,False
1737650309.7290516,2025-01-23 17:38:29,OTHER,PAUSE,,,,,,,,,,,,,,,,,,,,,,,,,,,,,,,,,,,,,,,18.715070486068726,False
1737650309.7600534,2025-01-23 17:38:29,OTHER,PAUSE,,,,,,,,,,,,,,,,,,,,,,,,,,,,,,,,,,,,,,,18.74607229232788,False
1737650309.8010557,2025-01-23 17:38:29,OTHER,PAUSE,,,,,,,,,,,,,,,,,,,,,,,,,,,,,,,,,,,,,,,18.78707456588745,False
1737650309.8320577,2025-01-23 17:38:29,OTHER,PAUSE,,,,,,,,,,,,,,,,,,,,,,,,,,,,,,,,,,,,,,,18.818076610565186,False
1737650309.8620594,2025-01-23 17:38:29,OTHER,PAUSE,,,,,,,,,,,,,,,,,,,,,,,,,,,,,,,,,,,,,,,18.84807825088501,False
1737650309.890061,2025-01-23 17:38:29,OTHER,PAUSE,,,,,,,,,,,,,,,,,,,,,,,,,,,,,,,,,,,,,,,18.87607979774475,False
1737650309.925063,2025-01-23 17:38:29,OTHER,PAUSE,,,,,,,,,,,,,,,,,,,,,,,,,,,,,,,,,,,,,,,18.911081790924072,False
1737650309.9560647,2025-01-23 17:38:29,OTHER,PAUSE,,,,,,,,,,,,,,,,,,,,,,,,,,,,,,,,,,,,,,,18.942083597183228,False
1737650309.9880667,2025-01-23 17:38:29,OTHER,PAUSE,,,,,,,,,,,,,,,,,,,,,,,,,,,,,,,,,,,,,,,18.974085569381714,False
1737650310.0190685,2025-01-23 17:38:30,OTHER,PAUSE,,,,,,,,,,,,,,,,,,,,,,,,,,,,,,,,,,,,,,,19.00508737564087,False
1737650310.04807,2025-01-23 17:38:30,OTHER,PAUSE,,,,,,,,,,,,,,,,,,,,,,,,,,,,,,,,,,,,,,,19.034088850021362,False
1737650310.0780718,2025-01-23 17:38:30,OTHER,PAUSE,,,,,,,,,,,,,,,,,,,,,,,,,,,,,,,,,,,,,,,19.064090728759766,False
1737650310.1180742,2025-01-23 17:38:30,OTHER,PAUSE,,,,,,,,,,,,,,,,,,,,,,,,,,,,,,,,,,,,,,,19.104093074798584,False
1737650310.150076,2025-01-23 17:38:30,OTHER,PAUSE,,,,,,,,,,,,,,,,,,,,,,,,,,,,,,,,,,,,,,,19.13609480857849,False
1737650310.1850777,2025-01-23 17:38:30,OTHER,PAUSE,,,,,,,,,,,,,,,,,,,,,,,,,,,,,,,,,,,,,,,19.171096563339233,False
1737650310.2150793,2025-01-23 17:38:30,OTHER,PAUSE,,,,,,,,,,,,,,,,,,,,,,,,,,,,,,,,,,,,,,,19.201098203659058,False
1737650310.2460814,2025-01-23 17:38:30,OTHER,PAUSE,,,,,,,,,,,,,,,,,,,,,,,,,,,,,,,,,,,,,,,19.232100248336792,False
1737650310.2810833,2025-01-23 17:38:30,OTHER,PAUSE,,,,,,,,,,,,,,,,,,,,,,,,,,,,,,,,,,,,,,,19.267102241516113,False
1737650310.3100848,2025-01-23 17:38:30,OTHER,PAUSE,,,,,,,,,,,,,,,,,,,,,,,,,,,,,,,,,,,,,,,19.296103715896606,False
1737650310.344087,2025-01-23 17:38:30,OTHER,PAUSE,,,,,,,,,,,,,,,,,,,,,,,,,,,,,,,,,,,,,,,19.330105781555176,False
1737650310.3820891,2025-01-23 17:38:30,OTHER,PAUSE,,,,,,,,,,,,,,,,,,,,,,,,,,,,,,,,,,,,,,,19.36810803413391,False
1737650310.4170911,2025-01-23 17:38:30,OTHER,PAUSE,,,,,,,,,,,,,,,,,,,,,,,,,,,,,,,,,,,,,,,19.403110027313232,False
1737650310.4580934,2025-01-23 17:38:30,OTHER,PAUSE,,,,,,,,,,,,,,,,,,,,,,,,,,,,,,,,,,,,,,,19.444112300872803,False
1737650310.487095,2025-01-23 17:38:30,OTHER,PAUSE,,,,,,,,,,,,,,,,,,,,,,,,,,,,,,,,,,,,,,,19.473114013671875,False
1737650310.5160968,2025-01-23 17:38:30,OTHER,PAUSE,,,,,,,,,,,,,,,,,,,,,,,,,,,,,,,,,,,,,,,19.502115726470947,False
1737650310.5480986,2025-01-23 17:38:30,OTHER,PAUSE,,,,,,,,,,,,,,,,,,,,,,,,,,,,,,,,,,,,,,,19.534117460250854,False
1737650310.5791004,2025-01-23 17:38:30,OTHER,PAUSE,,,,,,,,,,,,,,,,,,,,,,,,,,,,,,,,,,,,,,,19.56511926651001,False
1737650310.611102,2025-01-23 17:38:30,OTHER,PAUSE,,,,,,,,,,,,,,,,,,,,,,,,,,,,,,,,,,,,,,,19.597121000289917,False
1737650310.6401036,2025-01-23 17:38:30,OTHER,PAUSE,,,,,,,,,,,,,,,,,,,,,,,,,,,,,,,,,,,,,,,19.62612247467041,False
1737650310.6711056,2025-01-23 17:38:30,OTHER,PAUSE,,,,,,,,,,,,,,,,,,,,,,,,,,,,,,,,,,,,,,,19.657124519348145,False
1737650310.7021074,2025-01-23 17:38:30,OTHER,PAUSE,,,,,,,,,,,,,,,,,,,,,,,,,,,,,,,,,,,,,,,19.6881263256073,False
1737650310.733109,2025-01-23 17:38:30,OTHER,PAUSE,,,,,,,,,,,,,,,,,,,,,,,,,,,,,,,,,,,,,,,19.719127893447876,False
1737650310.7631109,2025-01-23 17:38:30,OTHER,PAUSE,,,,,,,,,,,,,,,,,,,,,,,,,,,,,,,,,,,,,,,19.74912977218628,False
1737650310.799113,2025-01-23 17:38:30,OTHER,PAUSE,,,,,,,,,,,,,,,,,,,,,,,,,,,,,,,,,,,,,,,19.78513193130493,False
1737650310.8281147,2025-01-23 17:38:30,OTHER,PAUSE,,,,,,,,,,,,,,,,,,,,,,,,,,,,,,,,,,,,,,,19.814133644104004,False
1737650310.8601165,2025-01-23 17:38:30,OTHER,PAUSE,,,,,,,,,,,,,,,,,,,,,,,,,,,,,,,,,,,,,,,19.84613537788391,False
1737650310.888118,2025-01-23 17:38:30,OTHER,PAUSE,,,,,,,,,,,,,,,,,,,,,,,,,,,,,,,,,,,,,,,19.874136924743652,False
1737650310.9181197,2025-01-23 17:38:30,OTHER,PAUSE,,,,,,,,,,,,,,,,,,,,,,,,,,,,,,,,,,,,,,,19.904138565063477,False
1737650310.9641223,2025-01-23 17:38:30,OTHER,PAUSE,,,,,,,,,,,,,,,,,,,,,,,,,,,,,,,,,,,,,,,19.950141191482544,False
1737650310.9981244,2025-01-23 17:38:30,OTHER,PAUSE,,,,,,,,,,,,,,,,,,,,,,,,,,,,,,,,,,,,,,,19.984143257141113,False
1737650311.0361264,2025-01-23 17:38:31,OTHER,PAUSE,,,,,,,,,,,,,,,,,,,,,,,,,,,,,,,,,,,,,,,20.02214527130127,False
1737650311.0681283,2025-01-23 17:38:31,OTHER,PAUSE,,,,,,,,,,,,,,,,,,,,,,,,,,,,,,,,,,,,,,,20.054147243499756,False
1737650311.1011302,2025-01-23 17:38:31,OTHER,PAUSE,,,,,,,,,,,,,,,,,,,,,,,,,,,,,,,,,,,,,,,20.087149143218994,False
1737650311.135132,2025-01-23 17:38:31,OTHER,PAUSE,,,,,,,,,,,,,,,,,,,,,,,,,,,,,,,,,,,,,,,20.121150970458984,False
1737650311.167134,2025-01-23 17:38:31,OTHER,PAUSE,,,,,,,,,,,,,,,,,,,,,,,,,,,,,,,,,,,,,,,20.15315294265747,False
1737650311.202136,2025-01-23 17:38:31,OTHER,PAUSE,,,,,,,,,,,,,,,,,,,,,,,,,,,,,,,,,,,,,,,20.188154935836792,False
1737650311.237138,2025-01-23 17:38:31,OTHER,PAUSE,,,,,,,,,,,,,,,,,,,,,,,,,,,,,,,,,,,,,,,20.223156929016113,False
1737650311.27014,2025-01-23 17:38:31,OTHER,PAUSE,,,,,,,,,,,,,,,,,,,,,,,,,,,,,,,,,,,,,,,20.25615882873535,False
1737650311.3001416,2025-01-23 17:38:31,OTHER,PAUSE,,,,,,,,,,,,,,,,,,,,,,,,,,,,,,,,,,,,,,,20.286160469055176,False
1737650311.3361437,2025-01-23 17:38:31,OTHER,PAUSE,,,,,,,,,,,,,,,,,,,,,,,,,,,,,,,,,,,,,,,20.322162628173828,False
1737650311.3681455,2025-01-23 17:38:31,OTHER,PAUSE,,,,,,,,,,,,,,,,,,,,,,,,,,,,,,,,,,,,,,,20.354164361953735,False
1737650311.4011474,2025-01-23 17:38:31,OTHER,PAUSE,,,,,,,,,,,,,,,,,,,,,,,,,,,,,,,,,,,,,,,20.387166261672974,False
1737650311.432149,2025-01-23 17:38:31,OTHER,PAUSE,,,,,,,,,,,,,,,,,,,,,,,,,,,,,,,,,,,,,,,20.41816782951355,False
1737650311.4641507,2025-01-23 17:38:31,OTHER,PAUSE,,,,,,,,,,,,,,,,,,,,,,,,,,,,,,,,,,,,,,,20.450169563293457,False
1737650311.5071535,2025-01-23 17:38:31,OTHER,PAUSE,,,,,,,,,,,,,,,,,,,,,,,,,,,,,,,,,,,,,,,20.49317240715027,False
1737650311.5461555,2025-01-23 17:38:31,OTHER,PAUSE,,,,,,,,,,,,,,,,,,,,,,,,,,,,,,,,,,,,,,,20.532174348831177,False
1737650311.5751572,2025-01-23 17:38:31,OTHER,PAUSE,,,,,,,,,,,,,,,,,,,,,,,,,,,,,,,,,,,,,,,20.56117606163025,False
1737650311.6131594,2025-01-23 17:38:31,OTHER,PAUSE,,,,,,,,,,,,,,,,,,,,,,,,,,,,,,,,,,,,,,,20.599178314208984,False
1737650311.6481616,2025-01-23 17:38:31,OTHER,PAUSE,,,,,,,,,,,,,,,,,,,,,,,,,,,,,,,,,,,,,,,20.634180545806885,False
1737650311.6781633,2025-01-23 17:38:31,OTHER,PAUSE,,,,,,,,,,,,,,,,,,,,,,,,,,,,,,,,,,,,,,,20.66418218612671,False
1737650311.712165,2025-01-23 17:38:31,OTHER,PAUSE,,,,,,,,,,,,,,,,,,,,,,,,,,,,,,,,,,,,,,,20.6981840133667,False
1737650311.7471669,2025-01-23 17:38:31,OTHER,PAUSE,,,,,,,,,,,,,,,,,,,,,,,,,,,,,,,,,,,,,,,20.73318576812744,False
1737650311.7861693,2025-01-23 17:38:31,OTHER,PAUSE,,,,,,,,,,,,,,,,,,,,,,,,,,,,,,,,,,,,,,,20.772188186645508,False
1737650311.8231716,2025-01-23 17:38:31,OTHER,PAUSE,,,,,,,,,,,,,,,,,,,,,,,,,,,,,,,,,,,,,,,20.80919051170349,False
1737650311.8591733,2025-01-23 17:38:31,OTHER,PAUSE,,,,,,,,,,,,,,,,,,,,,,,,,,,,,,,,,,,,,,,20.845192193984985,False
1737650311.8921754,2025-01-23 17:38:31,OTHER,PAUSE,,,,,,,,,,,,,,,,,,,,,,,,,,,,,,,,,,,,,,,20.878194332122803,False
1737650311.922177,2025-01-23 17:38:31,OTHER,PAUSE,,,,,,,,,,,,,,,,,,,,,,,,,,,,,,,,,,,,,,,20.908195972442627,False
1737650311.955179,2025-01-23 17:38:31,OTHER,PAUSE,,,,,,,,,,,,,,,,,,,,,,,,,,,,,,,,,,,,,,,20.941197872161865,False
1737650311.9831805,2025-01-23 17:38:31,OTHER,PAUSE,,,,,,,,,,,,,,,,,,,,,,,,,,,,,,,,,,,,,,,20.969199419021606,False
1737650312.0151825,2025-01-23 17:38:32,OTHER,PAUSE,,,,,,,,,,,,,,,,,,,,,,,,,,,,,,,,,,,,,,,21.001201391220093,False
1737650312.0541847,2025-01-23 17:38:32,OTHER,PAUSE,,,,,,,,,,,,,,,,,,,,,,,,,,,,,,,,,,,,,,,21.04020357131958,False
1737650312.0911868,2025-01-23 17:38:32,OTHER,PAUSE,,,,,,,,,,,,,,,,,,,,,,,,,,,,,,,,,,,,,,,21.077205657958984,False
1737650312.1261888,2025-01-23 17:38:32,OTHER,PAUSE,,,,,,,,,,,,,,,,,,,,,,,,,,,,,,,,,,,,,,,21.112207651138306,False
1737650312.159191,2025-01-23 17:38:32,OTHER,PAUSE,,,,,,,,,,,,,,,,,,,,,,,,,,,,,,,,,,,,,,,21.145209789276123,False
1737650312.1871922,2025-01-23 17:38:32,OTHER,PAUSE,,,,,,,,,,,,,,,,,,,,,,,,,,,,,,,,,,,,,,,21.173211097717285,False
1737650312.2161942,2025-01-23 17:38:32,OTHER,PAUSE,,,,,,,,,,,,,,,,,,,,,,,,,,,,,,,,,,,,,,,21.202213048934937,False
1737650312.2491958,2025-01-23 17:38:32,OTHER,PAUSE,,,,,,,,,,,,,,,,,,,,,,,,,,,,,,,,,,,,,,,21.235214710235596,False
1737650312.2801976,2025-01-23 17:38:32,OTHER,PAUSE,,,,,,,,,,,,,,,,,,,,,,,,,,,,,,,,,,,,,,,21.26621651649475,False
1737650312.3151994,2025-01-23 17:38:32,OTHER,PAUSE,,,,,,,,,,,,,,,,,,,,,,,,,,,,,,,,,,,,,,,21.301218271255493,False
1737650312.3442013,2025-01-23 17:38:32,OTHER,PAUSE,,,,,,,,,,,,,,,,,,,,,,,,,,,,,,,,,,,,,,,21.330220222473145,False
1737650312.3822033,2025-01-23 17:38:32,OTHER,PAUSE,,,,,,,,,,,,,,,,,,,,,,,,,,,,,,,,,,,,,,,21.3682222366333,False
1737650312.4122052,2025-01-23 17:38:32,OTHER,PAUSE,,,,,,,,,,,,,,,,,,,,,,,,,,,,,,,,,,,,,,,21.398224115371704,False
1737650312.446207,2025-01-23 17:38:32,OTHER,PAUSE,,,,,,,,,,,,,,,,,,,,,,,,,,,,,,,,,,,,,,,21.432225942611694,False
1737650312.479209,2025-01-23 17:38:32,OTHER,PAUSE,,,,,,,,,,,,,,,,,,,,,,,,,,,,,,,,,,,,,,,21.465227842330933,False
1737650312.5092106,2025-01-23 17:38:32,OTHER,PAUSE,,,,,,,,,,,,,,,,,,,,,,,,,,,,,,,,,,,,,,,21.495229482650757,False
1737650312.5402124,2025-01-23 17:38:32,OTHER,PAUSE,,,,,,,,,,,,,,,,,,,,,,,,,,,,,,,,,,,,,,,21.526231288909912,False
1737650312.5722144,2025-01-23 17:38:32,OTHER,PAUSE,,,,,,,,,,,,,,,,,,,,,,,,,,,,,,,,,,,,,,,21.5582332611084,False
1737650312.600216,2025-01-23 17:38:32,OTHER,PAUSE,,,,,,,,,,,,,,,,,,,,,,,,,,,,,,,,,,,,,,,21.58623480796814,False
1737650312.640218,2025-01-23 17:38:32,OTHER,PAUSE,,,,,,,,,,,,,,,,,,,,,,,,,,,,,,,,,,,,,,,21.62623691558838,False
1737650312.6802204,2025-01-23 17:38:32,OTHER,PAUSE,,,,,,,,,,,,,,,,,,,,,,,,,,,,,,,,,,,,,,,21.666239261627197,False
1737650312.7132225,2025-01-23 17:38:32,OTHER,PAUSE,,,,,,,,,,,,,,,,,,,,,,,,,,,,,,,,,,,,,,,21.699241399765015,False
1737650312.7472243,2025-01-23 17:38:32,OTHER,PAUSE,,,,,,,,,,,,,,,,,,,,,,,,,,,,,,,,,,,,,,,21.733243227005005,False
1737650312.7812262,2025-01-23 17:38:32,OTHER,PAUSE,,,,,,,,,,,,,,,,,,,,,,,,,,,,,,,,,,,,,,,21.767245054244995,False
1737650312.8152282,2025-01-23 17:38:32,OTHER,PAUSE,,,,,,,,,,,,,,,,,,,,,,,,,,,,,,,,,,,,,,,21.801247119903564,False
1737650312.8512301,2025-01-23 17:38:32,OTHER,PAUSE,,,,,,,,,,,,,,,,,,,,,,,,,,,,,,,,,,,,,,,21.837249040603638,False
1737650312.8852322,2025-01-23 17:38:32,OTHER,PAUSE,,,,,,,,,,,,,,,,,,,,,,,,,,,,,,,,,,,,,,,21.871251106262207,False
1737650312.913234,2025-01-23 17:38:32,OTHER,PAUSE,,,,,,,,,,,,,,,,,,,,,,,,,,,,,,,,,,,,,,,21.899252891540527,False
1737650312.9472358,2025-01-23 17:38:32,OTHER,PAUSE,,,,,,,,,,,,,,,,,,,,,,,,,,,,,,,,,,,,,,,21.933254718780518,False
1737650312.9792376,2025-01-23 17:38:32,OTHER,PAUSE,,,,,,,,,,,,,,,,,,,,,,,,,,,,,,,,,,,,,,,21.965256452560425,False
1737650313.006239,2025-01-23 17:38:33,OTHER,PAUSE,,,,,,,,,,,,,,,,,,,,,,,,,,,,,,,,,,,,,,,21.992257833480835,False
1737650313.0422413,2025-01-23 17:38:33,OTHER,PAUSE,,,,,,,,,,,,,,,,,,,,,,,,,,,,,,,,,,,,,,,22.028260231018066,False
1737650313.0762432,2025-01-23 17:38:33,OTHER,PAUSE,,,,,,,,,,,,,,,,,,,,,,,,,,,,,,,,,,,,,,,22.062262058258057,False
1737650313.1162455,2025-01-23 17:38:33,OTHER,PAUSE,,,,,,,,,,,,,,,,,,,,,,,,,,,,,,,,,,,,,,,22.102264404296875,False
1737650313.1462471,2025-01-23 17:38:33,OTHER,PAUSE,,,,,,,,,,,,,,,,,,,,,,,,,,,,,,,,,,,,,,,22.1322660446167,False
1737650313.1792488,2025-01-23 17:38:33,OTHER,PAUSE,,,,,,,,,,,,,,,,,,,,,,,,,,,,,,,,,,,,,,,22.16526770591736,False
1737650313.2272518,2025-01-23 17:38:33,OTHER,PAUSE,,,,,,,,,,,,,,,,,,,,,,,,,,,,,,,,,,,,,,,22.213270664215088,False
1737650313.2742546,2025-01-23 17:38:33,OTHER,PAUSE,,,,,,,,,,,,,,,,,,,,,,,,,,,,,,,,,,,,,,,22.260273456573486,False
1737650313.3082566,2025-01-23 17:38:33,OTHER,PAUSE,,,,,,,,,,,,,,,,,,,,,,,,,,,,,,,,,,,,,,,22.294275522232056,False
1737650313.3442585,2025-01-23 17:38:33,OTHER,PAUSE,,,,,,,,,,,,,,,,,,,,,,,,,,,,,,,,,,,,,,,22.33027744293213,False
1737650313.3782604,2025-01-23 17:38:33,OTHER,PAUSE,,,,,,,,,,,,,,,,,,,,,,,,,,,,,,,,,,,,,,,22.36427927017212,False
1737650313.4112623,2025-01-23 17:38:33,OTHER,PAUSE,,,,,,,,,,,,,,,,,,,,,,,,,,,,,,,,,,,,,,,22.397281169891357,False
1737650313.443264,2025-01-23 17:38:33,OTHER,PAUSE,,,,,,,,,,,,,,,,,,,,,,,,,,,,,,,,,,,,,,,22.429282903671265,False
1737650313.476266,2025-01-23 17:38:33,OTHER,PAUSE,,,,,,,,,,,,,,,,,,,,,,,,,,,,,,,,,,,,,,,22.462284803390503,False
1737650313.5062675,2025-01-23 17:38:33,OTHER,PAUSE,,,,,,,,,,,,,,,,,,,,,,,,,,,,,,,,,,,,,,,22.492286443710327,False
1737650313.5392697,2025-01-23 17:38:33,OTHER,PAUSE,,,,,,,,,,,,,,,,,,,,,,,,,,,,,,,,,,,,,,,22.525288581848145,False
1737650313.5702715,2025-01-23 17:38:33,OTHER,PAUSE,,,,,,,,,,,,,,,,,,,,,,,,,,,,,,,,,,,,,,,22.5562903881073,False
1737650313.6032732,2025-01-23 17:38:33,OTHER,PAUSE,,,,,,,,,,,,,,,,,,,,,,,,,,,,,,,,,,,,,,,22.58929204940796,False
1737650313.634275,2025-01-23 17:38:33,OTHER,PAUSE,,,,,,,,,,,,,,,,,,,,,,,,,,,,,,,,,,,,,,,22.620293855667114,False
1737650313.667277,2025-01-23 17:38:33,OTHER,PAUSE,,,,,,,,,,,,,,,,,,,,,,,,,,,,,,,,,,,,,,,22.65329599380493,False
1737650313.6992788,2025-01-23 17:38:33,OTHER,PAUSE,,,,,,,,,,,,,,,,,,,,,,,,,,,,,,,,,,,,,,,22.68529772758484,False
1737650313.7292805,2025-01-23 17:38:33,OTHER,PAUSE,,,,,,,,,,,,,,,,,,,,,,,,,,,,,,,,,,,,,,,22.715299367904663,False
1737650313.7672827,2025-01-23 17:38:33,OTHER,PAUSE,,,,,,,,,,,,,,,,,,,,,,,,,,,,,,,,,,,,,,,22.7533016204834,False
1737650313.806285,2025-01-23 17:38:33,OTHER,PAUSE,,,,,,,,,,,,,,,,,,,,,,,,,,,,,,,,,,,,,,,22.792303800582886,False
1737650313.842287,2025-01-23 17:38:33,OTHER,PAUSE,,,,,,,,,,,,,,,,,,,,,,,,,,,,,,,,,,,,,,,22.828305959701538,False
1737650313.8792892,2025-01-23 17:38:33,OTHER,PAUSE,,,,,,,,,,,,,,,,,,,,,,,,,,,,,,,,,,,,,,,22.865308046340942,False
1737650313.916291,2025-01-23 17:38:33,OTHER,PAUSE,,,,,,,,,,,,,,,,,,,,,,,,,,,,,,,,,,,,,,,22.902309894561768,False
1737650313.9492931,2025-01-23 17:38:33,OTHER,PAUSE,,,,,,,,,,,,,,,,,,,,,,,,,,,,,,,,,,,,,,,22.935312032699585,False
1737650313.980295,2025-01-23 17:38:33,OTHER,PAUSE,,,,,,,,,,,,,,,,,,,,,,,,,,,,,,,,,,,,,,,22.96631383895874,False
1737650314.0102966,2025-01-23 17:38:34,OTHER,PAUSE,,,,,,,,,,,,,,,,,,,,,,,,,,,,,,,,,,,,,,,22.996315479278564,False
1737650314.0442984,2025-01-23 17:38:34,OTHER,PAUSE,,,,,,,,,,,,,,,,,,,,,,,,,,,,,,,,,,,,,,,23.030317306518555,False
1737650314.0793006,2025-01-23 17:38:34,OTHER,PAUSE,,,,,,,,,,,,,,,,,,,,,,,,,,,,,,,,,,,,,,,23.065319538116455,False
1737650314.1113024,2025-01-23 17:38:34,OTHER,PAUSE,,,,,,,,,,,,,,,,,,,,,,,,,,,,,,,,,,,,,,,23.097321271896362,False
1737650314.139304,2025-01-23 17:38:34,OTHER,PAUSE,,,,,,,,,,,,,,,,,,,,,,,,,,,,,,,,,,,,,,,23.125322818756104,False
1737650314.1763062,2025-01-23 17:38:34,OTHER,PAUSE,,,,,,,,,,,,,,,,,,,,,,,,,,,,,,,,,,,,,,,23.162325143814087,False
1737650314.210308,2025-01-23 17:38:34,OTHER,PAUSE,,,,,,,,,,,,,,,,,,,,,,,,,,,,,,,,,,,,,,,23.196326971054077,False
1737650314.24531,2025-01-23 17:38:34,OTHER,PAUSE,,,,,,,,,,,,,,,,,,,,,,,,,,,,,,,,,,,,,,,23.2313289642334,False
1737650314.2743118,2025-01-23 17:38:34,OTHER,PAUSE,,,,,,,,,,,,,,,,,,,,,,,,,,,,,,,,,,,,,,,23.26033067703247,False
1737650314.3053133,2025-01-23 17:38:34,OTHER,PAUSE,,,,,,,,,,,,,,,,,,,,,,,,,,,,,,,,,,,,,,,23.291332244873047,False
1737650314.3513162,2025-01-23 17:38:34,OTHER,PAUSE,,,,,,,,,,,,,,,,,,,,,,,,,,,,,,,,,,,,,,,23.337335109710693,False
1737650314.3903184,2025-01-23 17:38:34,OTHER,PAUSE,,,,,,,,,,,,,,,,,,,,,,,,,,,,,,,,,,,,,,,23.37633728981018,False
1737650314.4213202,2025-01-23 17:38:34,OTHER,PAUSE,,,,,,,,,,,,,,,,,,,,,,,,,,,,,,,,,,,,,,,23.407339096069336,False
1737650314.4543219,2025-01-23 17:38:34,OTHER,PAUSE,,,,,,,,,,,,,,,,,,,,,,,,,,,,,,,,,,,,,,,23.440340757369995,False
1737650314.4843235,2025-01-23 17:38:34,OTHER,PAUSE,,,,,,,,,,,,,,,,,,,,,,,,,,,,,,,,,,,,,,,23.47034239768982,False
1737650314.525326,2025-01-23 17:38:34,OTHER,PAUSE,,,,,,,,,,,,,,,,,,,,,,,,,,,,,,,,,,,,,,,23.51134490966797,False
1737650314.5563276,2025-01-23 17:38:34,OTHER,PAUSE,,,,,,,,,,,,,,,,,,,,,,,,,,,,,,,,,,,,,,,23.542346477508545,False
1737650314.5873296,2025-01-23 17:38:34,OTHER,PAUSE,,,,,,,,,,,,,,,,,,,,,,,,,,,,,,,,,,,,,,,23.57334852218628,False
1737650314.6313322,2025-01-23 17:38:34,OTHER,PAUSE,,,,,,,,,,,,,,,,,,,,,,,,,,,,,,,,,,,,,,,23.617351055145264,False
1737650314.664334,2025-01-23 17:38:34,OTHER,PAUSE,,,,,,,,,,,,,,,,,,,,,,,,,,,,,,,,,,,,,,,23.650352954864502,False
1737650314.6953356,2025-01-23 17:38:34,OTHER,PAUSE,,,,,,,,,,,,,,,,,,,,,,,,,,,,,,,,,,,,,,,23.681354522705078,False
1737650314.7253375,2025-01-23 17:38:34,OTHER,PAUSE,,,,,,,,,,,,,,,,,,,,,,,,,,,,,,,,,,,,,,,23.71135640144348,False
1737650314.7623396,2025-01-23 17:38:34,OTHER,PAUSE,,,,,,,,,,,,,,,,,,,,,,,,,,,,,,,,,,,,,,,23.748358488082886,False
1737650314.7943413,2025-01-23 17:38:34,OTHER,PAUSE,,,,,,,,,,,,,,,,,,,,,,,,,,,,,,,,,,,,,,,23.780360221862793,False
1737650314.826343,2025-01-23 17:38:34,OTHER,PAUSE,,,,,,,,,,,,,,,,,,,,,,,,,,,,,,,,,,,,,,,23.8123619556427,False
1737650314.8603451,2025-01-23 17:38:34,OTHER,PAUSE,,,,,,,,,,,,,,,,,,,,,,,,,,,,,,,,,,,,,,,23.84636402130127,False
1737650314.9013476,2025-01-23 17:38:34,OTHER,PAUSE,,,,,,,,,,,,,,,,,,,,,,,,,,,,,,,,,,,,,,,23.88736653327942,False
1737650314.9523504,2025-01-23 17:38:34,OTHER,PAUSE,,,,,,,,,,,,,,,,,,,,,,,,,,,,,,,,,,,,,,,23.938369274139404,False
1737650314.9883525,2025-01-23 17:38:34,OTHER,PAUSE,,,,,,,,,,,,,,,,,,,,,,,,,,,,,,,,,,,,,,,23.974371433258057,False
1737650315.0183542,2025-01-23 17:38:35,OTHER,PAUSE,,,,,,,,,,,,,,,,,,,,,,,,,,,,,,,,,,,,,,,24.00437307357788,False
1737650315.0483558,2025-01-23 17:38:35,OTHER,PAUSE,,,,,,,,,,,,,,,,,,,,,,,,,,,,,,,,,,,,,,,24.034374713897705,False
1737650315.083358,2025-01-23 17:38:35,OTHER,PAUSE,,,,,,,,,,,,,,,,,,,,,,,,,,,,,,,,,,,,,,,24.069376945495605,False
1737650315.1163597,2025-01-23 17:38:35,OTHER,PAUSE,,,,,,,,,,,,,,,,,,,,,,,,,,,,,,,,,,,,,,,24.102378606796265,False
1737650315.1483617,2025-01-23 17:38:35,OTHER,PAUSE,,,,,,,,,,,,,,,,,,,,,,,,,,,,,,,,,,,,,,,24.13438057899475,False
1737650315.1823637,2025-01-23 17:38:35,OTHER,PAUSE,,,,,,,,,,,,,,,,,,,,,,,,,,,,,,,,,,,,,,,24.16838264465332,False
1737650315.2163656,2025-01-23 17:38:35,OTHER,PAUSE,,,,,,,,,,,,,,,,,,,,,,,,,,,,,,,,,,,,,,,24.20238447189331,False
1737650315.2493672,2025-01-23 17:38:35,OTHER,PAUSE,,,,,,,,,,,,,,,,,,,,,,,,,,,,,,,,,,,,,,,24.23538613319397,False
1737650315.280369,2025-01-23 17:38:35,OTHER,PAUSE,,,,,,,,,,,,,,,,,,,,,,,,,,,,,,,,,,,,,,,24.266387939453125,False
1737650315.3153713,2025-01-23 17:38:35,OTHER,PAUSE,,,,,,,,,,,,,,,,,,,,,,,,,,,,,,,,,,,,,,,24.301390171051025,False
1737650315.3533735,2025-01-23 17:38:35,OTHER,PAUSE,,,,,,,,,,,,,,,,,,,,,,,,,,,,,,,,,,,,,,,24.33939242362976,False
1737650315.3863754,2025-01-23 17:38:35,OTHER,PAUSE,,,,,,,,,,,,,,,,,,,,,,,,,,,,,,,,,,,,,,,24.372394323349,False
1737650315.415377,2025-01-23 17:38:35,OTHER,PAUSE,,,,,,,,,,,,,,,,,,,,,,,,,,,,,,,,,,,,,,,24.401395797729492,False
1737650315.4493787,2025-01-23 17:38:35,OTHER,PAUSE,,,,,,,,,,,,,,,,,,,,,,,,,,,,,,,,,,,,,,,24.435397624969482,False
1737650315.4983819,2025-01-23 17:38:35,OTHER,PAUSE,,,,,,,,,,,,,,,,,,,,,,,,,,,,,,,,,,,,,,,24.484400749206543,False
1737650315.5343835,2025-01-23 17:38:35,OTHER,PAUSE,,,,,,,,,,,,,,,,,,,,,,,,,,,,,,,,,,,,,,,24.520402431488037,False
1737650315.573386,2025-01-23 17:38:35,OTHER,PAUSE,,,,,,,,,,,,,,,,,,,,,,,,,,,,,,,,,,,,,,,24.559404850006104,False
1737650315.6153884,2025-01-23 17:38:35,OTHER,PAUSE,,,,,,,,,,,,,,,,,,,,,,,,,,,,,,,,,,,,,,,24.601407289505005,False
1737650315.6513906,2025-01-23 17:38:35,OTHER,PAUSE,,,,,,,,,,,,,,,,,,,,,,,,,,,,,,,,,,,,,,,24.637409448623657,False
1737650315.6833923,2025-01-23 17:38:35,OTHER,PAUSE,,,,,,,,,,,,,,,,,,,,,,,,,,,,,,,,,,,,,,,24.669411182403564,False
1737650315.7203946,2025-01-23 17:38:35,OTHER,PAUSE,,,,,,,,,,,,,,,,,,,,,,,,,,,,,,,,,,,,,,,24.706413507461548,False
1737650315.7573965,2025-01-23 17:38:35,OTHER,PAUSE,,,,,,,,,,,,,,,,,,,,,,,,,,,,,,,,,,,,,,,24.743415355682373,False
1737650315.7923987,2025-01-23 17:38:35,OTHER,PAUSE,,,,,,,,,,,,,,,,,,,,,,,,,,,,,,,,,,,,,,,24.778417587280273,False
1737650315.8224003,2025-01-23 17:38:35,OTHER,PAUSE,,,,,,,,,,,,,,,,,,,,,,,,,,,,,,,,,,,,,,,24.808419227600098,False
1737650315.8564022,2025-01-23 17:38:35,OTHER,PAUSE,,,,,,,,,,,,,,,,,,,,,,,,,,,,,,,,,,,,,,,24.842421054840088,False
1737650315.8874037,2025-01-23 17:38:35,OTHER,PAUSE,,,,,,,,,,,,,,,,,,,,,,,,,,,,,,,,,,,,,,,24.873422622680664,False
1737650315.9284062,2025-01-23 17:38:35,OTHER,PAUSE,,,,,,,,,,,,,,,,,,,,,,,,,,,,,,,,,,,,,,,24.914425134658813,False
1737650315.9694085,2025-01-23 17:38:35,OTHER,PAUSE,,,,,,,,,,,,,,,,,,,,,,,,,,,,,,,,,,,,,,,24.955427408218384,False
1737650316.0014105,2025-01-23 17:38:36,OTHER,PAUSE,,,,,,,,,,,,,,,,,,,,,,,,,,,,,,,,,,,,,,,24.98742938041687,False
1737650316.0494132,2025-01-23 17:38:36,OTHER,PAUSE,,,,,,,,,,,,,,,,,,,,,,,,,,,,,,,,,,,,,,,25.03543210029602,False
1737650316.0904157,2025-01-23 17:38:36,OTHER,PAUSE,,,,,,,,,,,,,,,,,,,,,,,,,,,,,,,,,,,,,,,25.07643461227417,False
1737650316.1254175,2025-01-23 17:38:36,OTHER,PAUSE,,,,,,,,,,,,,,,,,,,,,,,,,,,,,,,,,,,,,,,25.111436367034912,False
1737650316.16742,2025-01-23 17:38:36,OTHER,PAUSE,,,,,,,,,,,,,,,,,,,,,,,,,,,,,,,,,,,,,,,25.153438806533813,False
1737650316.1994216,2025-01-23 17:38:36,OTHER,PAUSE,,,,,,,,,,,,,,,,,,,,,,,,,,,,,,,,,,,,,,,25.18544054031372,False
1737650316.238424,2025-01-23 17:38:36,OTHER,PAUSE,,,,,,,,,,,,,,,,,,,,,,,,,,,,,,,,,,,,,,,25.224442958831787,False
1737650316.2694259,2025-01-23 17:38:36,OTHER,PAUSE,,,,,,,,,,,,,,,,,,,,,,,,,,,,,,,,,,,,,,,25.255444765090942,False
1737650316.3074281,2025-01-23 17:38:36,OTHER,PAUSE,,,,,,,,,,,,,,,,,,,,,,,,,,,,,,,,,,,,,,,25.293447017669678,False
1737650316.3384297,2025-01-23 17:38:36,OTHER,PAUSE,,,,,,,,,,,,,,,,,,,,,,,,,,,,,,,,,,,,,,,25.324448585510254,False
1737650316.3674314,2025-01-23 17:38:36,OTHER,PAUSE,,,,,,,,,,,,,,,,,,,,,,,,,,,,,,,,,,,,,,,25.353450298309326,False
1737650316.395433,2025-01-23 17:38:36,OTHER,PAUSE,,,,,,,,,,,,,,,,,,,,,,,,,,,,,,,,,,,,,,,25.381451845169067,False
1737650316.4274347,2025-01-23 17:38:36,OTHER,PAUSE,,,,,,,,,,,,,,,,,,,,,,,,,,,,,,,,,,,,,,,25.413453578948975,False
1737650316.4574363,2025-01-23 17:38:36,OTHER,PAUSE,,,,,,,,,,,,,,,,,,,,,,,,,,,,,,,,,,,,,,,25.4434552192688,False
1737650316.4974387,2025-01-23 17:38:36,OTHER,PAUSE,,,,,,,,,,,,,,,,,,,,,,,,,,,,,,,,,,,,,,,25.483457565307617,False
1737650316.539441,2025-01-23 17:38:36,OTHER,PAUSE,,,,,,,,,,,,,,,,,,,,,,,,,,,,,,,,,,,,,,,25.52546000480652,False
1737650316.5694427,2025-01-23 17:38:36,OTHER,PAUSE,,,,,,,,,,,,,,,,,,,,,,,,,,,,,,,,,,,,,,,25.555461645126343,False
1737650316.6104453,2025-01-23 17:38:36,OTHER,PAUSE,,,,,,,,,,,,,,,,,,,,,,,,,,,,,,,,,,,,,,,25.596464157104492,False
1737650316.6534476,2025-01-23 17:38:36,OTHER,PAUSE,,,,,,,,,,,,,,,,,,,,,,,,,,,,,,,,,,,,,,,25.639466524124146,False
1737650316.6874497,2025-01-23 17:38:36,OTHER,PAUSE,,,,,,,,,,,,,,,,,,,,,,,,,,,,,,,,,,,,,,,25.673468589782715,False
1737650316.7264519,2025-01-23 17:38:36,OTHER,PAUSE,,,,,,,,,,,,,,,,,,,,,,,,,,,,,,,,,,,,,,,25.712470769882202,False
1737650316.7614539,2025-01-23 17:38:36,OTHER,PAUSE,,,,,,,,,,,,,,,,,,,,,,,,,,,,,,,,,,,,,,,25.747472763061523,False
1737650316.8004563,2025-01-23 17:38:36,OTHER,PAUSE,,,,,,,,,,,,,,,,,,,,,,,,,,,,,,,,,,,,,,,25.78647518157959,False
1737650316.8424587,2025-01-23 17:38:36,OTHER,PAUSE,,,,,,,,,,,,,,,,,,,,,,,,,,,,,,,,,,,,,,,25.82847762107849,False
1737650316.8754606,2025-01-23 17:38:36,OTHER,PAUSE,,,,,,,,,,,,,,,,,,,,,,,,,,,,,,,,,,,,,,,25.86147952079773,False
1737650316.9064622,2025-01-23 17:38:36,OTHER,PAUSE,,,,,,,,,,,,,,,,,,,,,,,,,,,,,,,,,,,,,,,25.892481088638306,False
1737650316.9464645,2025-01-23 17:38:36,OTHER,PAUSE,,,,,,,,,,,,,,,,,,,,,,,,,,,,,,,,,,,,,,,25.932483434677124,False
1737650316.9834664,2025-01-23 17:38:36,OTHER,PAUSE,,,,,,,,,,,,,,,,,,,,,,,,,,,,,,,,,,,,,,,25.96948528289795,False
1737650317.0214686,2025-01-23 17:38:37,OTHER,PAUSE,,,,,,,,,,,,,,,,,,,,,,,,,,,,,,,,,,,,,,,26.007487535476685,False
1737650317.0544705,2025-01-23 17:38:37,OTHER,PAUSE,,,,,,,,,,,,,,,,,,,,,,,,,,,,,,,,,,,,,,,26.040489435195923,False
1737650317.0844724,2025-01-23 17:38:37,OTHER,PAUSE,,,,,,,,,,,,,,,,,,,,,,,,,,,,,,,,,,,,,,,26.070491313934326,False
1737650317.1184745,2025-01-23 17:38:37,OTHER,PAUSE,,,,,,,,,,,,,,,,,,,,,,,,,,,,,,,,,,,,,,,26.104493379592896,False
1737650317.1544764,2025-01-23 17:38:37,OTHER,PAUSE,,,,,,,,,,,,,,,,,,,,,,,,,,,,,,,,,,,,,,,26.14049530029297,False
1737650317.197479,2025-01-23 17:38:37,OTHER,PAUSE,,,,,,,,,,,,,,,,,,,,,,,,,,,,,,,,,,,,,,,26.1834979057312,False
1737650317.2394814,2025-01-23 17:38:37,OTHER,PAUSE,,,,,,,,,,,,,,,,,,,,,,,,,,,,,,,,,,,,,,,26.225500345230103,False
1737650317.2714832,2025-01-23 17:38:37,OTHER,PAUSE,,,,,,,,,,,,,,,,,,,,,,,,,,,,,,,,,,,,,,,26.25750207901001,False
1737650317.304485,2025-01-23 17:38:37,OTHER,PAUSE,,,,,,,,,,,,,,,,,,,,,,,,,,,,,,,,,,,,,,,26.290503978729248,False
1737650317.3454874,2025-01-23 17:38:37,OTHER,PAUSE,,,,,,,,,,,,,,,,,,,,,,,,,,,,,,,,,,,,,,,26.33150625228882,False
1737650317.3874898,2025-01-23 17:38:37,OTHER,PAUSE,,,,,,,,,,,,,,,,,,,,,,,,,,,,,,,,,,,,,,,26.37350869178772,False
1737650317.4214916,2025-01-23 17:38:37,OTHER,PAUSE,,,,,,,,,,,,,,,,,,,,,,,,,,,,,,,,,,,,,,,26.40751051902771,False
1737650317.4544938,2025-01-23 17:38:37,OTHER,PAUSE,,,,,,,,,,,,,,,,,,,,,,,,,,,,,,,,,,,,,,,26.440512657165527,False
1737650317.494496,2025-01-23 17:38:37,OTHER,PAUSE,,,,,,,,,,,,,,,,,,,,,,,,,,,,,,,,,,,,,,,26.480515003204346,False
1737650317.5294979,2025-01-23 17:38:37,OTHER,PAUSE,,,,,,,,,,,,,,,,,,,,,,,,,,,,,,,,,,,,,,,26.515516757965088,False
1737650317.5594995,2025-01-23 17:38:37,OTHER,PAUSE,,,,,,,,,,,,,,,,,,,,,,,,,,,,,,,,,,,,,,,26.545518398284912,False
1737650317.5915012,2025-01-23 17:38:37,OTHER,PAUSE,,,,,,,,,,,,,,,,,,,,,,,,,,,,,,,,,,,,,,,26.57752013206482,False
1737650317.6265035,2025-01-23 17:38:37,OTHER,PAUSE,,,,,,,,,,,,,,,,,,,,,,,,,,,,,,,,,,,,,,,26.61252236366272,False
1737650317.656505,2025-01-23 17:38:37,OTHER,PAUSE,,,,,,,,,,,,,,,,,,,,,,,,,,,,,,,,,,,,,,,26.642524003982544,False
1737650317.691507,2025-01-23 17:38:37,OTHER,PAUSE,,,,,,,,,,,,,,,,,,,,,,,,,,,,,,,,,,,,,,,26.677525997161865,False
1737650317.7345095,2025-01-23 17:38:37,OTHER,PAUSE,,,,,,,,,,,,,,,,,,,,,,,,,,,,,,,,,,,,,,,26.72052836418152,False
1737650317.7685115,2025-01-23 17:38:37,OTHER,PAUSE,,,,,,,,,,,,,,,,,,,,,,,,,,,,,,,,,,,,,,,26.754530429840088,False
1737650317.8045135,2025-01-23 17:38:37,OTHER,PAUSE,,,,,,,,,,,,,,,,,,,,,,,,,,,,,,,,,,,,,,,26.79053235054016,False
1737650317.8365154,2025-01-23 17:38:37,OTHER,PAUSE,,,,,,,,,,,,,,,,,,,,,,,,,,,,,,,,,,,,,,,26.822534322738647,False
1737650317.8765175,2025-01-23 17:38:37,OTHER,PAUSE,,,,,,,,,,,,,,,,,,,,,,,,,,,,,,,,,,,,,,,26.862536430358887,False
1737650317.9125197,2025-01-23 17:38:37,OTHER,PAUSE,,,,,,,,,,,,,,,,,,,,,,,,,,,,,,,,,,,,,,,26.89853858947754,False
1737650317.949522,2025-01-23 17:38:37,OTHER,PAUSE,,,,,,,,,,,,,,,,,,,,,,,,,,,,,,,,,,,,,,,26.935540914535522,False
1737650317.9865239,2025-01-23 17:38:37,OTHER,PAUSE,,,,,,,,,,,,,,,,,,,,,,,,,,,,,,,,,,,,,,,26.972542762756348,False
1737650318.033527,2025-01-23 17:38:38,OTHER,PAUSE,,,,,,,,,,,,,,,,,,,,,,,,,,,,,,,,,,,,,,,27.019545793533325,False
1737650318.0695286,2025-01-23 17:38:38,OTHER,PAUSE,,,,,,,,,,,,,,,,,,,,,,,,,,,,,,,,,,,,,,,27.05554747581482,False
1737650318.1025305,2025-01-23 17:38:38,OTHER,PAUSE,,,,,,,,,,,,,,,,,,,,,,,,,,,,,,,,,,,,,,,27.088549375534058,False
1737650318.141533,2025-01-23 17:38:38,OTHER,PAUSE,,,,,,,,,,,,,,,,,,,,,,,,,,,,,,,,,,,,,,,27.127551794052124,False
1737650318.1725345,2025-01-23 17:38:38,OTHER,PAUSE,,,,,,,,,,,,,,,,,,,,,,,,,,,,,,,,,,,,,,,27.1585533618927,False
1737650318.2045367,2025-01-23 17:38:38,OTHER,PAUSE,,,,,,,,,,,,,,,,,,,,,,,,,,,,,,,,,,,,,,,27.190555572509766,False
1737650318.247539,2025-01-23 17:38:38,OTHER,PAUSE,,,,,,,,,,,,,,,,,,,,,,,,,,,,,,,,,,,,,,,27.23355793952942,False
1737650318.2785408,2025-01-23 17:38:38,OTHER,PAUSE,,,,,,,,,,,,,,,,,,,,,,,,,,,,,,,,,,,,,,,27.264559745788574,False
1737650318.3195431,2025-01-23 17:38:38,OTHER,PAUSE,,,,,,,,,,,,,,,,,,,,,,,,,,,,,,,,,,,,,,,27.305562019348145,False
1737650318.3645456,2025-01-23 17:38:38,OTHER,PAUSE,,,,,,,,,,,,,,,,,,,,,,,,,,,,,,,,,,,,,,,27.35056447982788,False
1737650318.3995476,2025-01-23 17:38:38,OTHER,PAUSE,,,,,,,,,,,,,,,,,,,,,,,,,,,,,,,,,,,,,,,27.385566473007202,False
1737650318.4355497,2025-01-23 17:38:38,OTHER,PAUSE,,,,,,,,,,,,,,,,,,,,,,,,,,,,,,,,,,,,,,,27.421568632125854,False
1737650318.4795523,2025-01-23 17:38:38,OTHER,PAUSE,,,,,,,,,,,,,,,,,,,,,,,,,,,,,,,,,,,,,,,27.46557116508484,False
1737650318.510554,2025-01-23 17:38:38,OTHER,PAUSE,,,,,,,,,,,,,,,,,,,,,,,,,,,,,,,,,,,,,,,27.496572971343994,False
1737650318.548556,2025-01-23 17:38:38,OTHER,PAUSE,,,,,,,,,,,,,,,,,,,,,,,,,,,,,,,,,,,,,,,27.53457498550415,False
1737650318.5885584,2025-01-23 17:38:38,OTHER,PAUSE,,,,,,,,,,,,,,,,,,,,,,,,,,,,,,,,,,,,,,,27.57457733154297,False
1737650318.6235604,2025-01-23 17:38:38,OTHER,PAUSE,,,,,,,,,,,,,,,,,,,,,,,,,,,,,,,,,,,,,,,27.60957932472229,False
1737650318.6615627,2025-01-23 17:38:38,OTHER,PAUSE,,,,,,,,,,,,,,,,,,,,,,,,,,,,,,,,,,,,,,,27.647581577301025,False
1737650318.6945646,2025-01-23 17:38:38,OTHER,PAUSE,,,,,,,,,,,,,,,,,,,,,,,,,,,,,,,,,,,,,,,27.680583477020264,False
1737650318.7275662,2025-01-23 17:38:38,OTHER,PAUSE,,,,,,,,,,,,,,,,,,,,,,,,,,,,,,,,,,,,,,,27.713585138320923,False
1737650318.7585683,2025-01-23 17:38:38,OTHER,PAUSE,,,,,,,,,,,,,,,,,,,,,,,,,,,,,,,,,,,,,,,27.744587182998657,False
1737650318.7935703,2025-01-23 17:38:38,OTHER,PAUSE,,,,,,,,,,,,,,,,,,,,,,,,,,,,,,,,,,,,,,,27.77958917617798,False
1737650318.8245718,2025-01-23 17:38:38,OTHER,PAUSE,,,,,,,,,,,,,,,,,,,,,,,,,,,,,,,,,,,,,,,27.810590744018555,False
1737650318.860574,2025-01-23 17:38:38,OTHER,PAUSE,,,,,,,,,,,,,,,,,,,,,,,,,,,,,,,,,,,,,,,27.846592903137207,False
1737650318.9065766,2025-01-23 17:38:38,OTHER,PAUSE,,,,,,,,,,,,,,,,,,,,,,,,,,,,,,,,,,,,,,,27.892595529556274,False
1737650318.949579,2025-01-23 17:38:38,OTHER,PAUSE,,,,,,,,,,,,,,,,,,,,,,,,,,,,,,,,,,,,,,,27.935597896575928,False
1737650318.9985821,2025-01-23 17:38:38,OTHER,PAUSE,,,,,,,,,,,,,,,,,,,,,,,,,,,,,,,,,,,,,,,27.98460102081299,False
1737650319.0475848,2025-01-23 17:38:39,OTHER,PAUSE,,,,,,,,,,,,,,,,,,,,,,,,,,,,,,,,,,,,,,,28.03360366821289,False
1737650319.0955873,2025-01-23 17:38:39,OTHER,PAUSE,,,,,,,,,,,,,,,,,,,,,,,,,,,,,,,,,,,,,,,28.081606149673462,False
1737650319.1425903,2025-01-23 17:38:39,OTHER,PAUSE,,,,,,,,,,,,,,,,,,,,,,,,,,,,,,,,,,,,,,,28.12860918045044,False
1737650319.1845925,2025-01-23 17:38:39,OTHER,PAUSE,,,,,,,,,,,,,,,,,,,,,,,,,,,,,,,,,,,,,,,28.17061138153076,False
1737650319.225595,2025-01-23 17:38:39,OTHER,PAUSE,,,,,,,,,,,,,,,,,,,,,,,,,,,,,,,,,,,,,,,28.21161389350891,False
1737650319.2675972,2025-01-23 17:38:39,OTHER,PAUSE,,,,,,,,,,,,,,,,,,,,,,,,,,,,,,,,,,,,,,,28.253616094589233,False
1737650319.3116,2025-01-23 17:38:39,OTHER,PAUSE,,,,,,,,,,,,,,,,,,,,,,,,,,,,,,,,,,,,,,,28.297618865966797,False
1737650319.3596025,2025-01-23 17:38:39,OTHER,PAUSE,,,,,,,,,,,,,,,,,,,,,,,,,,,,,,,,,,,,,,,28.345621347427368,False
1737650319.403605,2025-01-23 17:38:39,OTHER,PAUSE,,,,,,,,,,,,,,,,,,,,,,,,,,,,,,,,,,,,,,,28.389623880386353,False
1737650319.452608,2025-01-23 17:38:39,OTHER,PAUSE,,,,,,,,,,,,,,,,,,,,,,,,,,,,,,,,,,,,,,,28.438627004623413,False
1737650319.5106113,2025-01-23 17:38:39,OTHER,PAUSE,,,,,,,,,,,,,,,,,,,,,,,,,,,,,,,,,,,,,,,28.49663019180298,False
1737650319.5506134,2025-01-23 17:38:39,OTHER,PAUSE,,,,,,,,,,,,,,,,,,,,,,,,,,,,,,,,,,,,,,,28.536632299423218,False
1737650319.6016164,2025-01-23 17:38:39,OTHER,PAUSE,,,,,,,,,,,,,,,,,,,,,,,,,,,,,,,,,,,,,,,28.587635278701782,False
1737650319.6426187,2025-01-23 17:38:39,OTHER,PAUSE,,,,,,,,,,,,,,,,,,,,,,,,,,,,,,,,,,,,,,,28.628637552261353,False
1737650319.6906214,2025-01-23 17:38:39,OTHER,PAUSE,,,,,,,,,,,,,,,,,,,,,,,,,,,,,,,,,,,,,,,28.676640272140503,False
1737650319.7396243,2025-01-23 17:38:39,OTHER,PAUSE,,,,,,,,,,,,,,,,,,,,,,,,,,,,,,,,,,,,,,,28.725643157958984,False
1737650319.7836268,2025-01-23 17:38:39,OTHER,PAUSE,,,,,,,,,,,,,,,,,,,,,,,,,,,,,,,,,,,,,,,28.76964569091797,False
1737650319.8256292,2025-01-23 17:38:39,OTHER,PAUSE,,,,,,,,,,,,,,,,,,,,,,,,,,,,,,,,,,,,,,,28.81164813041687,False
1737650319.8616312,2025-01-23 17:38:39,OTHER,PAUSE,,,,,,,,,,,,,,,,,,,,,,,,,,,,,,,,,,,,,,,28.847650051116943,False
1737650319.9136343,2025-01-23 17:38:39,OTHER,PAUSE,,,,,,,,,,,,,,,,,,,,,,,,,,,,,,,,,,,,,,,28.89965319633484,False
1737650319.9536366,2025-01-23 17:38:39,OTHER,PAUSE,,,,,,,,,,,,,,,,,,,,,,,,,,,,,,,,,,,,,,,28.939655542373657,False
1737650319.999639,2025-01-23 17:38:39,OTHER,PAUSE,,,,,,,,,,,,,,,,,,,,,,,,,,,,,,,,,,,,,,,28.985657930374146,False
1737650320.0426416,2025-01-23 17:38:40,OTHER,PAUSE,,,,,,,,,,,,,,,,,,,,,,,,,,,,,,,,,,,,,,,29.028660535812378,False
1737650320.0866442,2025-01-23 17:38:40,OTHER,PAUSE,,,,,,,,,,,,,,,,,,,,,,,,,,,,,,,,,,,,,,,29.072663068771362,False
1737650320.1226463,2025-01-23 17:38:40,OTHER,PAUSE,,,,,,,,,,,,,,,,,,,,,,,,,,,,,,,,,,,,,,,29.108665227890015,False
1737650320.1586483,2025-01-23 17:38:40,OTHER,PAUSE,,,,,,,,,,,,,,,,,,,,,,,,,,,,,,,,,,,,,,,29.144667148590088,False
1737650320.1906502,2025-01-23 17:38:40,OTHER,PAUSE,,,,,,,,,,,,,,,,,,,,,,,,,,,,,,,,,,,,,,,29.176669120788574,False
1737650320.2336526,2025-01-23 17:38:40,OTHER,PAUSE,,,,,,,,,,,,,,,,,,,,,,,,,,,,,,,,,,,,,,,29.219671487808228,False
1737650320.2736547,2025-01-23 17:38:40,OTHER,PAUSE,,,,,,,,,,,,,,,,,,,,,,,,,,,,,,,,,,,,,,,29.259673595428467,False
1737650320.3126569,2025-01-23 17:38:40,OTHER,PAUSE,,,,,,,,,,,,,,,,,,,,,,,,,,,,,,,,,,,,,,,29.298675775527954,False
1737650320.3446589,2025-01-23 17:38:40,OTHER,PAUSE,,,,,,,,,,,,,,,,,,,,,,,,,,,,,,,,,,,,,,,29.33067774772644,False
1737650320.3886616,2025-01-23 17:38:40,OTHER,PAUSE,,,,,,,,,,,,,,,,,,,,,,,,,,,,,,,,,,,,,,,29.374680519104004,False
1737650320.4226635,2025-01-23 17:38:40,OTHER,PAUSE,,,,,,,,,,,,,,,,,,,,,,,,,,,,,,,,,,,,,,,29.408682346343994,False
1737650320.4636657,2025-01-23 17:38:40,OTHER,PAUSE,,,,,,,,,,,,,,,,,,,,,,,,,,,,,,,,,,,,,,,29.449684619903564,False
1737650320.503668,2025-01-23 17:38:40,OTHER,PAUSE,,,,,,,,,,,,,,,,,,,,,,,,,,,,,,,,,,,,,,,29.489686965942383,False
1737650320.53867,2025-01-23 17:38:40,OTHER,PAUSE,,,,,,,,,,,,,,,,,,,,,,,,,,,,,,,,,,,,,,,29.524688959121704,False
1737650320.572672,2025-01-23 17:38:40,OTHER,PAUSE,,,,,,,,,,,,,,,,,,,,,,,,,,,,,,,,,,,,,,,29.558690786361694,False
1737650320.607674,2025-01-23 17:38:40,OTHER,PAUSE,,,,,,,,,,,,,,,,,,,,,,,,,,,,,,,,,,,,,,,29.593692779541016,False
1737650320.6776779,2025-01-23 17:38:40,OTHER,PAUSE,,,,,,,,,,,,,,,,,,,,,,,,,,,,,,,,,,,,,,,29.663696765899658,False
1737650320.71468,2025-01-23 17:38:40,OTHER,PAUSE,,,,,,,,,,,,,,,,,,,,,,,,,,,,,,,,,,,,,,,29.700698852539062,False
1737650320.7566824,2025-01-23 17:38:40,OTHER,PAUSE,,,,,,,,,,,,,,,,,,,,,,,,,,,,,,,,,,,,,,,29.742701292037964,False
1737650320.7886844,2025-01-23 17:38:40,OTHER,PAUSE,,,,,,,,,,,,,,,,,,,,,,,,,,,,,,,,,,,,,,,29.77470326423645,False
1737650320.8296866,2025-01-23 17:38:40,OTHER,PAUSE,,,,,,,,,,,,,,,,,,,,,,,,,,,,,,,,,,,,,,,29.81570553779602,False
1737650320.8636887,2025-01-23 17:38:40,OTHER,PAUSE,,,,,,,,,,,,,,,,,,,,,,,,,,,,,,,,,,,,,,,29.84970760345459,False
1737650320.8956904,2025-01-23 17:38:40,OTHER,PAUSE,,,,,,,,,,,,,,,,,,,,,,,,,,,,,,,,,,,,,,,29.881709337234497,False
1737650320.9336927,2025-01-23 17:38:40,OTHER,PAUSE,,,,,,,,,,,,,,,,,,,,,,,,,,,,,,,,,,,,,,,29.919711589813232,False
1737650320.9726949,2025-01-23 17:38:40,OTHER,PAUSE,,,,,,,,,,,,,,,,,,,,,,,,,,,,,,,,,,,,,,,29.95871376991272,False
1737650321.0116968,2025-01-23 17:38:41,OTHER,PAUSE,,,,,,,,,,,,,,,,,,,,,,,,,,,,,,,,,,,,,,,29.997715711593628,False
1737650321.0536993,2025-01-23 17:38:41,OTHER,PAUSE,,,,,,,,,,,,,,,,,,,,,,,,,,,,,,,,,,,,,,,30.03971815109253,False
1737650321.0917015,2025-01-23 17:38:41,OTHER,PAUSE,,,,,,,,,,,,,,,,,,,,,,,,,,,,,,,,,,,,,,,30.077720403671265,False
1737650321.1297038,2025-01-23 17:38:41,OTHER,PAUSE,,,,,,,,,,,,,,,,,,,,,,,,,,,,,,,,,,,,,,,30.11572265625,False
1737650321.1827066,2025-01-23 17:38:41,OTHER,PAUSE,,,,,,,,,,,,,,,,,,,,,,,,,,,,,,,,,,,,,,,30.16872549057007,False
1737650321.2477105,2025-01-23 17:38:41,OTHER,PAUSE,,,,,,,,,,,,,,,,,,,,,,,,,,,,,,,,,,,,,,,30.233729362487793,False
1737650321.2977135,2025-01-23 17:38:41,OTHER,PAUSE,,,,,,,,,,,,,,,,,,,,,,,,,,,,,,,,,,,,,,,30.283732414245605,False
1737650321.3477163,2025-01-23 17:38:41,OTHER,PAUSE,,,,,,,,,,,,,,,,,,,,,,,,,,,,,,,,,,,,,,,30.33373522758484,False
1737650321.3907187,2025-01-23 17:38:41,OTHER,PAUSE,,,,,,,,,,,,,,,,,,,,,,,,,,,,,,,,,,,,,,,30.376737594604492,False
1737650321.4437218,2025-01-23 17:38:41,OTHER,PAUSE,,,,,,,,,,,,,,,,,,,,,,,,,,,,,,,,,,,,,,,30.42974066734314,False
1737650321.483724,2025-01-23 17:38:41,OTHER,PAUSE,,,,,,,,,,,,,,,,,,,,,,,,,,,,,,,,,,,,,,,30.469743013381958,False
1737650321.5267265,2025-01-23 17:38:41,OTHER,PAUSE,,,,,,,,,,,,,,,,,,,,,,,,,,,,,,,,,,,,,,,30.51274538040161,False
1737650321.5637286,2025-01-23 17:38:41,OTHER,PAUSE,,,,,,,,,,,,,,,,,,,,,,,,,,,,,,,,,,,,,,,30.549747467041016,False
1737650321.5977306,2025-01-23 17:38:41,OTHER,PAUSE,,,,,,,,,,,,,,,,,,,,,,,,,,,,,,,,,,,,,,,30.583749532699585,False
1737650321.639733,2025-01-23 17:38:41,OTHER,PAUSE,,,,,,,,,,,,,,,,,,,,,,,,,,,,,,,,,,,,,,,30.625751972198486,False
1737650321.6807353,2025-01-23 17:38:41,OTHER,PAUSE,,,,,,,,,,,,,,,,,,,,,,,,,,,,,,,,,,,,,,,30.666754245758057,False
1737650321.7167373,2025-01-23 17:38:41,OTHER,PAUSE,,,,,,,,,,,,,,,,,,,,,,,,,,,,,,,,,,,,,,,30.70275616645813,False
1737650321.7577398,2025-01-23 17:38:41,OTHER,PAUSE,,,,,,,,,,,,,,,,,,,,,,,,,,,,,,,,,,,,,,,30.74375867843628,False
1737650321.814743,2025-01-23 17:38:41,OTHER,PAUSE,,,,,,,,,,,,,,,,,,,,,,,,,,,,,,,,,,,,,,,30.800761938095093,False
1737650321.8587456,2025-01-23 17:38:41,OTHER,PAUSE,,,,,,,,,,,,,,,,,,,,,,,,,,,,,,,,,,,,,,,30.844764471054077,False
1737650321.8937476,2025-01-23 17:38:41,OTHER,PAUSE,,,,,,,,,,,,,,,,,,,,,,,,,,,,,,,,,,,,,,,30.8797664642334,False
1737650321.9307497,2025-01-23 17:38:41,OTHER,PAUSE,,,,,,,,,,,,,,,,,,,,,,,,,,,,,,,,,,,,,,,30.916768550872803,False
1737650321.973752,2025-01-23 17:38:41,OTHER,PAUSE,,,,,,,,,,,,,,,,,,,,,,,,,,,,,,,,,,,,,,,30.959770917892456,False
1737650322.0167544,2025-01-23 17:38:42,OTHER,PAUSE,,,,,,,,,,,,,,,,,,,,,,,,,,,,,,,,,,,,,,,31.00277328491211,False
1737650322.0517566,2025-01-23 17:38:42,OTHER,PAUSE,,,,,,,,,,,,,,,,,,,,,,,,,,,,,,,,,,,,,,,31.03777551651001,False
1737650322.094759,2025-01-23 17:38:42,OTHER,PAUSE,,,,,,,,,,,,,,,,,,,,,,,,,,,,,,,,,,,,,,,31.080777883529663,False
1737650322.1337612,2025-01-23 17:38:42,OTHER,PAUSE,,,,,,,,,,,,,,,,,,,,,,,,,,,,,,,,,,,,,,,31.11978006362915,False
1737650322.180764,2025-01-23 17:38:42,OTHER,PAUSE,,,,,,,,,,,,,,,,,,,,,,,,,,,,,,,,,,,,,,,31.16678285598755,False
1737650322.219766,2025-01-23 17:38:42,OTHER,PAUSE,,,,,,,,,,,,,,,,,,,,,,,,,,,,,,,,,,,,,,,31.205784797668457,False
1737650322.2567682,2025-01-23 17:38:42,OTHER,PAUSE,,,,,,,,,,,,,,,,,,,,,,,,,,,,,,,,,,,,,,,31.24278712272644,False
1737650322.2907703,2025-01-23 17:38:42,OTHER,PAUSE,,,,,,,,,,,,,,,,,,,,,,,,,,,,,,,,,,,,,,,31.27678918838501,False
1737650322.3307724,2025-01-23 17:38:42,OTHER,PAUSE,,,,,,,,,,,,,,,,,,,,,,,,,,,,,,,,,,,,,,,31.31679129600525,False
1737650322.3717747,2025-01-23 17:38:42,OTHER,PAUSE,,,,,,,,,,,,,,,,,,,,,,,,,,,,,,,,,,,,,,,31.35779356956482,False
1737650322.407777,2025-01-23 17:38:42,OTHER,PAUSE,,,,,,,,,,,,,,,,,,,,,,,,,,,,,,,,,,,,,,,31.39379596710205,False
1737650322.444779,2025-01-23 17:38:42,OTHER,PAUSE,,,,,,,,,,,,,,,,,,,,,,,,,,,,,,,,,,,,,,,31.430797815322876,False
1737650322.4877813,2025-01-23 17:38:42,OTHER,PAUSE,,,,,,,,,,,,,,,,,,,,,,,,,,,,,,,,,,,,,,,31.47380018234253,False
1737650322.5227835,2025-01-23 17:38:42,OTHER,PAUSE,,,,,,,,,,,,,,,,,,,,,,,,,,,,,,,,,,,,,,,31.50880241394043,False
1737650322.567786,2025-01-23 17:38:42,OTHER,PAUSE,,,,,,,,,,,,,,,,,,,,,,,,,,,,,,,,,,,,,,,31.553804874420166,False
1737650322.6137886,2025-01-23 17:38:42,OTHER,PAUSE,,,,,,,,,,,,,,,,,,,,,,,,,,,,,,,,,,,,,,,31.599807500839233,False
1737650322.6597915,2025-01-23 17:38:42,OTHER,PAUSE,,,,,,,,,,,,,,,,,,,,,,,,,,,,,,,,,,,,,,,31.64581036567688,False
1737650322.6997936,2025-01-23 17:38:42,OTHER,PAUSE,,,,,,,,,,,,,,,,,,,,,,,,,,,,,,,,,,,,,,,31.68581247329712,False
1737650322.7407959,2025-01-23 17:38:42,OTHER,PAUSE,,,,,,,,,,,,,,,,,,,,,,,,,,,,,,,,,,,,,,,31.72681474685669,False
1737650322.7837982,2025-01-23 17:38:42,OTHER,PAUSE,,,,,,,,,,,,,,,,,,,,,,,,,,,,,,,,,,,,,,,31.769817113876343,False
1737650322.8268008,2025-01-23 17:38:42,OTHER,PAUSE,,,,,,,,,,,,,,,,,,,,,,,,,,,,,,,,,,,,,,,31.812819719314575,False
1737650322.860803,2025-01-23 17:38:42,OTHER,PAUSE,,,,,,,,,,,,,,,,,,,,,,,,,,,,,,,,,,,,,,,31.846821784973145,False
1737650322.9048054,2025-01-23 17:38:42,OTHER,PAUSE,,,,,,,,,,,,,,,,,,,,,,,,,,,,,,,,,,,,,,,31.89082431793213,False
1737650322.9548082,2025-01-23 17:38:42,OTHER,PAUSE,,,,,,,,,,,,,,,,,,,,,,,,,,,,,,,,,,,,,,,31.940827131271362,False
1737650322.9938104,2025-01-23 17:38:42,OTHER,PAUSE,,,,,,,,,,,,,,,,,,,,,,,,,,,,,,,,,,,,,,,31.97982931137085,False
1737650323.0348127,2025-01-23 17:38:43,OTHER,PAUSE,,,,,,,,,,,,,,,,,,,,,,,,,,,,,,,,,,,,,,,32.02083158493042,False
1737650323.0778153,2025-01-23 17:38:43,OTHER,PAUSE,,,,,,,,,,,,,,,,,,,,,,,,,,,,,,,,,,,,,,,32.06383419036865,False
1737650323.1188176,2025-01-23 17:38:43,OTHER,PAUSE,,,,,,,,,,,,,,,,,,,,,,,,,,,,,,,,,,,,,,,32.10483646392822,False
1737650323.16182,2025-01-23 17:38:43,OTHER,PAUSE,,,,,,,,,,,,,,,,,,,,,,,,,,,,,,,,,,,,,,,32.147838830947876,False
1737650323.2078226,2025-01-23 17:38:43,OTHER,PAUSE,,,,,,,,,,,,,,,,,,,,,,,,,,,,,,,,,,,,,,,32.19384145736694,False
1737650323.2408245,2025-01-23 17:38:43,OTHER,PAUSE,,,,,,,,,,,,,,,,,,,,,,,,,,,,,,,,,,,,,,,32.22684335708618,False
1737650323.2878273,2025-01-23 17:38:43,OTHER,PAUSE,,,,,,,,,,,,,,,,,,,,,,,,,,,,,,,,,,,,,,,32.27384614944458,False
1737650323.321829,2025-01-23 17:38:43,OTHER,PAUSE,,,,,,,,,,,,,,,,,,,,,,,,,,,,,,,,,,,,,,,32.30784797668457,False
1737650323.3618314,2025-01-23 17:38:43,OTHER,PAUSE,,,,,,,,,,,,,,,,,,,,,,,,,,,,,,,,,,,,,,,32.34785032272339,False
1737650323.3938332,2025-01-23 17:38:43,OTHER,PAUSE,,,,,,,,,,,,,,,,,,,,,,,,,,,,,,,,,,,,,,,32.379852056503296,False
1737650323.4268353,2025-01-23 17:38:43,OTHER,PAUSE,,,,,,,,,,,,,,,,,,,,,,,,,,,,,,,,,,,,,,,32.41285419464111,False
1737650323.4678373,2025-01-23 17:38:43,OTHER,PAUSE,,,,,,,,,,,,,,,,,,,,,,,,,,,,,,,,,,,,,,,32.453856229782104,False
1737650323.5178404,2025-01-23 17:38:43,OTHER,PAUSE,,,,,,,,,,,,,,,,,,,,,,,,,,,,,,,,,,,,,,,32.50385928153992,False
1737650323.5528424,2025-01-23 17:38:43,OTHER,PAUSE,,,,,,,,,,,,,,,,,,,,,,,,,,,,,,,,,,,,,,,32.53886127471924,False
1737650323.5938447,2025-01-23 17:38:43,OTHER,PAUSE,,,,,,,,,,,,,,,,,,,,,,,,,,,,,,,,,,,,,,,32.57986354827881,False
1737650323.6308467,2025-01-23 17:38:43,OTHER,PAUSE,,,,,,,,,,,,,,,,,,,,,,,,,,,,,,,,,,,,,,,32.61686563491821,False
1737650323.6788495,2025-01-23 17:38:43,OTHER,PAUSE,,,,,,,,,,,,,,,,,,,,,,,,,,,,,,,,,,,,,,,32.66486835479736,False
1737650323.7138517,2025-01-23 17:38:43,OTHER,PAUSE,,,,,,,,,,,,,,,,,,,,,,,,,,,,,,,,,,,,,,,32.699870586395264,False
1737650323.7578542,2025-01-23 17:38:43,OTHER,PAUSE,,,,,,,,,,,,,,,,,,,,,,,,,,,,,,,,,,,,,,,32.74387311935425,False
1737650323.791856,2025-01-23 17:38:43,OTHER,PAUSE,,,,,,,,,,,,,,,,,,,,,,,,,,,,,,,,,,,,,,,32.77787494659424,False
1737650323.825858,2025-01-23 17:38:43,OTHER,PAUSE,,,,,,,,,,,,,,,,,,,,,,,,,,,,,,,,,,,,,,,32.81187701225281,False
1737650323.8638601,2025-01-23 17:38:43,OTHER,PAUSE,,,,,,,,,,,,,,,,,,,,,,,,,,,,,,,,,,,,,,,32.849879026412964,False
1737650323.8978622,2025-01-23 17:38:43,OTHER,PAUSE,,,,,,,,,,,,,,,,,,,,,,,,,,,,,,,,,,,,,,,32.88388109207153,False
1737650323.9378645,2025-01-23 17:38:43,OTHER,PAUSE,,,,,,,,,,,,,,,,,,,,,,,,,,,,,,,,,,,,,,,32.92388343811035,False
1737650323.981867,2025-01-23 17:38:43,OTHER,PAUSE,,,,,,,,,,,,,,,,,,,,,,,,,,,,,,,,,,,,,,,32.967885971069336,False
1737650324.0298698,2025-01-23 17:38:44,OTHER,PAUSE,,,,,,,,,,,,,,,,,,,,,,,,,,,,,,,,,,,,,,,33.015888690948486,False
1737650324.0758722,2025-01-23 17:38:44,OTHER,PAUSE,,,,,,,,,,,,,,,,,,,,,,,,,,,,,,,,,,,,,,,33.061891078948975,False
1737650324.1108744,2025-01-23 17:38:44,OTHER,PAUSE,,,,,,,,,,,,,,,,,,,,,,,,,,,,,,,,,,,,,,,33.096893310546875,False
1737650324.1448762,2025-01-23 17:38:44,OTHER,PAUSE,,,,,,,,,,,,,,,,,,,,,,,,,,,,,,,,,,,,,,,33.130895137786865,False
1737650324.1918788,2025-01-23 17:38:44,OTHER,PAUSE,,,,,,,,,,,,,,,,,,,,,,,,,,,,,,,,,,,,,,,33.177897691726685,False
1737650324.2358816,2025-01-23 17:38:44,OTHER,PAUSE,,,,,,,,,,,,,,,,,,,,,,,,,,,,,,,,,,,,,,,33.22190046310425,False
1737650324.278884,2025-01-23 17:38:44,OTHER,PAUSE,,,,,,,,,,,,,,,,,,,,,,,,,,,,,,,,,,,,,,,33.2649028301239,False
1737650324.3128858,2025-01-23 17:38:44,OTHER,PAUSE,,,,,,,,,,,,,,,,,,,,,,,,,,,,,,,,,,,,,,,33.29890465736389,False
1737650324.3578885,2025-01-23 17:38:44,OTHER,PAUSE,,,,,,,,,,,,,,,,,,,,,,,,,,,,,,,,,,,,,,,33.34390735626221,False
1737650324.3948905,2025-01-23 17:38:44,OTHER,PAUSE,,,,,,,,,,,,,,,,,,,,,,,,,,,,,,,,,,,,,,,33.38090944290161,False
1737650324.434893,2025-01-23 17:38:44,OTHER,PAUSE,,,,,,,,,,,,,,,,,,,,,,,,,,,,,,,,,,,,,,,33.42091178894043,False
1737650324.473895,2025-01-23 17:38:44,OTHER,PAUSE,,,,,,,,,,,,,,,,,,,,,,,,,,,,,,,,,,,,,,,33.45991396903992,False
1737650324.506897,2025-01-23 17:38:44,OTHER,PAUSE,,,,,,,,,,,,,,,,,,,,,,,,,,,,,,,,,,,,,,,33.492915868759155,False
1737650324.541899,2025-01-23 17:38:44,OTHER,PAUSE,,,,,,,,,,,,,,,,,,,,,,,,,,,,,,,,,,,,,,,33.52791786193848,False
1737650324.5869014,2025-01-23 17:38:44,OTHER,PAUSE,,,,,,,,,,,,,,,,,,,,,,,,,,,,,,,,,,,,,,,33.57292032241821,False
1737650324.6429045,2025-01-23 17:38:44,OTHER,PAUSE,,,,,,,,,,,,,,,,,,,,,,,,,,,,,,,,,,,,,,,33.628923416137695,False
1737650324.6829069,2025-01-23 17:38:44,OTHER,PAUSE,,,,,,,,,,,,,,,,,,,,,,,,,,,,,,,,,,,,,,,33.668925762176514,False
1737650324.7189093,2025-01-23 17:38:44,OTHER,PAUSE,,,,,,,,,,,,,,,,,,,,,,,,,,,,,,,,,,,,,,,33.704928159713745,False
1737650324.7609117,2025-01-23 17:38:44,OTHER,PAUSE,,,,,,,,,,,,,,,,,,,,,,,,,,,,,,,,,,,,,,,33.74693059921265,False
1737650324.8009138,2025-01-23 17:38:44,OTHER,PAUSE,,,,,,,,,,,,,,,,,,,,,,,,,,,,,,,,,,,,,,,33.786932706832886,False
1737650324.8469164,2025-01-23 17:38:44,OTHER,PAUSE,,,,,,,,,,,,,,,,,,,,,,,,,,,,,,,,,,,,,,,33.83293533325195,False
1737650324.8799183,2025-01-23 17:38:44,OTHER,PAUSE,,,,,,,,,,,,,,,,,,,,,,,,,,,,,,,,,,,,,,,33.86593723297119,False
1737650324.9239209,2025-01-23 17:38:44,OTHER,PAUSE,,,,,,,,,,,,,,,,,,,,,,,,,,,,,,,,,,,,,,,33.909939765930176,False
1737650324.9579227,2025-01-23 17:38:44,OTHER,PAUSE,,,,,,,,,,,,,,,,,,,,,,,,,,,,,,,,,,,,,,,33.943941593170166,False
1737650324.998925,2025-01-23 17:38:44,OTHER,PAUSE,,,,,,,,,,,,,,,,,,,,,,,,,,,,,,,,,,,,,,,33.984943866729736,False
1737650325.031927,2025-01-23 17:38:45,OTHER,PAUSE,,,,,,,,,,,,,,,,,,,,,,,,,,,,,,,,,,,,,,,34.017946004867554,False
1737650325.065929,2025-01-23 17:38:45,OTHER,PAUSE,,,,,,,,,,,,,,,,,,,,,,,,,,,,,,,,,,,,,,,34.051947832107544,False
1737650325.0999308,2025-01-23 17:38:45,OTHER,PAUSE,,,,,,,,,,,,,,,,,,,,,,,,,,,,,,,,,,,,,,,34.085949659347534,False
1737650325.132933,2025-01-23 17:38:45,OTHER,PAUSE,,,,,,,,,,,,,,,,,,,,,,,,,,,,,,,,,,,,,,,34.11895179748535,False
1737650325.1899362,2025-01-23 17:38:45,OTHER,PAUSE,,,,,,,,,,,,,,,,,,,,,,,,,,,,,,,,,,,,,,,34.175955057144165,False
1737650325.2349386,2025-01-23 17:38:45,OTHER,PAUSE,,,,,,,,,,,,,,,,,,,,,,,,,,,,,,,,,,,,,,,34.2209575176239,False
1737650325.2729409,2025-01-23 17:38:45,OTHER,PAUSE,,,,,,,,,,,,,,,,,,,,,,,,,,,,,,,,,,,,,,,34.25895977020264,False
1737650325.3129432,2025-01-23 17:38:45,OTHER,PAUSE,,,,,,,,,,,,,,,,,,,,,,,,,,,,,,,,,,,,,,,34.298962116241455,False
1737650325.3559456,2025-01-23 17:38:45,OTHER,PAUSE,,,,,,,,,,,,,,,,,,,,,,,,,,,,,,,,,,,,,,,34.34196448326111,False
1737650325.3969479,2025-01-23 17:38:45,OTHER,PAUSE,,,,,,,,,,,,,,,,,,,,,,,,,,,,,,,,,,,,,,,34.38296675682068,False
1737650325.43295,2025-01-23 17:38:45,OTHER,PAUSE,,,,,,,,,,,,,,,,,,,,,,,,,,,,,,,,,,,,,,,34.41896891593933,False
1737650325.4739523,2025-01-23 17:38:45,OTHER,PAUSE,,,,,,,,,,,,,,,,,,,,,,,,,,,,,,,,,,,,,,,34.4599711894989,False
1737650325.5079541,2025-01-23 17:38:45,OTHER,PAUSE,,,,,,,,,,,,,,,,,,,,,,,,,,,,,,,,,,,,,,,34.49397301673889,False
1737650325.5479565,2025-01-23 17:38:45,OTHER,PAUSE,,,,,,,,,,,,,,,,,,,,,,,,,,,,,,,,,,,,,,,34.53397536277771,False
1737650325.5869586,2025-01-23 17:38:45,OTHER,PAUSE,,,,,,,,,,,,,,,,,,,,,,,,,,,,,,,,,,,,,,,34.5729775428772,False
1737650325.6279612,2025-01-23 17:38:45,OTHER,PAUSE,,,,,,,,,,,,,,,,,,,,,,,,,,,,,,,,,,,,,,,34.61398005485535,False
1737650325.6659632,2025-01-23 17:38:45,OTHER,PAUSE,,,,,,,,,,,,,,,,,,,,,,,,,,,,,,,,,,,,,,,34.6519820690155,False
1737650325.7069654,2025-01-23 17:38:45,OTHER,PAUSE,,,,,,,,,,,,,,,,,,,,,,,,,,,,,,,,,,,,,,,34.69298434257507,False
1737650325.7659688,2025-01-23 17:38:45,OTHER,PAUSE,,,,,,,,,,,,,,,,,,,,,,,,,,,,,,,,,,,,,,,34.75198769569397,False
1737650325.8139718,2025-01-23 17:38:45,OTHER,PAUSE,,,,,,,,,,,,,,,,,,,,,,,,,,,,,,,,,,,,,,,34.7999906539917,False
1737650325.8569741,2025-01-23 17:38:45,OTHER,PAUSE,,,,,,,,,,,,,,,,,,,,,,,,,,,,,,,,,,,,,,,34.84299302101135,False
1737650325.8949761,2025-01-23 17:38:45,OTHER,PAUSE,,,,,,,,,,,,,,,,,,,,,,,,,,,,,,,,,,,,,,,34.88099503517151,False
1737650325.9369786,2025-01-23 17:38:45,OTHER,PAUSE,,,,,,,,,,,,,,,,,,,,,,,,,,,,,,,,,,,,,,,34.92299747467041,False
1737650325.9839814,2025-01-23 17:38:45,OTHER,PAUSE,,,,,,,,,,,,,,,,,,,,,,,,,,,,,,,,,,,,,,,34.97000026702881,False
1737650326.024984,2025-01-23 17:38:46,OTHER,PAUSE,,,,,,,,,,,,,,,,,,,,,,,,,,,,,,,,,,,,,,,35.01100277900696,False
1737650326.0599859,2025-01-23 17:38:46,OTHER,PAUSE,,,,,,,,,,,,,,,,,,,,,,,,,,,,,,,,,,,,,,,35.04600477218628,False
1737650326.0959878,2025-01-23 17:38:46,OTHER,PAUSE,,,,,,,,,,,,,,,,,,,,,,,,,,,,,,,,,,,,,,,35.08200669288635,False
1737650326.13499,2025-01-23 17:38:46,OTHER,PAUSE,,,,,,,,,,,,,,,,,,,,,,,,,,,,,,,,,,,,,,,35.12100887298584,False
1737650326.1739922,2025-01-23 17:38:46,OTHER,PAUSE,,,,,,,,,,,,,,,,,,,,,,,,,,,,,,,,,,,,,,,35.16001105308533,False
1737650326.2139945,2025-01-23 17:38:46,OTHER,PAUSE,,,,,,,,,,,,,,,,,,,,,,,,,,,,,,,,,,,,,,,35.200013399124146,False
1737650326.2499967,2025-01-23 17:38:46,OTHER,PAUSE,,,,,,,,,,,,,,,,,,,,,,,,,,,,,,,,,,,,,,,35.2360155582428,False
1737650326.309,2025-01-23 17:38:46,OTHER,PAUSE,,,,,,,,,,,,,,,,,,,,,,,,,,,,,,,,,,,,,,,35.295018911361694,False
1737650326.3600028,2025-01-23 17:38:46,OTHER,PAUSE,,,,,,,,,,,,,,,,,,,,,,,,,,,,,,,,,,,,,,,35.34602165222168,False
1737650326.4030054,2025-01-23 17:38:46,OTHER,PAUSE,,,,,,,,,,,,,,,,,,,,,,,,,,,,,,,,,,,,,,,35.38902425765991,False
1737650326.4420075,2025-01-23 17:38:46,OTHER,PAUSE,,,,,,,,,,,,,,,,,,,,,,,,,,,,,,,,,,,,,,,35.4280264377594,False
1737650326.48201,2025-01-23 17:38:46,OTHER,PAUSE,,,,,,,,,,,,,,,,,,,,,,,,,,,,,,,,,,,,,,,35.46802878379822,False
1737650326.5210123,2025-01-23 17:38:46,OTHER,PAUSE,,,,,,,,,,,,,,,,,,,,,,,,,,,,,,,,,,,,,,,35.507031202316284,False
1737650326.5630145,2025-01-23 17:38:46,OTHER,PAUSE,,,,,,,,,,,,,,,,,,,,,,,,,,,,,,,,,,,,,,,35.549033403396606,False
1737650326.6050172,2025-01-23 17:38:46,OTHER,PAUSE,,,,,,,,,,,,,,,,,,,,,,,,,,,,,,,,,,,,,,,35.59103608131409,False
1737650326.6520197,2025-01-23 17:38:46,OTHER,PAUSE,,,,,,,,,,,,,,,,,,,,,,,,,,,,,,,,,,,,,,,35.638038635253906,False
1737650326.6990223,2025-01-23 17:38:46,OTHER,PAUSE,,,,,,,,,,,,,,,,,,,,,,,,,,,,,,,,,,,,,,,35.685041189193726,False
1737650326.7340243,2025-01-23 17:38:46,OTHER,PAUSE,,,,,,,,,,,,,,,,,,,,,,,,,,,,,,,,,,,,,,,35.72004318237305,False
1737650326.777027,2025-01-23 17:38:46,OTHER,PAUSE,,,,,,,,,,,,,,,,,,,,,,,,,,,,,,,,,,,,,,,35.76304578781128,False
1737650326.8250294,2025-01-23 17:38:46,OTHER,PAUSE,,,,,,,,,,,,,,,,,,,,,,,,,,,,,,,,,,,,,,,35.81104826927185,False
1737650326.8790326,2025-01-23 17:38:46,OTHER,PAUSE,,,,,,,,,,,,,,,,,,,,,,,,,,,,,,,,,,,,,,,35.86505150794983,False
1737650326.9290354,2025-01-23 17:38:46,OTHER,PAUSE,,,,,,,,,,,,,,,,,,,,,,,,,,,,,,,,,,,,,,,35.91505432128906,False
1737650326.9740381,2025-01-23 17:38:46,OTHER,PAUSE,,,,,,,,,,,,,,,,,,,,,,,,,,,,,,,,,,,,,,,35.96005702018738,False
1737650327.023041,2025-01-23 17:38:47,OTHER,PAUSE,,,,,,,,,,,,,,,,,,,,,,,,,,,,,,,,,,,,,,,36.00905990600586,False
1737650327.0670433,2025-01-23 17:38:47,OTHER,PAUSE,,,,,,,,,,,,,,,,,,,,,,,,,,,,,,,,,,,,,,,36.053062200546265,False
1737650327.1080458,2025-01-23 17:38:47,OTHER,PAUSE,,,,,,,,,,,,,,,,,,,,,,,,,,,,,,,,,,,,,,,36.094064712524414,False
1737650327.148048,2025-01-23 17:38:47,OTHER,PAUSE,,,,,,,,,,,,,,,,,,,,,,,,,,,,,,,,,,,,,,,36.13406682014465,False
1737650327.18505,2025-01-23 17:38:47,OTHER,PAUSE,,,,,,,,,,,,,,,,,,,,,,,,,,,,,,,,,,,,,,,36.17106890678406,False
1737650327.2270525,2025-01-23 17:38:47,OTHER,PAUSE,,,,,,,,,,,,,,,,,,,,,,,,,,,,,,,,,,,,,,,36.21307134628296,False
1737650327.269055,2025-01-23 17:38:47,OTHER,PAUSE,,,,,,,,,,,,,,,,,,,,,,,,,,,,,,,,,,,,,,,36.25507378578186,False
1737650327.322058,2025-01-23 17:38:47,OTHER,PAUSE,,,,,,,,,,,,,,,,,,,,,,,,,,,,,,,,,,,,,,,36.30807685852051,False
1737650327.3630602,2025-01-23 17:38:47,OTHER,PAUSE,,,,,,,,,,,,,,,,,,,,,,,,,,,,,,,,,,,,,,,36.34907913208008,False
1737650327.4060628,2025-01-23 17:38:47,OTHER,PAUSE,,,,,,,,,,,,,,,,,,,,,,,,,,,,,,,,,,,,,,,36.39208173751831,False
1737650327.4600658,2025-01-23 17:38:47,OTHER,PAUSE,,,,,,,,,,,,,,,,,,,,,,,,,,,,,,,,,,,,,,,36.44608473777771,False
1737650327.5020683,2025-01-23 17:38:47,OTHER,PAUSE,,,,,,,,,,,,,,,,,,,,,,,,,,,,,,,,,,,,,,,36.48808717727661,False
1737650327.5440707,2025-01-23 17:38:47,OTHER,PAUSE,,,,,,,,,,,,,,,,,,,,,,,,,,,,,,,,,,,,,,,36.53008961677551,False
1737650327.584073,2025-01-23 17:38:47,OTHER,PAUSE,,,,,,,,,,,,,,,,,,,,,,,,,,,,,,,,,,,,,,,36.57009196281433,False
1737650327.6260755,2025-01-23 17:38:47,OTHER,PAUSE,,,,,,,,,,,,,,,,,,,,,,,,,,,,,,,,,,,,,,,36.61209440231323,False
1737650327.6650774,2025-01-23 17:38:47,OTHER,PAUSE,,,,,,,,,,,,,,,,,,,,,,,,,,,,,,,,,,,,,,,36.65109634399414,False
1737650327.7040799,2025-01-23 17:38:47,OTHER,PAUSE,,,,,,,,,,,,,,,,,,,,,,,,,,,,,,,,,,,,,,,36.69009876251221,False
1737650327.7390816,2025-01-23 17:38:47,OTHER,PAUSE,,,,,,,,,,,,,,,,,,,,,,,,,,,,,,,,,,,,,,,36.72510051727295,False
1737650327.7740839,2025-01-23 17:38:47,OTHER,PAUSE,,,,,,,,,,,,,,,,,,,,,,,,,,,,,,,,,,,,,,,36.76010274887085,False
1737650327.8170862,2025-01-23 17:38:47,OTHER,PAUSE,,,,,,,,,,,,,,,,,,,,,,,,,,,,,,,,,,,,,,,36.8031051158905,False
1737650327.8570886,2025-01-23 17:38:47,OTHER,PAUSE,,,,,,,,,,,,,,,,,,,,,,,,,,,,,,,,,,,,,,,36.84310746192932,False
1737650327.899091,2025-01-23 17:38:47,OTHER,PAUSE,,,,,,,,,,,,,,,,,,,,,,,,,,,,,,,,,,,,,,,36.88510990142822,False
1737650327.9390934,2025-01-23 17:38:47,OTHER,PAUSE,,,,,,,,,,,,,,,,,,,,,,,,,,,,,,,,,,,,,,,36.92511224746704,False
1737650327.9800954,2025-01-23 17:38:47,OTHER,PAUSE,,,,,,,,,,,,,,,,,,,,,,,,,,,,,,,,,,,,,,,36.96611428260803,False
1737650328.0280983,2025-01-23 17:38:48,OTHER,PAUSE,,,,,,,,,,,,,,,,,,,,,,,,,,,,,,,,,,,,,,,37.01411724090576,False
1737650328.075101,2025-01-23 17:38:48,OTHER,PAUSE,,,,,,,,,,,,,,,,,,,,,,,,,,,,,,,,,,,,,,,37.06111979484558,False
1737650328.1191034,2025-01-23 17:38:48,OTHER,PAUSE,,,,,,,,,,,,,,,,,,,,,,,,,,,,,,,,,,,,,,,37.105122327804565,False
1737650328.1611059,2025-01-23 17:38:48,OTHER,PAUSE,,,,,,,,,,,,,,,,,,,,,,,,,,,,,,,,,,,,,,,37.14712476730347,False
1737650328.2071085,2025-01-23 17:38:48,OTHER,PAUSE,,,,,,,,,,,,,,,,,,,,,,,,,,,,,,,,,,,,,,,37.193127393722534,False
1737650328.2471108,2025-01-23 17:38:48,OTHER,PAUSE,,,,,,,,,,,,,,,,,,,,,,,,,,,,,,,,,,,,,,,37.23312973976135,False
1737650328.2931137,2025-01-23 17:38:48,OTHER,PAUSE,,,,,,,,,,,,,,,,,,,,,,,,,,,,,,,,,,,,,,,37.279132604599,False
1737650328.3301156,2025-01-23 17:38:48,OTHER,PAUSE,,,,,,,,,,,,,,,,,,,,,,,,,,,,,,,,,,,,,,,37.316134452819824,False
1737650328.369118,2025-01-23 17:38:48,OTHER,PAUSE,,,,,,,,,,,,,,,,,,,,,,,,,,,,,,,,,,,,,,,37.35513687133789,False
1737650328.4081202,2025-01-23 17:38:48,OTHER,PAUSE,,,,,,,,,,,,,,,,,,,,,,,,,,,,,,,,,,,,,,,37.39413905143738,False
1737650328.447122,2025-01-23 17:38:48,OTHER,PAUSE,,,,,,,,,,,,,,,,,,,,,,,,,,,,,,,,,,,,,,,37.433140993118286,False
1737650328.495125,2025-01-23 17:38:48,OTHER,PAUSE,,,,,,,,,,,,,,,,,,,,,,,,,,,,,,,,,,,,,,,37.481143951416016,False
1737650328.5451279,2025-01-23 17:38:48,OTHER,PAUSE,,,,,,,,,,,,,,,,,,,,,,,,,,,,,,,,,,,,,,,37.53114676475525,False
1737650328.595131,2025-01-23 17:38:48,OTHER,PAUSE,,,,,,,,,,,,,,,,,,,,,,,,,,,,,,,,,,,,,,,37.58114981651306,False
1737650328.6401334,2025-01-23 17:38:48,OTHER,PAUSE,,,,,,,,,,,,,,,,,,,,,,,,,,,,,,,,,,,,,,,37.6261522769928,False
1737650328.6751354,2025-01-23 17:38:48,OTHER,PAUSE,,,,,,,,,,,,,,,,,,,,,,,,,,,,,,,,,,,,,,,37.66115427017212,False
1737650328.720138,2025-01-23 17:38:48,OTHER,PAUSE,,,,,,,,,,,,,,,,,,,,,,,,,,,,,,,,,,,,,,,37.706156969070435,False
1737650328.76114,2025-01-23 17:38:48,OTHER,PAUSE,,,,,,,,,,,,,,,,,,,,,,,,,,,,,,,,,,,,,,,37.747159004211426,False
1737650328.7981424,2025-01-23 17:38:48,OTHER,PAUSE,,,,,,,,,,,,,,,,,,,,,,,,,,,,,,,,,,,,,,,37.78416132926941,False
1737650328.8371446,2025-01-23 17:38:48,OTHER,PAUSE,,,,,,,,,,,,,,,,,,,,,,,,,,,,,,,,,,,,,,,37.8231635093689,False
1737650328.8731465,2025-01-23 17:38:48,OTHER,PAUSE,,,,,,,,,,,,,,,,,,,,,,,,,,,,,,,,,,,,,,,37.85916543006897,False
1737650328.916149,2025-01-23 17:38:48,OTHER,PAUSE,,,,,,,,,,,,,,,,,,,,,,,,,,,,,,,,,,,,,,,37.90216779708862,False
1737650328.9531512,2025-01-23 17:38:48,OTHER,PAUSE,,,,,,,,,,,,,,,,,,,,,,,,,,,,,,,,,,,,,,,37.939170122146606,False
1737650328.9891534,2025-01-23 17:38:48,OTHER,PAUSE,,,,,,,,,,,,,,,,,,,,,,,,,,,,,,,,,,,,,,,37.97517228126526,False
1737650329.032156,2025-01-23 17:38:49,OTHER,PAUSE,,,,,,,,,,,,,,,,,,,,,,,,,,,,,,,,,,,,,,,38.01817488670349,False
1737650329.073158,2025-01-23 17:38:49,OTHER,PAUSE,,,,,,,,,,,,,,,,,,,,,,,,,,,,,,,,,,,,,,,38.05917692184448,False
1737650329.1091602,2025-01-23 17:38:49,OTHER,PAUSE,,,,,,,,,,,,,,,,,,,,,,,,,,,,,,,,,,,,,,,38.095179080963135,False
1737650329.1651635,2025-01-23 17:38:49,OTHER,PAUSE,,,,,,,,,,,,,,,,,,,,,,,,,,,,,,,,,,,,,,,38.151182413101196,False
1737650329.211166,2025-01-23 17:38:49,OTHER,PAUSE,,,,,,,,,,,,,,,,,,,,,,,,,,,,,,,,,,,,,,,38.197184801101685,False
1737650329.2541685,2025-01-23 17:38:49,OTHER,PAUSE,,,,,,,,,,,,,,,,,,,,,,,,,,,,,,,,,,,,,,,38.24018740653992,False
1737650329.2901707,2025-01-23 17:38:49,OTHER,PAUSE,,,,,,,,,,,,,,,,,,,,,,,,,,,,,,,,,,,,,,,38.27618956565857,False
1737650329.3391733,2025-01-23 17:38:49,OTHER,PAUSE,,,,,,,,,,,,,,,,,,,,,,,,,,,,,,,,,,,,,,,38.32519221305847,False
1737650329.3891764,2025-01-23 17:38:49,OTHER,PAUSE,,,,,,,,,,,,,,,,,,,,,,,,,,,,,,,,,,,,,,,38.375195264816284,False
1737650329.436179,2025-01-23 17:38:49,OTHER,PAUSE,,,,,,,,,,,,,,,,,,,,,,,,,,,,,,,,,,,,,,,38.4221978187561,False
1737650329.4771812,2025-01-23 17:38:49,OTHER,PAUSE,,,,,,,,,,,,,,,,,,,,,,,,,,,,,,,,,,,,,,,38.463200092315674,False
1737650329.5301843,2025-01-23 17:38:49,OTHER,PAUSE,,,,,,,,,,,,,,,,,,,,,,,,,,,,,,,,,,,,,,,38.51620316505432,False
1737650329.5721867,2025-01-23 17:38:49,OTHER,PAUSE,,,,,,,,,,,,,,,,,,,,,,,,,,,,,,,,,,,,,,,38.55820560455322,False
1737650329.6081886,2025-01-23 17:38:49,OTHER,PAUSE,,,,,,,,,,,,,,,,,,,,,,,,,,,,,,,,,,,,,,,38.594207525253296,False
1737650329.6491911,2025-01-23 17:38:49,OTHER,PAUSE,,,,,,,,,,,,,,,,,,,,,,,,,,,,,,,,,,,,,,,38.635210037231445,False
1737650329.698194,2025-01-23 17:38:49,OTHER,PAUSE,,,,,,,,,,,,,,,,,,,,,,,,,,,,,,,,,,,,,,,38.68421292304993,False
1737650329.7501967,2025-01-23 17:38:49,OTHER,PAUSE,,,,,,,,,,,,,,,,,,,,,,,,,,,,,,,,,,,,,,,38.736215591430664,False
1737650329.7981997,2025-01-23 17:38:49,OTHER,PAUSE,,,,,,,,,,,,,,,,,,,,,,,,,,,,,,,,,,,,,,,38.784218549728394,False
1737650329.8422022,2025-01-23 17:38:49,OTHER,PAUSE,,,,,,,,,,,,,,,,,,,,,,,,,,,,,,,,,,,,,,,38.82822108268738,False
1737650329.8842046,2025-01-23 17:38:49,OTHER,PAUSE,,,,,,,,,,,,,,,,,,,,,,,,,,,,,,,,,,,,,,,38.87022352218628,False
1737650329.9202065,2025-01-23 17:38:49,OTHER,PAUSE,,,,,,,,,,,,,,,,,,,,,,,,,,,,,,,,,,,,,,,38.90622544288635,False
1737650329.9572086,2025-01-23 17:38:49,OTHER,PAUSE,,,,,,,,,,,,,,,,,,,,,,,,,,,,,,,,,,,,,,,38.94322752952576,False
1737650329.9932106,2025-01-23 17:38:49,OTHER,PAUSE,,,,,,,,,,,,,,,,,,,,,,,,,,,,,,,,,,,,,,,38.97922945022583,False
1737650330.033213,2025-01-23 17:38:50,OTHER,PAUSE,,,,,,,,,,,,,,,,,,,,,,,,,,,,,,,,,,,,,,,39.01923179626465,False
1737650330.0772154,2025-01-23 17:38:50,OTHER,PAUSE,,,,,,,,,,,,,,,,,,,,,,,,,,,,,,,,,,,,,,,39.06323432922363,False
1737650330.121218,2025-01-23 17:38:50,OTHER,PAUSE,,,,,,,,,,,,,,,,,,,,,,,,,,,,,,,,,,,,,,,39.10723686218262,False
1737650330.1592202,2025-01-23 17:38:50,OTHER,PAUSE,,,,,,,,,,,,,,,,,,,,,,,,,,,,,,,,,,,,,,,39.14523911476135,False
1737650330.2012227,2025-01-23 17:38:50,OTHER,PAUSE,,,,,,,,,,,,,,,,,,,,,,,,,,,,,,,,,,,,,,,39.187241554260254,False
1737650330.238225,2025-01-23 17:38:50,OTHER,PAUSE,,,,,,,,,,,,,,,,,,,,,,,,,,,,,,,,,,,,,,,39.22424387931824,False
1737650330.3022285,2025-01-23 17:38:50,OTHER,PAUSE,,,,,,,,,,,,,,,,,,,,,,,,,,,,,,,,,,,,,,,39.28824734687805,False
1737650330.3432307,2025-01-23 17:38:50,OTHER,PAUSE,,,,,,,,,,,,,,,,,,,,,,,,,,,,,,,,,,,,,,,39.32924962043762,False
1737650330.386233,2025-01-23 17:38:50,OTHER,PAUSE,,,,,,,,,,,,,,,,,,,,,,,,,,,,,,,,,,,,,,,39.372251987457275,False
1737650330.433236,2025-01-23 17:38:50,OTHER,PAUSE,,,,,,,,,,,,,,,,,,,,,,,,,,,,,,,,,,,,,,,39.419254779815674,False
1737650330.4742382,2025-01-23 17:38:50,OTHER,PAUSE,,,,,,,,,,,,,,,,,,,,,,,,,,,,,,,,,,,,,,,39.460257053375244,False
1737650330.5182407,2025-01-23 17:38:50,OTHER,PAUSE,,,,,,,,,,,,,,,,,,,,,,,,,,,,,,,,,,,,,,,39.50425958633423,False
1737650330.559243,2025-01-23 17:38:50,OTHER,PAUSE,,,,,,,,,,,,,,,,,,,,,,,,,,,,,,,,,,,,,,,39.5452618598938,False
1737650330.5992453,2025-01-23 17:38:50,OTHER,PAUSE,,,,,,,,,,,,,,,,,,,,,,,,,,,,,,,,,,,,,,,39.58526420593262,False
1737650330.6432478,2025-01-23 17:38:50,OTHER,PAUSE,,,,,,,,,,,,,,,,,,,,,,,,,,,,,,,,,,,,,,,39.6292667388916,False
1737650330.6842504,2025-01-23 17:38:50,OTHER,PAUSE,,,,,,,,,,,,,,,,,,,,,,,,,,,,,,,,,,,,,,,39.67026925086975,False
1737650330.7252526,2025-01-23 17:38:50,OTHER,PAUSE,,,,,,,,,,,,,,,,,,,,,,,,,,,,,,,,,,,,,,,39.71127152442932,False
1737650330.763255,2025-01-23 17:38:50,OTHER,PAUSE,,,,,,,,,,,,,,,,,,,,,,,,,,,,,,,,,,,,,,,39.74927377700806,False
1737650330.8052573,2025-01-23 17:38:50,OTHER,PAUSE,,,,,,,,,,,,,,,,,,,,,,,,,,,,,,,,,,,,,,,39.79127621650696,False
1737650330.8662608,2025-01-23 17:38:50,OTHER,PAUSE,,,,,,,,,,,,,,,,,,,,,,,,,,,,,,,,,,,,,,,39.85227966308594,False
1737650330.9032626,2025-01-23 17:38:50,OTHER,PAUSE,,,,,,,,,,,,,,,,,,,,,,,,,,,,,,,,,,,,,,,39.88928151130676,False
1737650330.9442651,2025-01-23 17:38:50,OTHER,PAUSE,,,,,,,,,,,,,,,,,,,,,,,,,,,,,,,,,,,,,,,39.93028402328491,False
1737650330.9862673,2025-01-23 17:38:50,OTHER,PAUSE,,,,,,,,,,,,,,,,,,,,,,,,,,,,,,,,,,,,,,,39.972286224365234,False
1737650331.0282698,2025-01-23 17:38:51,OTHER,PAUSE,,,,,,,,,,,,,,,,,,,,,,,,,,,,,,,,,,,,,,,40.014288663864136,False
1737650331.0772727,2025-01-23 17:38:51,OTHER,PAUSE,,,,,,,,,,,,,,,,,,,,,,,,,,,,,,,,,,,,,,,40.06329154968262,False
1737650331.1222754,2025-01-23 17:38:51,OTHER,PAUSE,,,,,,,,,,,,,,,,,,,,,,,,,,,,,,,,,,,,,,,40.10829424858093,False
1737650331.166278,2025-01-23 17:38:51,OTHER,PAUSE,,,,,,,,,,,,,,,,,,,,,,,,,,,,,,,,,,,,,,,40.15229678153992,False
1737650331.2092803,2025-01-23 17:38:51,OTHER,PAUSE,,,,,,,,,,,,,,,,,,,,,,,,,,,,,,,,,,,,,,,40.19529914855957,False
1737650331.2532828,2025-01-23 17:38:51,OTHER,PAUSE,,,,,,,,,,,,,,,,,,,,,,,,,,,,,,,,,,,,,,,40.239301681518555,False
1737650331.2952852,2025-01-23 17:38:51,OTHER,PAUSE,,,,,,,,,,,,,,,,,,,,,,,,,,,,,,,,,,,,,,,40.281304121017456,False
1737650331.3392878,2025-01-23 17:38:51,OTHER,PAUSE,,,,,,,,,,,,,,,,,,,,,,,,,,,,,,,,,,,,,,,40.32530665397644,False
1737650331.3922908,2025-01-23 17:38:51,OTHER,PAUSE,,,,,,,,,,,,,,,,,,,,,,,,,,,,,,,,,,,,,,,40.37830972671509,False
1737650331.4382935,2025-01-23 17:38:51,OTHER,PAUSE,,,,,,,,,,,,,,,,,,,,,,,,,,,,,,,,,,,,,,,40.424312353134155,False
1737650331.4862962,2025-01-23 17:38:51,OTHER,PAUSE,,,,,,,,,,,,,,,,,,,,,,,,,,,,,,,,,,,,,,,40.472315073013306,False
1737650331.522298,2025-01-23 17:38:51,OTHER,PAUSE,,,,,,,,,,,,,,,,,,,,,,,,,,,,,,,,,,,,,,,40.50831699371338,False
1737650331.573301,2025-01-23 17:38:51,OTHER,PAUSE,,,,,,,,,,,,,,,,,,,,,,,,,,,,,,,,,,,,,,,40.55931997299194,False
1737650331.6163037,2025-01-23 17:38:51,OTHER,PAUSE,,,,,,,,,,,,,,,,,,,,,,,,,,,,,,,,,,,,,,,40.602322578430176,False
1737650331.656306,2025-01-23 17:38:51,OTHER,PAUSE,,,,,,,,,,,,,,,,,,,,,,,,,,,,,,,,,,,,,,,40.642324924468994,False
1737650331.7033086,2025-01-23 17:38:51,OTHER,PAUSE,,,,,,,,,,,,,,,,,,,,,,,,,,,,,,,,,,,,,,,40.68932747840881,False
1737650331.7533114,2025-01-23 17:38:51,OTHER,PAUSE,,,,,,,,,,,,,,,,,,,,,,,,,,,,,,,,,,,,,,,40.73933029174805,False
1737650331.7973137,2025-01-23 17:38:51,OTHER,PAUSE,,,,,,,,,,,,,,,,,,,,,,,,,,,,,,,,,,,,,,,40.78333258628845,False
1737650331.834316,2025-01-23 17:38:51,OTHER,PAUSE,,,,,,,,,,,,,,,,,,,,,,,,,,,,,,,,,,,,,,,40.820334911346436,False
1737650331.8763185,2025-01-23 17:38:51,OTHER,PAUSE,,,,,,,,,,,,,,,,,,,,,,,,,,,,,,,,,,,,,,,40.86233735084534,False
1737650331.923321,2025-01-23 17:38:51,OTHER,PAUSE,,,,,,,,,,,,,,,,,,,,,,,,,,,,,,,,,,,,,,,40.909339904785156,False
1737650331.976324,2025-01-23 17:38:51,OTHER,PAUSE,,,,,,,,,,,,,,,,,,,,,,,,,,,,,,,,,,,,,,,40.962342977523804,False
1737650332.0213265,2025-01-23 17:38:52,OTHER,PAUSE,,,,,,,,,,,,,,,,,,,,,,,,,,,,,,,,,,,,,,,41.00734543800354,False
1737650332.060329,2025-01-23 17:38:52,OTHER,PAUSE,,,,,,,,,,,,,,,,,,,,,,,,,,,,,,,,,,,,,,,41.046347856521606,False
1737650332.1053317,2025-01-23 17:38:52,OTHER,PAUSE,,,,,,,,,,,,,,,,,,,,,,,,,,,,,,,,,,,,,,,41.09135055541992,False
1737650332.1543345,2025-01-23 17:38:52,OTHER,PAUSE,,,,,,,,,,,,,,,,,,,,,,,,,,,,,,,,,,,,,,,41.1403534412384,False
1737650332.197337,2025-01-23 17:38:52,OTHER,PAUSE,,,,,,,,,,,,,,,,,,,,,,,,,,,,,,,,,,,,,,,41.18335580825806,False
1737650332.237339,2025-01-23 17:38:52,OTHER,PAUSE,,,,,,,,,,,,,,,,,,,,,,,,,,,,,,,,,,,,,,,41.223357915878296,False
1737650332.2773414,2025-01-23 17:38:52,OTHER,PAUSE,,,,,,,,,,,,,,,,,,,,,,,,,,,,,,,,,,,,,,,41.263360261917114,False
1737650332.3153436,2025-01-23 17:38:52,OTHER,PAUSE,,,,,,,,,,,,,,,,,,,,,,,,,,,,,,,,,,,,,,,41.30136251449585,False
1737650332.355346,2025-01-23 17:38:52,OTHER,PAUSE,,,,,,,,,,,,,,,,,,,,,,,,,,,,,,,,,,,,,,,41.34136486053467,False
1737650332.3903477,2025-01-23 17:38:52,OTHER,PAUSE,,,,,,,,,,,,,,,,,,,,,,,,,,,,,,,,,,,,,,,41.37636661529541,False
1737650332.4363503,2025-01-23 17:38:52,OTHER,PAUSE,,,,,,,,,,,,,,,,,,,,,,,,,,,,,,,,,,,,,,,41.42236924171448,False
1737650332.4833531,2025-01-23 17:38:52,OTHER,PAUSE,,,,,,,,,,,,,,,,,,,,,,,,,,,,,,,,,,,,,,,41.469372034072876,False
1737650332.532356,2025-01-23 17:38:52,OTHER,PAUSE,,,,,,,,,,,,,,,,,,,,,,,,,,,,,,,,,,,,,,,41.51837491989136,False
1737650332.589359,2025-01-23 17:38:52,OTHER,PAUSE,,,,,,,,,,,,,,,,,,,,,,,,,,,,,,,,,,,,,,,41.57537794113159,False
1737650332.636362,2025-01-23 17:38:52,OTHER,PAUSE,,,,,,,,,,,,,,,,,,,,,,,,,,,,,,,,,,,,,,,41.62238097190857,False
1737650332.6813645,2025-01-23 17:38:52,OTHER,PAUSE,,,,,,,,,,,,,,,,,,,,,,,,,,,,,,,,,,,,,,,41.667383432388306,False
1737650332.7293673,2025-01-23 17:38:52,OTHER,PAUSE,,,,,,,,,,,,,,,,,,,,,,,,,,,,,,,,,,,,,,,41.715386152267456,False
1737650332.7763698,2025-01-23 17:38:52,OTHER,PAUSE,,,,,,,,,,,,,,,,,,,,,,,,,,,,,,,,,,,,,,,41.762388706207275,False
1737650332.8153722,2025-01-23 17:38:52,OTHER,PAUSE,,,,,,,,,,,,,,,,,,,,,,,,,,,,,,,,,,,,,,,41.80139112472534,False
1737650332.8603747,2025-01-23 17:38:52,OTHER,PAUSE,,,,,,,,,,,,,,,,,,,,,,,,,,,,,,,,,,,,,,,41.84639358520508,False
1737650332.897377,2025-01-23 17:38:52,OTHER,PAUSE,,,,,,,,,,,,,,,,,,,,,,,,,,,,,,,,,,,,,,,41.88339591026306,False
1737650332.9403794,2025-01-23 17:38:52,OTHER,PAUSE,,,,,,,,,,,,,,,,,,,,,,,,,,,,,,,,,,,,,,,41.926398277282715,False
1737650332.9853818,2025-01-23 17:38:52,OTHER,PAUSE,,,,,,,,,,,,,,,,,,,,,,,,,,,,,,,,,,,,,,,41.97140073776245,False
1737650333.0283842,2025-01-23 17:38:53,OTHER,PAUSE,,,,,,,,,,,,,,,,,,,,,,,,,,,,,,,,,,,,,,,42.014403104782104,False
1737650333.0843875,2025-01-23 17:38:53,OTHER,PAUSE,,,,,,,,,,,,,,,,,,,,,,,,,,,,,,,,,,,,,,,42.070406436920166,False
1737650333.1423907,2025-01-23 17:38:53,OTHER,PAUSE,,,,,,,,,,,,,,,,,,,,,,,,,,,,,,,,,,,,,,,42.12840962409973,False
1737650333.1883934,2025-01-23 17:38:53,OTHER,PAUSE,,,,,,,,,,,,,,,,,,,,,,,,,,,,,,,,,,,,,,,42.1744122505188,False
1737650333.2253957,2025-01-23 17:38:53,OTHER,PAUSE,,,,,,,,,,,,,,,,,,,,,,,,,,,,,,,,,,,,,,,42.21141457557678,False
1737650333.269398,2025-01-23 17:38:53,OTHER,PAUSE,,,,,,,,,,,,,,,,,,,,,,,,,,,,,,,,,,,,,,,42.25541687011719,False
1737650333.3094003,2025-01-23 17:38:53,OTHER,PAUSE,,,,,,,,,,,,,,,,,,,,,,,,,,,,,,,,,,,,,,,42.295419216156006,False
1737650333.354403,2025-01-23 17:38:53,OTHER,PAUSE,,,,,,,,,,,,,,,,,,,,,,,,,,,,,,,,,,,,,,,42.34042191505432,False
1737650333.3984053,2025-01-23 17:38:53,OTHER,PAUSE,,,,,,,,,,,,,,,,,,,,,,,,,,,,,,,,,,,,,,,42.38442420959473,False
1737650333.4384077,2025-01-23 17:38:53,OTHER,PAUSE,,,,,,,,,,,,,,,,,,,,,,,,,,,,,,,,,,,,,,,42.424426555633545,False
1737650333.4814103,2025-01-23 17:38:53,OTHER,PAUSE,,,,,,,,,,,,,,,,,,,,,,,,,,,,,,,,,,,,,,,42.46742916107178,False
1737650333.5224125,2025-01-23 17:38:53,OTHER,PAUSE,,,,,,,,,,,,,,,,,,,,,,,,,,,,,,,,,,,,,,,42.50843143463135,False
1737650333.564415,2025-01-23 17:38:53,OTHER,PAUSE,,,,,,,,,,,,,,,,,,,,,,,,,,,,,,,,,,,,,,,42.55043387413025,False
1737650333.6184182,2025-01-23 17:38:53,OTHER,PAUSE,,,,,,,,,,,,,,,,,,,,,,,,,,,,,,,,,,,,,,,42.60443711280823,False
1737650333.6644206,2025-01-23 17:38:53,OTHER,PAUSE,,,,,,,,,,,,,,,,,,,,,,,,,,,,,,,,,,,,,,,42.650439500808716,False
1737650333.720424,2025-01-23 17:38:53,OTHER,PAUSE,,,,,,,,,,,,,,,,,,,,,,,,,,,,,,,,,,,,,,,42.70644283294678,False
1737650333.7694266,2025-01-23 17:38:53,OTHER,PAUSE,,,,,,,,,,,,,,,,,,,,,,,,,,,,,,,,,,,,,,,42.75544548034668,False
1737650333.808429,2025-01-23 17:38:53,OTHER,PAUSE,,,,,,,,,,,,,,,,,,,,,,,,,,,,,,,,,,,,,,,42.794447898864746,False
1737650333.8584318,2025-01-23 17:38:53,OTHER,PAUSE,,,,,,,,,,,,,,,,,,,,,,,,,,,,,,,,,,,,,,,42.84445071220398,False
1737650333.9034345,2025-01-23 17:38:53,OTHER,PAUSE,,,,,,,,,,,,,,,,,,,,,,,,,,,,,,,,,,,,,,,42.889453411102295,False
1737650333.949437,2025-01-23 17:38:53,OTHER,PAUSE,,,,,,,,,,,,,,,,,,,,,,,,,,,,,,,,,,,,,,,42.93545579910278,False
1737650333.9954395,2025-01-23 17:38:53,OTHER,PAUSE,,,,,,,,,,,,,,,,,,,,,,,,,,,,,,,,,,,,,,,42.98145842552185,False
1737650334.0404422,2025-01-23 17:38:54,OTHER,PAUSE,,,,,,,,,,,,,,,,,,,,,,,,,,,,,,,,,,,,,,,43.026461124420166,False
1737650334.0804443,2025-01-23 17:38:54,OTHER,PAUSE,,,,,,,,,,,,,,,,,,,,,,,,,,,,,,,,,,,,,,,43.066463232040405,False
1737650334.1244469,2025-01-23 17:38:54,OTHER,PAUSE,,,,,,,,,,,,,,,,,,,,,,,,,,,,,,,,,,,,,,,43.11046576499939,False
1737650334.1654494,2025-01-23 17:38:54,OTHER,PAUSE,,,,,,,,,,,,,,,,,,,,,,,,,,,,,,,,,,,,,,,43.15146827697754,False
1737650334.2054517,2025-01-23 17:38:54,OTHER,PAUSE,,,,,,,,,,,,,,,,,,,,,,,,,,,,,,,,,,,,,,,43.19147062301636,False
1737650334.2624547,2025-01-23 17:38:54,OTHER,PAUSE,,,,,,,,,,,,,,,,,,,,,,,,,,,,,,,,,,,,,,,43.24847364425659,False
1737650334.3104577,2025-01-23 17:38:54,OTHER,PAUSE,,,,,,,,,,,,,,,,,,,,,,,,,,,,,,,,,,,,,,,43.29647660255432,False
1737650334.3564603,2025-01-23 17:38:54,OTHER,PAUSE,,,,,,,,,,,,,,,,,,,,,,,,,,,,,,,,,,,,,,,43.34247922897339,False
1737650334.3984628,2025-01-23 17:38:54,OTHER,PAUSE,,,,,,,,,,,,,,,,,,,,,,,,,,,,,,,,,,,,,,,43.38448166847229,False
1737650334.4404652,2025-01-23 17:38:54,OTHER,PAUSE,,,,,,,,,,,,,,,,,,,,,,,,,,,,,,,,,,,,,,,43.42648410797119,False
1737650334.4844677,2025-01-23 17:38:54,OTHER,PAUSE,,,,,,,,,,,,,,,,,,,,,,,,,,,,,,,,,,,,,,,43.470486640930176,False
1737650334.52747,2025-01-23 17:38:54,OTHER,PAUSE,,,,,,,,,,,,,,,,,,,,,,,,,,,,,,,,,,,,,,,43.51348900794983,False
1737650334.5794733,2025-01-23 17:38:54,OTHER,PAUSE,,,,,,,,,,,,,,,,,,,,,,,,,,,,,,,,,,,,,,,43.565492153167725,False
1737650334.631476,2025-01-23 17:38:54,OTHER,PAUSE,,,,,,,,,,,,,,,,,,,,,,,,,,,,,,,,,,,,,,,43.61749482154846,False
1737650334.6754785,2025-01-23 17:38:54,OTHER,PAUSE,,,,,,,,,,,,,,,,,,,,,,,,,,,,,,,,,,,,,,,43.661497354507446,False
1737650334.7154808,2025-01-23 17:38:54,OTHER,PAUSE,,,,,,,,,,,,,,,,,,,,,,,,,,,,,,,,,,,,,,,43.701499700546265,False
1737650334.7594833,2025-01-23 17:38:54,OTHER,PAUSE,,,,,,,,,,,,,,,,,,,,,,,,,,,,,,,,,,,,,,,43.74550223350525,False
1737650334.8184867,2025-01-23 17:38:54,OTHER,PAUSE,,,,,,,,,,,,,,,,,,,,,,,,,,,,,,,,,,,,,,,43.804505586624146,False
1737650334.8654895,2025-01-23 17:38:54,OTHER,PAUSE,,,,,,,,,,,,,,,,,,,,,,,,,,,,,,,,,,,,,,,43.851508378982544,False
1737650334.910492,2025-01-23 17:38:54,OTHER,PAUSE,,,,,,,,,,,,,,,,,,,,,,,,,,,,,,,,,,,,,,,43.89651083946228,False
1737650334.9534945,2025-01-23 17:38:54,OTHER,PAUSE,,,,,,,,,,,,,,,,,,,,,,,,,,,,,,,,,,,,,,,43.93951344490051,False
1737650335.0074975,2025-01-23 17:38:55,OTHER,PAUSE,,,,,,,,,,,,,,,,,,,,,,,,,,,,,,,,,,,,,,,43.99351644515991,False
1737650335.065501,2025-01-23 17:38:55,OTHER,PAUSE,,,,,,,,,,,,,,,,,,,,,,,,,,,,,,,,,,,,,,,44.05151987075806,False
1737650335.1275043,2025-01-23 17:38:55,OTHER,PAUSE,,,,,,,,,,,,,,,,,,,,,,,,,,,,,,,,,,,,,,,44.11352324485779,False
1737650335.1845076,2025-01-23 17:38:55,OTHER,PAUSE,,,,,,,,,,,,,,,,,,,,,,,,,,,,,,,,,,,,,,,44.1705265045166,False
1737650335.2515116,2025-01-23 17:38:55,OTHER,PAUSE,,,,,,,,,,,,,,,,,,,,,,,,,,,,,,,,,,,,,,,44.23753046989441,False
1737650335.3065147,2025-01-23 17:38:55,OTHER,PAUSE,,,,,,,,,,,,,,,,,,,,,,,,,,,,,,,,,,,,,,,44.29253363609314,False
1737650335.362518,2025-01-23 17:38:55,OTHER,PAUSE,,,,,,,,,,,,,,,,,,,,,,,,,,,,,,,,,,,,,,,44.3485369682312,False
1737650335.4305215,2025-01-23 17:38:55,OTHER,PAUSE,,,,,,,,,,,,,,,,,,,,,,,,,,,,,,,,,,,,,,,44.4165403842926,False
1737650335.4795246,2025-01-23 17:38:55,OTHER,PAUSE,,,,,,,,,,,,,,,,,,,,,,,,,,,,,,,,,,,,,,,44.46554350852966,False
1737650335.540528,2025-01-23 17:38:55,OTHER,PAUSE,,,,,,,,,,,,,,,,,,,,,,,,,,,,,,,,,,,,,,,44.52654695510864,False
1737650335.6075318,2025-01-23 17:38:55,OTHER,PAUSE,,,,,,,,,,,,,,,,,,,,,,,,,,,,,,,,,,,,,,,44.59355068206787,False
1737650335.6695354,2025-01-23 17:38:55,OTHER,PAUSE,,,,,,,,,,,,,,,,,,,,,,,,,,,,,,,,,,,,,,,44.65555429458618,False
1737650335.7385395,2025-01-23 17:38:55,OTHER,PAUSE,,,,,,,,,,,,,,,,,,,,,,,,,,,,,,,,,,,,,,,44.72455835342407,False
1737650335.7925425,2025-01-23 17:38:55,OTHER,PAUSE,,,,,,,,,,,,,,,,,,,,,,,,,,,,,,,,,,,,,,,44.77856135368347,False
1737650335.8475456,2025-01-23 17:38:55,OTHER,PAUSE,,,,,,,,,,,,,,,,,,,,,,,,,,,,,,,,,,,,,,,44.8335645198822,False
1737650335.8965483,2025-01-23 17:38:55,OTHER,PAUSE,,,,,,,,,,,,,,,,,,,,,,,,,,,,,,,,,,,,,,,44.882567167282104,False
1737650335.9545517,2025-01-23 17:38:55,OTHER,PAUSE,,,,,,,,,,,,,,,,,,,,,,,,,,,,,,,,,,,,,,,44.94057059288025,False
1737650336.0155551,2025-01-23 17:38:56,OTHER,PAUSE,,,,,,,,,,,,,,,,,,,,,,,,,,,,,,,,,,,,,,,45.00157403945923,False
1737650336.0765586,2025-01-23 17:38:56,OTHER,PAUSE,,,,,,,,,,,,,,,,,,,,,,,,,,,,,,,,,,,,,,,45.06257748603821,False
1737650336.1225612,2025-01-23 17:38:56,OTHER,PAUSE,,,,,,,,,,,,,,,,,,,,,,,,,,,,,,,,,,,,,,,45.108580112457275,False
1737650336.169564,2025-01-23 17:38:56,OTHER,PAUSE,,,,,,,,,,,,,,,,,,,,,,,,,,,,,,,,,,,,,,,45.155582904815674,False
1737650336.2155666,2025-01-23 17:38:56,OTHER,PAUSE,,,,,,,,,,,,,,,,,,,,,,,,,,,,,,,,,,,,,,,45.20158553123474,False
1737650336.2615693,2025-01-23 17:38:56,OTHER,PAUSE,,,,,,,,,,,,,,,,,,,,,,,,,,,,,,,,,,,,,,,45.24758815765381,False
1737650336.3125722,2025-01-23 17:38:56,OTHER,PAUSE,,,,,,,,,,,,,,,,,,,,,,,,,,,,,,,,,,,,,,,45.29859113693237,False
1737650336.3555748,2025-01-23 17:38:56,OTHER,PAUSE,,,,,,,,,,,,,,,,,,,,,,,,,,,,,,,,,,,,,,,45.341593742370605,False
1737650336.3985772,2025-01-23 17:38:56,OTHER,PAUSE,,,,,,,,,,,,,,,,,,,,,,,,,,,,,,,,,,,,,,,45.38459610939026,False
1737650336.4445796,2025-01-23 17:38:56,OTHER,PAUSE,,,,,,,,,,,,,,,,,,,,,,,,,,,,,,,,,,,,,,,45.43059849739075,False
1737650336.501583,2025-01-23 17:38:56,OTHER,PAUSE,,,,,,,,,,,,,,,,,,,,,,,,,,,,,,,,,,,,,,,45.48760199546814,False
1737650336.5585864,2025-01-23 17:38:56,OTHER,PAUSE,,,,,,,,,,,,,,,,,,,,,,,,,,,,,,,,,,,,,,,45.54460525512695,False
1737650336.6165895,2025-01-23 17:38:56,OTHER,PAUSE,,,,,,,,,,,,,,,,,,,,,,,,,,,,,,,,,,,,,,,45.60260844230652,False
1737650336.663592,2025-01-23 17:38:56,OTHER,PAUSE,,,,,,,,,,,,,,,,,,,,,,,,,,,,,,,,,,,,,,,45.64961099624634,False
1737650336.7055945,2025-01-23 17:38:56,OTHER,PAUSE,,,,,,,,,,,,,,,,,,,,,,,,,,,,,,,,,,,,,,,45.69161343574524,False
1737650336.748597,2025-01-23 17:38:56,OTHER,PAUSE,,,,,,,,,,,,,,,,,,,,,,,,,,,,,,,,,,,,,,,45.73461580276489,False
1737650336.8106008,2025-01-23 17:38:56,OTHER,PAUSE,,,,,,,,,,,,,,,,,,,,,,,,,,,,,,,,,,,,,,,45.79661965370178,False
1737650336.865604,2025-01-23 17:38:56,OTHER,PAUSE,,,,,,,,,,,,,,,,,,,,,,,,,,,,,,,,,,,,,,,45.85162281990051,False
1737650336.9076064,2025-01-23 17:38:56,OTHER,PAUSE,,,,,,,,,,,,,,,,,,,,,,,,,,,,,,,,,,,,,,,45.893625259399414,False
1737650336.9696097,2025-01-23 17:38:56,OTHER,PAUSE,,,,,,,,,,,,,,,,,,,,,,,,,,,,,,,,,,,,,,,45.955628633499146,False
1737650337.023613,2025-01-23 17:38:57,OTHER,PAUSE,,,,,,,,,,,,,,,,,,,,,,,,,,,,,,,,,,,,,,,46.009631872177124,False
1737650337.0746157,2025-01-23 17:38:57,OTHER,PAUSE,,,,,,,,,,,,,,,,,,,,,,,,,,,,,,,,,,,,,,,46.06063461303711,False
1737650337.132619,2025-01-23 17:38:57,OTHER,PAUSE,,,,,,,,,,,,,,,,,,,,,,,,,,,,,,,,,,,,,,,46.118637800216675,False
1737650337.1936226,2025-01-23 17:38:57,OTHER,PAUSE,,,,,,,,,,,,,,,,,,,,,,,,,,,,,,,,,,,,,,,46.17964148521423,False
1737650337.2446253,2025-01-23 17:38:57,OTHER,PAUSE,,,,,,,,,,,,,,,,,,,,,,,,,,,,,,,,,,,,,,,46.23064422607422,False
1737650337.287628,2025-01-23 17:38:57,OTHER,PAUSE,,,,,,,,,,,,,,,,,,,,,,,,,,,,,,,,,,,,,,,46.27364683151245,False
1737650337.3346307,2025-01-23 17:38:57,OTHER,PAUSE,,,,,,,,,,,,,,,,,,,,,,,,,,,,,,,,,,,,,,,46.32064962387085,False
1737650337.373633,2025-01-23 17:38:57,OTHER,PAUSE,,,,,,,,,,,,,,,,,,,,,,,,,,,,,,,,,,,,,,,46.35965180397034,False
1737650337.4226358,2025-01-23 17:38:57,OTHER,PAUSE,,,,,,,,,,,,,,,,,,,,,,,,,,,,,,,,,,,,,,,46.40865468978882,False
1737650337.4726384,2025-01-23 17:38:57,OTHER,PAUSE,,,,,,,,,,,,,,,,,,,,,,,,,,,,,,,,,,,,,,,46.45865726470947,False
1737650337.5146408,2025-01-23 17:38:57,OTHER,PAUSE,,,,,,,,,,,,,,,,,,,,,,,,,,,,,,,,,,,,,,,46.500659704208374,False
1737650337.5556433,2025-01-23 17:38:57,OTHER,PAUSE,,,,,,,,,,,,,,,,,,,,,,,,,,,,,,,,,,,,,,,46.54166221618652,False
1737650337.6076462,2025-01-23 17:38:57,OTHER,PAUSE,,,,,,,,,,,,,,,,,,,,,,,,,,,,,,,,,,,,,,,46.59366512298584,False
1737650337.654649,2025-01-23 17:38:57,OTHER,PAUSE,,,,,,,,,,,,,,,,,,,,,,,,,,,,,,,,,,,,,,,46.64066791534424,False
1737650337.708652,2025-01-23 17:38:57,OTHER,PAUSE,,,,,,,,,,,,,,,,,,,,,,,,,,,,,,,,,,,,,,,46.69467091560364,False
1737650337.758655,2025-01-23 17:38:57,OTHER,PAUSE,,,,,,,,,,,,,,,,,,,,,,,,,,,,,,,,,,,,,,,46.74467396736145,False
1737650337.8026574,2025-01-23 17:38:57,OTHER,PAUSE,,,,,,,,,,,,,,,,,,,,,,,,,,,,,,,,,,,,,,,46.788676261901855,False
1737650337.85066,2025-01-23 17:38:57,OTHER,PAUSE,,,,,,,,,,,,,,,,,,,,,,,,,,,,,,,,,,,,,,,46.836678981781006,False
1737650337.8966627,2025-01-23 17:38:57,OTHER,PAUSE,,,,,,,,,,,,,,,,,,,,,,,,,,,,,,,,,,,,,,,46.88268160820007,False
1737650337.9436655,2025-01-23 17:38:57,OTHER,PAUSE,,,,,,,,,,,,,,,,,,,,,,,,,,,,,,,,,,,,,,,46.92968440055847,False
1737650337.9966683,2025-01-23 17:38:57,OTHER,PAUSE,,,,,,,,,,,,,,,,,,,,,,,,,,,,,,,,,,,,,,,46.98268723487854,False
1737650338.0406709,2025-01-23 17:38:58,OTHER,PAUSE,,,,,,,,,,,,,,,,,,,,,,,,,,,,,,,,,,,,,,,47.026689767837524,False
1737650338.0866737,2025-01-23 17:38:58,OTHER,PAUSE,,,,,,,,,,,,,,,,,,,,,,,,,,,,,,,,,,,,,,,47.07269263267517,False
1737650338.1386764,2025-01-23 17:38:58,OTHER,PAUSE,,,,,,,,,,,,,,,,,,,,,,,,,,,,,,,,,,,,,,,47.12469530105591,False
1737650338.1896796,2025-01-23 17:38:58,OTHER,PAUSE,,,,,,,,,,,,,,,,,,,,,,,,,,,,,,,,,,,,,,,47.17569851875305,False
1737650338.2366822,2025-01-23 17:38:58,OTHER,PAUSE,,,,,,,,,,,,,,,,,,,,,,,,,,,,,,,,,,,,,,,47.22270107269287,False
1737650338.2976859,2025-01-23 17:38:58,OTHER,PAUSE,,,,,,,,,,,,,,,,,,,,,,,,,,,,,,,,,,,,,,,47.28370475769043,False
1737650338.3476887,2025-01-23 17:38:58,OTHER,PAUSE,,,,,,,,,,,,,,,,,,,,,,,,,,,,,,,,,,,,,,,47.33370757102966,False
1737650338.4016917,2025-01-23 17:38:58,OTHER,PAUSE,,,,,,,,,,,,,,,,,,,,,,,,,,,,,,,,,,,,,,,47.38771057128906,False
1737650338.4486942,2025-01-23 17:38:58,OTHER,PAUSE,,,,,,,,,,,,,,,,,,,,,,,,,,,,,,,,,,,,,,,47.43471312522888,False
1737650338.4946969,2025-01-23 17:38:58,OTHER,PAUSE,,,,,,,,,,,,,,,,,,,,,,,,,,,,,,,,,,,,,,,47.48071575164795,False
1737650338.5426998,2025-01-23 17:38:58,OTHER,PAUSE,,,,,,,,,,,,,,,,,,,,,,,,,,,,,,,,,,,,,,,47.52871870994568,False
1737650338.5987031,2025-01-23 17:38:58,OTHER,PAUSE,,,,,,,,,,,,,,,,,,,,,,,,,,,,,,,,,,,,,,,47.58472204208374,False
1737650338.6397054,2025-01-23 17:38:58,OTHER,PAUSE,,,,,,,,,,,,,,,,,,,,,,,,,,,,,,,,,,,,,,,47.62572431564331,False
1737650338.6917083,2025-01-23 17:38:58,OTHER,PAUSE,,,,,,,,,,,,,,,,,,,,,,,,,,,,,,,,,,,,,,,47.67772722244263,False
1737650338.7487113,2025-01-23 17:38:58,OTHER,PAUSE,,,,,,,,,,,,,,,,,,,,,,,,,,,,,,,,,,,,,,,47.73473024368286,False
1737650338.8007145,2025-01-23 17:38:58,OTHER,PAUSE,,,,,,,,,,,,,,,,,,,,,,,,,,,,,,,,,,,,,,,47.78673338890076,False
1737650338.863718,2025-01-23 17:38:58,OTHER,PAUSE,,,,,,,,,,,,,,,,,,,,,,,,,,,,,,,,,,,,,,,47.84973692893982,False
1737650338.9217215,2025-01-23 17:38:58,OTHER,PAUSE,,,,,,,,,,,,,,,,,,,,,,,,,,,,,,,,,,,,,,,47.907740354537964,False
1737650338.964724,2025-01-23 17:38:58,OTHER,PAUSE,,,,,,,,,,,,,,,,,,,,,,,,,,,,,,,,,,,,,,,47.950742959976196,False
1737650339.0187268,2025-01-23 17:38:59,OTHER,PAUSE,,,,,,,,,,,,,,,,,,,,,,,,,,,,,,,,,,,,,,,48.00474572181702,False
1737650339.07273,2025-01-23 17:38:59,OTHER,PAUSE,,,,,,,,,,,,,,,,,,,,,,,,,,,,,,,,,,,,,,,48.058748960494995,False
1737650339.1167326,2025-01-23 17:38:59,OTHER,PAUSE,,,,,,,,,,,,,,,,,,,,,,,,,,,,,,,,,,,,,,,48.10275149345398,False
1737650339.1707356,2025-01-23 17:38:59,OTHER,PAUSE,,,,,,,,,,,,,,,,,,,,,,,,,,,,,,,,,,,,,,,48.15675449371338,False
1737650339.2177384,2025-01-23 17:38:59,OTHER,PAUSE,,,,,,,,,,,,,,,,,,,,,,,,,,,,,,,,,,,,,,,48.20375728607178,False
1737650339.265741,2025-01-23 17:38:59,OTHER,PAUSE,,,,,,,,,,,,,,,,,,,,,,,,,,,,,,,,,,,,,,,48.25176000595093,False
1737650339.3117437,2025-01-23 17:38:59,OTHER,PAUSE,,,,,,,,,,,,,,,,,,,,,,,,,,,,,,,,,,,,,,,48.297762632369995,False
1737650339.3567462,2025-01-23 17:38:59,OTHER,PAUSE,,,,,,,,,,,,,,,,,,,,,,,,,,,,,,,,,,,,,,,48.34276509284973,False
1737650339.4127495,2025-01-23 17:38:59,OTHER,PAUSE,,,,,,,,,,,,,,,,,,,,,,,,,,,,,,,,,,,,,,,48.39876842498779,False
1737650339.4687526,2025-01-23 17:38:59,OTHER,PAUSE,,,,,,,,,,,,,,,,,,,,,,,,,,,,,,,,,,,,,,,48.454771518707275,False
1737650339.5167553,2025-01-23 17:38:59,OTHER,PAUSE,,,,,,,,,,,,,,,,,,,,,,,,,,,,,,,,,,,,,,,48.502774238586426,False
1737650339.5657582,2025-01-23 17:38:59,OTHER,PAUSE,,,,,,,,,,,,,,,,,,,,,,,,,,,,,,,,,,,,,,,48.55177712440491,False
1737650339.613761,2025-01-23 17:38:59,OTHER,PAUSE,,,,,,,,,,,,,,,,,,,,,,,,,,,,,,,,,,,,,,,48.59977984428406,False
1737650339.6627638,2025-01-23 17:38:59,OTHER,PAUSE,,,,,,,,,,,,,,,,,,,,,,,,,,,,,,,,,,,,,,,48.64878273010254,False
1737650339.717767,2025-01-23 17:38:59,OTHER,PAUSE,,,,,,,,,,,,,,,,,,,,,,,,,,,,,,,,,,,,,,,48.70378589630127,False
1737650339.7657697,2025-01-23 17:38:59,OTHER,PAUSE,,,,,,,,,,,,,,,,,,,,,,,,,,,,,,,,,,,,,,,48.75178861618042,False
1737650339.803772,2025-01-23 17:38:59,OTHER,PAUSE,,,,,,,,,,,,,,,,,,,,,,,,,,,,,,,,,,,,,,,48.789790868759155,False
1737650339.842774,2025-01-23 17:38:59,OTHER,PAUSE,,,,,,,,,,,,,,,,,,,,,,,,,,,,,,,,,,,,,,,48.82879281044006,False
1737650339.8887768,2025-01-23 17:38:59,OTHER,PAUSE,,,,,,,,,,,,,,,,,,,,,,,,,,,,,,,,,,,,,,,48.87479567527771,False
1737650339.927779,2025-01-23 17:38:59,OTHER,PAUSE,,,,,,,,,,,,,,,,,,,,,,,,,,,,,,,,,,,,,,,48.9137978553772,False
1737650339.9687812,2025-01-23 17:38:59,OTHER,PAUSE,,,,,,,,,,,,,,,,,,,,,,,,,,,,,,,,,,,,,,,48.95480012893677,False
1737650340.0277846,2025-01-23 17:39:00,OTHER,PAUSE,,,,,,,,,,,,,,,,,,,,,,,,,,,,,,,,,,,,,,,49.013803482055664,False
1737650340.069787,2025-01-23 17:39:00,OTHER,PAUSE,,,,,,,,,,,,,,,,,,,,,,,,,,,,,,,,,,,,,,,49.055805921554565,False
1737650340.11979,2025-01-23 17:39:00,OTHER,PAUSE,,,,,,,,,,,,,,,,,,,,,,,,,,,,,,,,,,,,,,,49.10580897331238,False
1737650340.171793,2025-01-23 17:39:00,OTHER,PAUSE,,,,,,,,,,,,,,,,,,,,,,,,,,,,,,,,,,,,,,,49.157811880111694,False
1737650340.2177956,2025-01-23 17:39:00,OTHER,PAUSE,,,,,,,,,,,,,,,,,,,,,,,,,,,,,,,,,,,,,,,49.20381450653076,False
1737650340.2697985,2025-01-23 17:39:00,OTHER,PAUSE,,,,,,,,,,,,,,,,,,,,,,,,,,,,,,,,,,,,,,,49.25581741333008,False
1737650340.3198013,2025-01-23 17:39:00,OTHER,PAUSE,,,,,,,,,,,,,,,,,,,,,,,,,,,,,,,,,,,,,,,49.30582022666931,False
1737650340.365804,2025-01-23 17:39:00,OTHER,PAUSE,,,,,,,,,,,,,,,,,,,,,,,,,,,,,,,,,,,,,,,49.35182285308838,False
1737650340.413807,2025-01-23 17:39:00,OTHER,PAUSE,,,,,,,,,,,,,,,,,,,,,,,,,,,,,,,,,,,,,,,49.39982581138611,False
1737650340.4648097,2025-01-23 17:39:00,OTHER,PAUSE,,,,,,,,,,,,,,,,,,,,,,,,,,,,,,,,,,,,,,,49.450828552246094,False
1737650340.5228128,2025-01-23 17:39:00,OTHER,PAUSE,,,,,,,,,,,,,,,,,,,,,,,,,,,,,,,,,,,,,,,49.50883173942566,False
1737650340.5878167,2025-01-23 17:39:00,OTHER,PAUSE,,,,,,,,,,,,,,,,,,,,,,,,,,,,,,,,,,,,,,,49.573835611343384,False
1737650340.6408198,2025-01-23 17:39:00,OTHER,PAUSE,,,,,,,,,,,,,,,,,,,,,,,,,,,,,,,,,,,,,,,49.62683868408203,False
1737650340.694823,2025-01-23 17:39:00,OTHER,PAUSE,,,,,,,,,,,,,,,,,,,,,,,,,,,,,,,,,,,,,,,49.68084192276001,False
1737650340.7518263,2025-01-23 17:39:00,OTHER,PAUSE,,,,,,,,,,,,,,,,,,,,,,,,,,,,,,,,,,,,,,,49.73784518241882,False
1737650340.7978287,2025-01-23 17:39:00,OTHER,PAUSE,,,,,,,,,,,,,,,,,,,,,,,,,,,,,,,,,,,,,,,49.78384757041931,False
1737650340.8458314,2025-01-23 17:39:00,OTHER,PAUSE,,,,,,,,,,,,,,,,,,,,,,,,,,,,,,,,,,,,,,,49.83185029029846,False
1737650340.8928342,2025-01-23 17:39:00,OTHER,PAUSE,,,,,,,,,,,,,,,,,,,,,,,,,,,,,,,,,,,,,,,49.87885308265686,False
1737650340.942837,2025-01-23 17:39:00,OTHER,PAUSE,,,,,,,,,,,,,,,,,,,,,,,,,,,,,,,,,,,,,,,49.928855895996094,False
1737650340.9908397,2025-01-23 17:39:00,OTHER,PAUSE,,,,,,,,,,,,,,,,,,,,,,,,,,,,,,,,,,,,,,,49.976858615875244,False
1737650341.031842,2025-01-23 17:39:01,OTHER,PAUSE,,,,,,,,,,,,,,,,,,,,,,,,,,,,,,,,,,,,,,,50.017860889434814,False
1737650341.0758445,2025-01-23 17:39:01,OTHER,PAUSE,,,,,,,,,,,,,,,,,,,,,,,,,,,,,,,,,,,,,,,50.0618634223938,False
1737650341.1318476,2025-01-23 17:39:01,OTHER,PAUSE,,,,,,,,,,,,,,,,,,,,,,,,,,,,,,,,,,,,,,,50.11786651611328,False
1737650341.187851,2025-01-23 17:39:01,OTHER,PAUSE,,,,,,,,,,,,,,,,,,,,,,,,,,,,,,,,,,,,,,,50.17386984825134,False
1737650341.238854,2025-01-23 17:39:01,OTHER,PAUSE,,,,,,,,,,,,,,,,,,,,,,,,,,,,,,,,,,,,,,,50.22487282752991,False
1737650341.290857,2025-01-23 17:39:01,OTHER,PAUSE,,,,,,,,,,,,,,,,,,,,,,,,,,,,,,,,,,,,,,,50.2768759727478,False
1737650341.3378596,2025-01-23 17:39:01,OTHER,PAUSE,,,,,,,,,,,,,,,,,,,,,,,,,,,,,,,,,,,,,,,50.32387852668762,False
1737650341.3878624,2025-01-23 17:39:01,OTHER,PAUSE,,,,,,,,,,,,,,,,,,,,,,,,,,,,,,,,,,,,,,,50.373881340026855,False
1737650341.4428656,2025-01-23 17:39:01,OTHER,PAUSE,,,,,,,,,,,,,,,,,,,,,,,,,,,,,,,,,,,,,,,50.428884506225586,False
1737650341.4908686,2025-01-23 17:39:01,OTHER,PAUSE,,,,,,,,,,,,,,,,,,,,,,,,,,,,,,,,,,,,,,,50.476887464523315,False
1737650341.5378711,2025-01-23 17:39:01,OTHER,PAUSE,,,,,,,,,,,,,,,,,,,,,,,,,,,,,,,,,,,,,,,50.523890018463135,False
1737650341.5878737,2025-01-23 17:39:01,OTHER,PAUSE,,,,,,,,,,,,,,,,,,,,,,,,,,,,,,,,,,,,,,,50.57389259338379,False
1737650341.6328766,2025-01-23 17:39:01,OTHER,PAUSE,,,,,,,,,,,,,,,,,,,,,,,,,,,,,,,,,,,,,,,50.618895530700684,False
1737650341.6888797,2025-01-23 17:39:01,OTHER,PAUSE,,,,,,,,,,,,,,,,,,,,,,,,,,,,,,,,,,,,,,,50.674898624420166,False
1737650341.7588835,2025-01-23 17:39:01,OTHER,PAUSE,,,,,,,,,,,,,,,,,,,,,,,,,,,,,,,,,,,,,,,50.74490237236023,False
1737650341.8098867,2025-01-23 17:39:01,OTHER,PAUSE,,,,,,,,,,,,,,,,,,,,,,,,,,,,,,,,,,,,,,,50.79590559005737,False
1737650341.8558893,2025-01-23 17:39:01,OTHER,PAUSE,,,,,,,,,,,,,,,,,,,,,,,,,,,,,,,,,,,,,,,50.84190821647644,False
1737650341.900892,2025-01-23 17:39:01,OTHER,PAUSE,,,,,,,,,,,,,,,,,,,,,,,,,,,,,,,,,,,,,,,50.886910915374756,False
1737650341.9468946,2025-01-23 17:39:01,OTHER,PAUSE,,,,,,,,,,,,,,,,,,,,,,,,,,,,,,,,,,,,,,,50.93291354179382,False
1737650341.9978974,2025-01-23 17:39:01,OTHER,PAUSE,,,,,,,,,,,,,,,,,,,,,,,,,,,,,,,,,,,,,,,50.98391628265381,False
1737650342.0439,2025-01-23 17:39:02,OTHER,PAUSE,,,,,,,,,,,,,,,,,,,,,,,,,,,,,,,,,,,,,,,51.029918909072876,False
1737650342.0949028,2025-01-23 17:39:02,OTHER,PAUSE,,,,,,,,,,,,,,,,,,,,,,,,,,,,,,,,,,,,,,,51.08092164993286,False
1737650342.147906,2025-01-23 17:39:02,OTHER,PAUSE,,,,,,,,,,,,,,,,,,,,,,,,,,,,,,,,,,,,,,,51.13392496109009,False
1737650342.1939085,2025-01-23 17:39:02,OTHER,PAUSE,,,,,,,,,,,,,,,,,,,,,,,,,,,,,,,,,,,,,,,51.179927349090576,False
1737650342.2489116,2025-01-23 17:39:02,OTHER,PAUSE,,,,,,,,,,,,,,,,,,,,,,,,,,,,,,,,,,,,,,,51.23493051528931,False
1737650342.3139155,2025-01-23 17:39:02,OTHER,PAUSE,,,,,,,,,,,,,,,,,,,,,,,,,,,,,,,,,,,,,,,51.29993438720703,False
1737650342.3709188,2025-01-23 17:39:02,OTHER,PAUSE,,,,,,,,,,,,,,,,,,,,,,,,,,,,,,,,,,,,,,,51.356937646865845,False
1737650342.4209216,2025-01-23 17:39:02,OTHER,PAUSE,,,,,,,,,,,,,,,,,,,,,,,,,,,,,,,,,,,,,,,51.40694046020508,False
1737650342.4689245,2025-01-23 17:39:02,OTHER,PAUSE,,,,,,,,,,,,,,,,,,,,,,,,,,,,,,,,,,,,,,,51.45494341850281,False
1737650342.5179272,2025-01-23 17:39:02,OTHER,PAUSE,,,,,,,,,,,,,,,,,,,,,,,,,,,,,,,,,,,,,,,51.50394606590271,False
1737650342.56593,2025-01-23 17:39:02,OTHER,PAUSE,,,,,,,,,,,,,,,,,,,,,,,,,,,,,,,,,,,,,,,51.55194878578186,False
1737650342.6089323,2025-01-23 17:39:02,OTHER,PAUSE,,,,,,,,,,,,,,,,,,,,,,,,,,,,,,,,,,,,,,,51.594951152801514,False
1737650342.655935,2025-01-23 17:39:02,OTHER,PAUSE,,,,,,,,,,,,,,,,,,,,,,,,,,,,,,,,,,,,,,,51.64195394515991,False
1737650342.7069378,2025-01-23 17:39:02,OTHER,PAUSE,,,,,,,,,,,,,,,,,,,,,,,,,,,,,,,,,,,,,,,51.6929566860199,False
1737650342.7499404,2025-01-23 17:39:02,OTHER,PAUSE,,,,,,,,,,,,,,,,,,,,,,,,,,,,,,,,,,,,,,,51.73595929145813,False
1737650342.7999432,2025-01-23 17:39:02,OTHER,PAUSE,,,,,,,,,,,,,,,,,,,,,,,,,,,,,,,,,,,,,,,51.78596210479736,False
1737650342.863947,2025-01-23 17:39:02,OTHER,PAUSE,,,,,,,,,,,,,,,,,,,,,,,,,,,,,,,,,,,,,,,51.84996581077576,False
1737650342.9119499,2025-01-23 17:39:02,OTHER,PAUSE,,,,,,,,,,,,,,,,,,,,,,,,,,,,,,,,,,,,,,,51.897968769073486,False
1737650342.9649525,2025-01-23 17:39:02,OTHER,PAUSE,,,,,,,,,,,,,,,,,,,,,,,,,,,,,,,,,,,,,,,51.950971364974976,False
1737650343.0119555,2025-01-23 17:39:03,OTHER,PAUSE,,,,,,,,,,,,,,,,,,,,,,,,,,,,,,,,,,,,,,,51.99797439575195,False
1737650343.0669587,2025-01-23 17:39:03,OTHER,PAUSE,,,,,,,,,,,,,,,,,,,,,,,,,,,,,,,,,,,,,,,52.052977561950684,False
1737650343.1129613,2025-01-23 17:39:03,OTHER,PAUSE,,,,,,,,,,,,,,,,,,,,,,,,,,,,,,,,,,,,,,,52.09898018836975,False
1737650343.1609638,2025-01-23 17:39:03,OTHER,PAUSE,,,,,,,,,,,,,,,,,,,,,,,,,,,,,,,,,,,,,,,52.14698266983032,False
1737650343.216967,2025-01-23 17:39:03,OTHER,PAUSE,,,,,,,,,,,,,,,,,,,,,,,,,,,,,,,,,,,,,,,52.202986001968384,False
1737650343.27097,2025-01-23 17:39:03,OTHER,PAUSE,,,,,,,,,,,,,,,,,,,,,,,,,,,,,,,,,,,,,,,52.25698900222778,False
1737650343.3229733,2025-01-23 17:39:03,OTHER,PAUSE,,,,,,,,,,,,,,,,,,,,,,,,,,,,,,,,,,,,,,,52.30899214744568,False
1737650343.373976,2025-01-23 17:39:03,OTHER,PAUSE,,,,,,,,,,,,,,,,,,,,,,,,,,,,,,,,,,,,,,,52.359994888305664,False
1737650343.4319794,2025-01-23 17:39:03,OTHER,PAUSE,,,,,,,,,,,,,,,,,,,,,,,,,,,,,,,,,,,,,,,52.41799831390381,False
1737650343.490983,2025-01-23 17:39:03,OTHER,PAUSE,,,,,,,,,,,,,,,,,,,,,,,,,,,,,,,,,,,,,,,52.477001905441284,False
1737650343.5379856,2025-01-23 17:39:03,OTHER,PAUSE,,,,,,,,,,,,,,,,,,,,,,,,,,,,,,,,,,,,,,,52.5240044593811,False
1737650343.585988,2025-01-23 17:39:03,OTHER,PAUSE,,,,,,,,,,,,,,,,,,,,,,,,,,,,,,,,,,,,,,,52.572006940841675,False
1737650343.636991,2025-01-23 17:39:03,OTHER,PAUSE,,,,,,,,,,,,,,,,,,,,,,,,,,,,,,,,,,,,,,,52.62300992012024,False
1737650343.6839938,2025-01-23 17:39:03,OTHER,PAUSE,,,,,,,,,,,,,,,,,,,,,,,,,,,,,,,,,,,,,,,52.67001271247864,False
1737650343.739997,2025-01-23 17:39:03,OTHER,PAUSE,,,,,,,,,,,,,,,,,,,,,,,,,,,,,,,,,,,,,,,52.72601580619812,False
1737650343.7869997,2025-01-23 17:39:03,OTHER,PAUSE,,,,,,,,,,,,,,,,,,,,,,,,,,,,,,,,,,,,,,,52.77301859855652,False
1737650343.8330023,2025-01-23 17:39:03,OTHER,PAUSE,,,,,,,,,,,,,,,,,,,,,,,,,,,,,,,,,,,,,,,52.819021224975586,False
1737650343.881005,2025-01-23 17:39:03,OTHER,PAUSE,,,,,,,,,,,,,,,,,,,,,,,,,,,,,,,,,,,,,,,52.867023944854736,False
1737650343.9260077,2025-01-23 17:39:03,OTHER,PAUSE,,,,,,,,,,,,,,,,,,,,,,,,,,,,,,,,,,,,,,,52.91202664375305,False
1737650343.97001,2025-01-23 17:39:03,OTHER,PAUSE,,,,,,,,,,,,,,,,,,,,,,,,,,,,,,,,,,,,,,,52.95602893829346,False
1737650344.0450146,2025-01-23 17:39:04,OTHER,PAUSE,,,,,,,,,,,,,,,,,,,,,,,,,,,,,,,,,,,,,,,53.031033515930176,False
1737650344.0920172,2025-01-23 17:39:04,OTHER,PAUSE,,,,,,,,,,,,,,,,,,,,,,,,,,,,,,,,,,,,,,,53.078036069869995,False
1737650344.1460202,2025-01-23 17:39:04,OTHER,PAUSE,,,,,,,,,,,,,,,,,,,,,,,,,,,,,,,,,,,,,,,53.132039070129395,False
1737650344.1910229,2025-01-23 17:39:04,OTHER,PAUSE,,,,,,,,,,,,,,,,,,,,,,,,,,,,,,,,,,,,,,,53.17704176902771,False
1737650344.243026,2025-01-23 17:39:04,OTHER,PAUSE,,,,,,,,,,,,,,,,,,,,,,,,,,,,,,,,,,,,,,,53.229044914245605,False
1737650344.2950287,2025-01-23 17:39:04,OTHER,PAUSE,,,,,,,,,,,,,,,,,,,,,,,,,,,,,,,,,,,,,,,53.28104758262634,False
1737650344.3440316,2025-01-23 17:39:04,OTHER,PAUSE,,,,,,,,,,,,,,,,,,,,,,,,,,,,,,,,,,,,,,,53.330050468444824,False
1737650344.3900342,2025-01-23 17:39:04,OTHER,PAUSE,,,,,,,,,,,,,,,,,,,,,,,,,,,,,,,,,,,,,,,53.37605309486389,False
1737650344.440037,2025-01-23 17:39:04,OTHER,PAUSE,,,,,,,,,,,,,,,,,,,,,,,,,,,,,,,,,,,,,,,53.426055908203125,False
1737650344.4830394,2025-01-23 17:39:04,OTHER,PAUSE,,,,,,,,,,,,,,,,,,,,,,,,,,,,,,,,,,,,,,,53.46905827522278,False
1737650344.5350425,2025-01-23 17:39:04,OTHER,PAUSE,,,,,,,,,,,,,,,,,,,,,,,,,,,,,,,,,,,,,,,53.521061420440674,False
1737650344.6020463,2025-01-23 17:39:04,OTHER,PAUSE,,,,,,,,,,,,,,,,,,,,,,,,,,,,,,,,,,,,,,,53.5880651473999,False
1737650344.647049,2025-01-23 17:39:04,OTHER,PAUSE,,,,,,,,,,,,,,,,,,,,,,,,,,,,,,,,,,,,,,,53.63306784629822,False
1737650344.6940515,2025-01-23 17:39:04,OTHER,PAUSE,,,,,,,,,,,,,,,,,,,,,,,,,,,,,,,,,,,,,,,53.68007040023804,False
1737650344.7520547,2025-01-23 17:39:04,OTHER,PAUSE,,,,,,,,,,,,,,,,,,,,,,,,,,,,,,,,,,,,,,,53.7380735874176,False
1737650344.806058,2025-01-23 17:39:04,OTHER,PAUSE,,,,,,,,,,,,,,,,,,,,,,,,,,,,,,,,,,,,,,,53.79207682609558,False
1737650344.854061,2025-01-23 17:39:04,OTHER,PAUSE,,,,,,,,,,,,,,,,,,,,,,,,,,,,,,,,,,,,,,,53.84007978439331,False
1737650344.9060636,2025-01-23 17:39:04,OTHER,PAUSE,,,,,,,,,,,,,,,,,,,,,,,,,,,,,,,,,,,,,,,53.89208245277405,False
1737650344.9590666,2025-01-23 17:39:04,OTHER,PAUSE,,,,,,,,,,,,,,,,,,,,,,,,,,,,,,,,,,,,,,,53.945085525512695,False
1737650345.0110698,2025-01-23 17:39:05,OTHER,PAUSE,,,,,,,,,,,,,,,,,,,,,,,,,,,,,,,,,,,,,,,53.99708867073059,False
1737650345.0610726,2025-01-23 17:39:05,OTHER,PAUSE,,,,,,,,,,,,,,,,,,,,,,,,,,,,,,,,,,,,,,,54.047091484069824,False
1737650345.1090753,2025-01-23 17:39:05,OTHER,PAUSE,,,,,,,,,,,,,,,,,,,,,,,,,,,,,,,,,,,,,,,54.095094203948975,False
1737650345.173079,2025-01-23 17:39:05,OTHER,PAUSE,,,,,,,,,,,,,,,,,,,,,,,,,,,,,,,,,,,,,,,54.15909790992737,False
1737650345.2310822,2025-01-23 17:39:05,OTHER,PAUSE,,,,,,,,,,,,,,,,,,,,,,,,,,,,,,,,,,,,,,,54.217101097106934,False
1737650345.276085,2025-01-23 17:39:05,OTHER,PAUSE,,,,,,,,,,,,,,,,,,,,,,,,,,,,,,,,,,,,,,,54.26210379600525,False
1737650345.3240876,2025-01-23 17:39:05,OTHER,PAUSE,,,,,,,,,,,,,,,,,,,,,,,,,,,,,,,,,,,,,,,54.3101065158844,False
1737650345.3870912,2025-01-23 17:39:05,OTHER,PAUSE,,,,,,,,,,,,,,,,,,,,,,,,,,,,,,,,,,,,,,,54.37311005592346,False
1737650345.4540951,2025-01-23 17:39:05,OTHER,PAUSE,,,,,,,,,,,,,,,,,,,,,,,,,,,,,,,,,,,,,,,54.44011402130127,False
1737650345.5100982,2025-01-23 17:39:05,OTHER,PAUSE,,,,,,,,,,,,,,,,,,,,,,,,,,,,,,,,,,,,,,,54.49611711502075,False
1737650345.5611012,2025-01-23 17:39:05,OTHER,PAUSE,,,,,,,,,,,,,,,,,,,,,,,,,,,,,,,,,,,,,,,54.547120094299316,False
1737650345.606104,2025-01-23 17:39:05,OTHER,PAUSE,,,,,,,,,,,,,,,,,,,,,,,,,,,,,,,,,,,,,,,54.59212279319763,False
1737650345.6581066,2025-01-23 17:39:05,OTHER,PAUSE,,,,,,,,,,,,,,,,,,,,,,,,,,,,,,,,,,,,,,,54.64412546157837,False
1737650345.7201104,2025-01-23 17:39:05,OTHER,PAUSE,,,,,,,,,,,,,,,,,,,,,,,,,,,,,,,,,,,,,,,54.70612931251526,False
1737650345.7741132,2025-01-23 17:39:05,OTHER,PAUSE,,,,,,,,,,,,,,,,,,,,,,,,,,,,,,,,,,,,,,,54.76013207435608,False
1737650345.8221161,2025-01-23 17:39:05,OTHER,PAUSE,,,,,,,,,,,,,,,,,,,,,,,,,,,,,,,,,,,,,,,54.80813503265381,False
1737650345.8731189,2025-01-23 17:39:05,OTHER,PAUSE,,,,,,,,,,,,,,,,,,,,,,,,,,,,,,,,,,,,,,,54.859137773513794,False
1737650345.928122,2025-01-23 17:39:05,OTHER,PAUSE,,,,,,,,,,,,,,,,,,,,,,,,,,,,,,,,,,,,,,,54.914140939712524,False
1737650345.976125,2025-01-23 17:39:05,OTHER,PAUSE,,,,,,,,,,,,,,,,,,,,,,,,,,,,,,,,,,,,,,,54.962143898010254,False
1737650346.0291278,2025-01-23 17:39:06,OTHER,PAUSE,,,,,,,,,,,,,,,,,,,,,,,,,,,,,,,,,,,,,,,55.01514673233032,False
1737650346.082131,2025-01-23 17:39:06,OTHER,PAUSE,,,,,,,,,,,,,,,,,,,,,,,,,,,,,,,,,,,,,,,55.06814980506897,False
1737650346.134134,2025-01-23 17:39:06,OTHER,PAUSE,,,,,,,,,,,,,,,,,,,,,,,,,,,,,,,,,,,,,,,55.120152950286865,False
1737650346.1821365,2025-01-23 17:39:06,OTHER,PAUSE,,,,,,,,,,,,,,,,,,,,,,,,,,,,,,,,,,,,,,,55.16815543174744,False
1737650346.2301395,2025-01-23 17:39:06,OTHER,PAUSE,,,,,,,,,,,,,,,,,,,,,,,,,,,,,,,,,,,,,,,55.216158390045166,False
1737650346.2831423,2025-01-23 17:39:06,OTHER,PAUSE,,,,,,,,,,,,,,,,,,,,,,,,,,,,,,,,,,,,,,,55.269161224365234,False
1737650346.3411458,2025-01-23 17:39:06,OTHER,PAUSE,,,,,,,,,,,,,,,,,,,,,,,,,,,,,,,,,,,,,,,55.32716464996338,False
1737650346.396149,2025-01-23 17:39:06,OTHER,PAUSE,,,,,,,,,,,,,,,,,,,,,,,,,,,,,,,,,,,,,,,55.38216781616211,False
1737650346.4441519,2025-01-23 17:39:06,OTHER,PAUSE,,,,,,,,,,,,,,,,,,,,,,,,,,,,,,,,,,,,,,,55.43017077445984,False
1737650346.4931545,2025-01-23 17:39:06,OTHER,PAUSE,,,,,,,,,,,,,,,,,,,,,,,,,,,,,,,,,,,,,,,55.47917342185974,False
1737650346.5421574,2025-01-23 17:39:06,OTHER,PAUSE,,,,,,,,,,,,,,,,,,,,,,,,,,,,,,,,,,,,,,,55.52817630767822,False
1737650346.59116,2025-01-23 17:39:06,OTHER,PAUSE,,,,,,,,,,,,,,,,,,,,,,,,,,,,,,,,,,,,,,,55.577178955078125,False
1737650346.6391628,2025-01-23 17:39:06,OTHER,PAUSE,,,,,,,,,,,,,,,,,,,,,,,,,,,,,,,,,,,,,,,55.625181674957275,False
1737650346.6901658,2025-01-23 17:39:06,OTHER,PAUSE,,,,,,,,,,,,,,,,,,,,,,,,,,,,,,,,,,,,,,,55.67618465423584,False
1737650346.747169,2025-01-23 17:39:06,OTHER,PAUSE,,,,,,,,,,,,,,,,,,,,,,,,,,,,,,,,,,,,,,,55.73318791389465,False
1737650346.798172,2025-01-23 17:39:06,OTHER,PAUSE,,,,,,,,,,,,,,,,,,,,,,,,,,,,,,,,,,,,,,,55.78419089317322,False
1737650346.8561754,2025-01-23 17:39:06,OTHER,PAUSE,,,,,,,,,,,,,,,,,,,,,,,,,,,,,,,,,,,,,,,55.84219431877136,False
1737650346.9141786,2025-01-23 17:39:06,OTHER,PAUSE,,,,,,,,,,,,,,,,,,,,,,,,,,,,,,,,,,,,,,,55.90019750595093,False
1737650346.974182,2025-01-23 17:39:06,OTHER,PAUSE,,,,,,,,,,,,,,,,,,,,,,,,,,,,,,,,,,,,,,,55.960200786590576,False
1737650347.0201845,2025-01-23 17:39:07,OTHER,PAUSE,,,,,,,,,,,,,,,,,,,,,,,,,,,,,,,,,,,,,,,56.006203413009644,False
1737650347.0751877,2025-01-23 17:39:07,OTHER,PAUSE,,,,,,,,,,,,,,,,,,,,,,,,,,,,,,,,,,,,,,,56.061206579208374,False
1737650347.134191,2025-01-23 17:39:07,OTHER,PAUSE,,,,,,,,,,,,,,,,,,,,,,,,,,,,,,,,,,,,,,,56.12020993232727,False
1737650347.1811938,2025-01-23 17:39:07,OTHER,PAUSE,,,,,,,,,,,,,,,,,,,,,,,,,,,,,,,,,,,,,,,56.16721272468567,False
1737650347.2351968,2025-01-23 17:39:07,OTHER,PAUSE,,,,,,,,,,,,,,,,,,,,,,,,,,,,,,,,,,,,,,,56.22121572494507,False
1737650347.2831998,2025-01-23 17:39:07,OTHER,PAUSE,,,,,,,,,,,,,,,,,,,,,,,,,,,,,,,,,,,,,,,56.2692186832428,False
1737650347.3362029,2025-01-23 17:39:07,OTHER,PAUSE,,,,,,,,,,,,,,,,,,,,,,,,,,,,,,,,,,,,,,,56.322221755981445,False
1737650347.3862057,2025-01-23 17:39:07,OTHER,PAUSE,,,,,,,,,,,,,,,,,,,,,,,,,,,,,,,,,,,,,,,56.37222456932068,False
1737650347.4562097,2025-01-23 17:39:07,OTHER,PAUSE,,,,,,,,,,,,,,,,,,,,,,,,,,,,,,,,,,,,,,,56.44222855567932,False
1737650347.5052123,2025-01-23 17:39:07,OTHER,PAUSE,,,,,,,,,,,,,,,,,,,,,,,,,,,,,,,,,,,,,,,56.491231203079224,False
1737650347.552215,2025-01-23 17:39:07,OTHER,PAUSE,,,,,,,,,,,,,,,,,,,,,,,,,,,,,,,,,,,,,,,56.53823399543762,False
1737650347.602218,2025-01-23 17:39:07,OTHER,PAUSE,,,,,,,,,,,,,,,,,,,,,,,,,,,,,,,,,,,,,,,56.588236808776855,False
1737650347.657221,2025-01-23 17:39:07,OTHER,PAUSE,,,,,,,,,,,,,,,,,,,,,,,,,,,,,,,,,,,,,,,56.643239974975586,False
1737650347.7102242,2025-01-23 17:39:07,OTHER,PAUSE,,,,,,,,,,,,,,,,,,,,,,,,,,,,,,,,,,,,,,,56.69624304771423,False
1737650347.7742276,2025-01-23 17:39:07,OTHER,PAUSE,,,,,,,,,,,,,,,,,,,,,,,,,,,,,,,,,,,,,,,56.76024651527405,False
1737650347.8212304,2025-01-23 17:39:07,OTHER,PAUSE,,,,,,,,,,,,,,,,,,,,,,,,,,,,,,,,,,,,,,,56.807249307632446,False
1737650347.8722334,2025-01-23 17:39:07,OTHER,PAUSE,,,,,,,,,,,,,,,,,,,,,,,,,,,,,,,,,,,,,,,56.85825228691101,False
1737650347.9232364,2025-01-23 17:39:07,OTHER,PAUSE,,,,,,,,,,,,,,,,,,,,,,,,,,,,,,,,,,,,,,,56.909255266189575,False
1737650347.9882398,2025-01-23 17:39:07,OTHER,PAUSE,,,,,,,,,,,,,,,,,,,,,,,,,,,,,,,,,,,,,,,56.97425866127014,False
1737650348.0482435,2025-01-23 17:39:08,OTHER,PAUSE,,,,,,,,,,,,,,,,,,,,,,,,,,,,,,,,,,,,,,,57.03426241874695,False
1737650348.1042466,2025-01-23 17:39:08,OTHER,PAUSE,,,,,,,,,,,,,,,,,,,,,,,,,,,,,,,,,,,,,,,57.09026551246643,False
1737650348.1552496,2025-01-23 17:39:08,OTHER,PAUSE,,,,,,,,,,,,,,,,,,,,,,,,,,,,,,,,,,,,,,,57.141268491744995,False
1737650348.2032523,2025-01-23 17:39:08,OTHER,PAUSE,,,,,,,,,,,,,,,,,,,,,,,,,,,,,,,,,,,,,,,57.189271211624146,False
1737650348.2572553,2025-01-23 17:39:08,OTHER,PAUSE,,,,,,,,,,,,,,,,,,,,,,,,,,,,,,,,,,,,,,,57.243274211883545,False
1737650348.3112586,2025-01-23 17:39:08,OTHER,PAUSE,,,,,,,,,,,,,,,,,,,,,,,,,,,,,,,,,,,,,,,57.29727745056152,False
1737650348.3612614,2025-01-23 17:39:08,OTHER,PAUSE,,,,,,,,,,,,,,,,,,,,,,,,,,,,,,,,,,,,,,,57.34728026390076,False
1737650348.4062638,2025-01-23 17:39:08,OTHER,PAUSE,,,,,,,,,,,,,,,,,,,,,,,,,,,,,,,,,,,,,,,57.39228272438049,False
1737650348.459267,2025-01-23 17:39:08,OTHER,PAUSE,,,,,,,,,,,,,,,,,,,,,,,,,,,,,,,,,,,,,,,57.44528579711914,False
1737650348.5142703,2025-01-23 17:39:08,OTHER,PAUSE,,,,,,,,,,,,,,,,,,,,,,,,,,,,,,,,,,,,,,,57.50028920173645,False
1737650348.5612729,2025-01-23 17:39:08,OTHER,PAUSE,,,,,,,,,,,,,,,,,,,,,,,,,,,,,,,,,,,,,,,57.54729175567627,False
1737650348.6242764,2025-01-23 17:39:08,OTHER,PAUSE,,,,,,,,,,,,,,,,,,,,,,,,,,,,,,,,,,,,,,,57.61029529571533,False
1737650348.6752794,2025-01-23 17:39:08,OTHER,PAUSE,,,,,,,,,,,,,,,,,,,,,,,,,,,,,,,,,,,,,,,57.6612982749939,False
1737650348.7292824,2025-01-23 17:39:08,OTHER,PAUSE,,,,,,,,,,,,,,,,,,,,,,,,,,,,,,,,,,,,,,,57.715301275253296,False
1737650348.789286,2025-01-23 17:39:08,OTHER,PAUSE,,,,,,,,,,,,,,,,,,,,,,,,,,,,,,,,,,,,,,,57.77530479431152,False
1737650348.843289,2025-01-23 17:39:08,OTHER,PAUSE,,,,,,,,,,,,,,,,,,,,,,,,,,,,,,,,,,,,,,,57.82930779457092,False
1737650348.8952918,2025-01-23 17:39:08,OTHER,PAUSE,,,,,,,,,,,,,,,,,,,,,,,,,,,,,,,,,,,,,,,57.88131070137024,False
1737650348.951295,2025-01-23 17:39:08,OTHER,PAUSE,,,,,,,,,,,,,,,,,,,,,,,,,,,,,,,,,,,,,,,57.93731379508972,False
1737650349.0072982,2025-01-23 17:39:09,OTHER,PAUSE,,,,,,,,,,,,,,,,,,,,,,,,,,,,,,,,,,,,,,,57.99331712722778,False
1737650349.0633013,2025-01-23 17:39:09,OTHER,PAUSE,,,,,,,,,,,,,,,,,,,,,,,,,,,,,,,,,,,,,,,58.049320220947266,False
1737650349.1193047,2025-01-23 17:39:09,OTHER,PAUSE,,,,,,,,,,,,,,,,,,,,,,,,,,,,,,,,,,,,,,,58.10532355308533,False
1737650349.173308,2025-01-23 17:39:09,OTHER,PAUSE,,,,,,,,,,,,,,,,,,,,,,,,,,,,,,,,,,,,,,,58.159326791763306,False
1737650349.2343113,2025-01-23 17:39:09,OTHER,PAUSE,,,,,,,,,,,,,,,,,,,,,,,,,,,,,,,,,,,,,,,58.220330238342285,False
1737650349.2833142,2025-01-23 17:39:09,OTHER,PAUSE,,,,,,,,,,,,,,,,,,,,,,,,,,,,,,,,,,,,,,,58.26933312416077,False
1737650349.3363173,2025-01-23 17:39:09,OTHER,PAUSE,,,,,,,,,,,,,,,,,,,,,,,,,,,,,,,,,,,,,,,58.322336196899414,False
1737650349.3953207,2025-01-23 17:39:09,OTHER,PAUSE,,,,,,,,,,,,,,,,,,,,,,,,,,,,,,,,,,,,,,,58.38133955001831,False
1737650349.4463234,2025-01-23 17:39:09,OTHER,PAUSE,,,,,,,,,,,,,,,,,,,,,,,,,,,,,,,,,,,,,,,58.432342290878296,False
1737650349.507327,2025-01-23 17:39:09,OTHER,PAUSE,,,,,,,,,,,,,,,,,,,,,,,,,,,,,,,,,,,,,,,58.493345975875854,False
1737650349.5523295,2025-01-23 17:39:09,OTHER,PAUSE,,,,,,,,,,,,,,,,,,,,,,,,,,,,,,,,,,,,,,,58.53834843635559,False
1737650349.6123328,2025-01-23 17:39:09,OTHER,PAUSE,,,,,,,,,,,,,,,,,,,,,,,,,,,,,,,,,,,,,,,58.59835171699524,False
1737650349.6713362,2025-01-23 17:39:09,OTHER,PAUSE,,,,,,,,,,,,,,,,,,,,,,,,,,,,,,,,,,,,,,,58.657355070114136,False
1737650349.7323396,2025-01-23 17:39:09,OTHER,PAUSE,,,,,,,,,,,,,,,,,,,,,,,,,,,,,,,,,,,,,,,58.718358516693115,False
1737650349.7953434,2025-01-23 17:39:09,OTHER,PAUSE,,,,,,,,,,,,,,,,,,,,,,,,,,,,,,,,,,,,,,,58.78136229515076,False
1737650349.8523467,2025-01-23 17:39:09,OTHER,PAUSE,,,,,,,,,,,,,,,,,,,,,,,,,,,,,,,,,,,,,,,58.83836555480957,False
1737650349.8993492,2025-01-23 17:39:09,OTHER,PAUSE,,,,,,,,,,,,,,,,,,,,,,,,,,,,,,,,,,,,,,,58.88536810874939,False
1737650349.9493523,2025-01-23 17:39:09,OTHER,PAUSE,,,,,,,,,,,,,,,,,,,,,,,,,,,,,,,,,,,,,,,58.9353711605072,False
1737650350.001355,2025-01-23 17:39:10,OTHER,PAUSE,,,,,,,,,,,,,,,,,,,,,,,,,,,,,,,,,,,,,,,58.98737382888794,False
1737650350.0523582,2025-01-23 17:39:10,OTHER,PAUSE,,,,,,,,,,,,,,,,,,,,,,,,,,,,,,,,,,,,,,,59.03837704658508,False
1737650350.1003606,2025-01-23 17:39:10,OTHER,PAUSE,,,,,,,,,,,,,,,,,,,,,,,,,,,,,,,,,,,,,,,59.086379528045654,False
1737650350.1503637,2025-01-23 17:39:10,OTHER,PAUSE,,,,,,,,,,,,,,,,,,,,,,,,,,,,,,,,,,,,,,,59.13638257980347,False
1737650350.1983664,2025-01-23 17:39:10,OTHER,PAUSE,,,,,,,,,,,,,,,,,,,,,,,,,,,,,,,,,,,,,,,59.18438529968262,False
1737650350.2453692,2025-01-23 17:39:10,OTHER,PAUSE,,,,,,,,,,,,,,,,,,,,,,,,,,,,,,,,,,,,,,,59.231388092041016,False
1737650350.3043725,2025-01-23 17:39:10,OTHER,PAUSE,,,,,,,,,,,,,,,,,,,,,,,,,,,,,,,,,,,,,,,59.29039144515991,False
1737650350.368376,2025-01-23 17:39:10,OTHER,PAUSE,,,,,,,,,,,,,,,,,,,,,,,,,,,,,,,,,,,,,,,59.35439491271973,False
1737650350.43338,2025-01-23 17:39:10,OTHER,PAUSE,,,,,,,,,,,,,,,,,,,,,,,,,,,,,,,,,,,,,,,59.41939878463745,False
1737650350.488383,2025-01-23 17:39:10,OTHER,PAUSE,,,,,,,,,,,,,,,,,,,,,,,,,,,,,,,,,,,,,,,59.47440195083618,False
1737650350.5433862,2025-01-23 17:39:10,OTHER,PAUSE,,,,,,,,,,,,,,,,,,,,,,,,,,,,,,,,,,,,,,,59.52940511703491,False
1737650350.594389,2025-01-23 17:39:10,OTHER,PAUSE,,,,,,,,,,,,,,,,,,,,,,,,,,,,,,,,,,,,,,,59.5804078578949,False
1737650350.6523924,2025-01-23 17:39:10,OTHER,PAUSE,,,,,,,,,,,,,,,,,,,,,,,,,,,,,,,,,,,,,,,59.63841128349304,False
1737650350.7093956,2025-01-23 17:39:10,OTHER,PAUSE,,,,,,,,,,,,,,,,,,,,,,,,,,,,,,,,,,,,,,,59.695414543151855,False
1737650350.7713993,2025-01-23 17:39:10,OTHER,PAUSE,,,,,,,,,,,,,,,,,,,,,,,,,,,,,,,,,,,,,,,59.757418155670166,False
1737650350.820402,2025-01-23 17:39:10,OTHER,PAUSE,,,,,,,,,,,,,,,,,,,,,,,,,,,,,,,,,,,,,,,59.80642080307007,False
1737650350.871405,2025-01-23 17:39:10,OTHER,PAUSE,,,,,,,,,,,,,,,,,,,,,,,,,,,,,,,,,,,,,,,59.85742378234863,False
1737650350.940409,2025-01-23 17:39:10,OTHER,PAUSE,,,,,,,,,,,,,,,,,,,,,,,,,,,,,,,,,,,,,,,59.92642784118652,False
1737650350.9984124,2025-01-23 17:39:10,OTHER,PAUSE,,,,,,,,,,,,,,,,,,,,,,,,,,,,,,,,,,,,,,,59.98443126678467,False
1737650351.0744164,2025-01-23 17:39:11,OTHER,PAUSE,,,,,,,,,,,,,,,,,,,,,,,,,,,,,,,,,,,,,,,60.06043529510498,False
1737650351.1464205,2025-01-23 17:39:11,OTHER,PAUSE,,,,,,,,,,,,,,,,,,,,,,,,,,,,,,,,,,,,,,,60.132439374923706,False
1737650351.2114246,2025-01-23 17:39:11,OTHER,PAUSE,,,,,,,,,,,,,,,,,,,,,,,,,,,,,,,,,,,,,,,60.19744348526001,False
1737650351.2804282,2025-01-23 17:39:11,OTHER,PAUSE,,,,,,,,,,,,,,,,,,,,,,,,,,,,,,,,,,,,,,,60.26644706726074,False
1737650351.346432,2025-01-23 17:39:11,OTHER,PAUSE,,,,,,,,,,,,,,,,,,,,,,,,,,,,,,,,,,,,,,,60.33245086669922,False
1737650351.414436,2025-01-23 17:39:11,OTHER,PAUSE,,,,,,,,,,,,,,,,,,,,,,,,,,,,,,,,,,,,,,,60.40045499801636,False
1737650351.4934406,2025-01-23 17:39:11,OTHER,PAUSE,,,,,,,,,,,,,,,,,,,,,,,,,,,,,,,,,,,,,,,60.47945952415466,False
1737650351.569445,2025-01-23 17:39:11,OTHER,PAUSE,,,,,,,,,,,,,,,,,,,,,,,,,,,,,,,,,,,,,,,60.555463790893555,False
1737650351.625448,2025-01-23 17:39:11,OTHER,PAUSE,,,,,,,,,,,,,,,,,,,,,,,,,,,,,,,,,,,,,,,60.61146688461304,False
1737650351.692452,2025-01-23 17:39:11,OTHER,PAUSE,,,,,,,,,,,,,,,,,,,,,,,,,,,,,,,,,,,,,,,60.678470849990845,False
1737650351.7554555,2025-01-23 17:39:11,OTHER,PAUSE,,,,,,,,,,,,,,,,,,,,,,,,,,,,,,,,,,,,,,,60.74147439002991,False
1737650351.8204594,2025-01-23 17:39:11,OTHER,PAUSE,,,,,,,,,,,,,,,,,,,,,,,,,,,,,,,,,,,,,,,60.80647826194763,False
1737650351.8824627,2025-01-23 17:39:11,OTHER,PAUSE,,,,,,,,,,,,,,,,,,,,,,,,,,,,,,,,,,,,,,,60.86848163604736,False
1737650351.9524667,2025-01-23 17:39:11,OTHER,PAUSE,,,,,,,,,,,,,,,,,,,,,,,,,,,,,,,,,,,,,,,60.938485622406006,False
1737650352.00647,2025-01-23 17:39:12,OTHER,PAUSE,,,,,,,,,,,,,,,,,,,,,,,,,,,,,,,,,,,,,,,60.992488861083984,False
1737650352.0604727,2025-01-23 17:39:12,OTHER,PAUSE,,,,,,,,,,,,,,,,,,,,,,,,,,,,,,,,,,,,,,,61.046491622924805,False
1737650352.1354773,2025-01-23 17:39:12,OTHER,PAUSE,,,,,,,,,,,,,,,,,,,,,,,,,,,,,,,,,,,,,,,61.12149620056152,False
1737650352.18648,2025-01-23 17:39:12,OTHER,PAUSE,,,,,,,,,,,,,,,,,,,,,,,,,,,,,,,,,,,,,,,61.17249894142151,False
1737650352.2444832,2025-01-23 17:39:12,OTHER,PAUSE,,,,,,,,,,,,,,,,,,,,,,,,,,,,,,,,,,,,,,,61.230502128601074,False
1737650352.2964864,2025-01-23 17:39:12,OTHER,PAUSE,,,,,,,,,,,,,,,,,,,,,,,,,,,,,,,,,,,,,,,61.28250527381897,False
1737650352.3454893,2025-01-23 17:39:12,OTHER,PAUSE,,,,,,,,,,,,,,,,,,,,,,,,,,,,,,,,,,,,,,,61.33150815963745,False
1737650352.4014926,2025-01-23 17:39:12,OTHER,PAUSE,,,,,,,,,,,,,,,,,,,,,,,,,,,,,,,,,,,,,,,61.38751149177551,False
1737650352.4524953,2025-01-23 17:39:12,OTHER,PAUSE,,,,,,,,,,,,,,,,,,,,,,,,,,,,,,,,,,,,,,,61.4385142326355,False
1737650352.5034983,2025-01-23 17:39:12,OTHER,PAUSE,,,,,,,,,,,,,,,,,,,,,,,,,,,,,,,,,,,,,,,61.48951721191406,False
1737650352.551501,2025-01-23 17:39:12,OTHER,PAUSE,,,,,,,,,,,,,,,,,,,,,,,,,,,,,,,,,,,,,,,61.53751993179321,False
1737650352.604504,2025-01-23 17:39:12,OTHER,PAUSE,,,,,,,,,,,,,,,,,,,,,,,,,,,,,,,,,,,,,,,61.59052300453186,False
1737650352.6635075,2025-01-23 17:39:12,OTHER,PAUSE,,,,,,,,,,,,,,,,,,,,,,,,,,,,,,,,,,,,,,,61.64952635765076,False
1737650352.7255108,2025-01-23 17:39:12,OTHER,PAUSE,,,,,,,,,,,,,,,,,,,,,,,,,,,,,,,,,,,,,,,61.71152973175049,False
1737650352.779514,2025-01-23 17:39:12,OTHER,PAUSE,,,,,,,,,,,,,,,,,,,,,,,,,,,,,,,,,,,,,,,61.76553297042847,False
1737650352.829517,2025-01-23 17:39:12,OTHER,PAUSE,,,,,,,,,,,,,,,,,,,,,,,,,,,,,,,,,,,,,,,61.8155357837677,False
1737650352.8815198,2025-01-23 17:39:12,OTHER,PAUSE,,,,,,,,,,,,,,,,,,,,,,,,,,,,,,,,,,,,,,,61.86753869056702,False
1737650352.933523,2025-01-23 17:39:12,OTHER,PAUSE,,,,,,,,,,,,,,,,,,,,,,,,,,,,,,,,,,,,,,,61.91954183578491,False
1737650352.986526,2025-01-23 17:39:12,OTHER,PAUSE,,,,,,,,,,,,,,,,,,,,,,,,,,,,,,,,,,,,,,,61.97254490852356,False
1737650353.040529,2025-01-23 17:39:13,OTHER,PAUSE,,,,,,,,,,,,,,,,,,,,,,,,,,,,,,,,,,,,,,,62.02654790878296,False
1737650353.0905318,2025-01-23 17:39:13,OTHER,PAUSE,,,,,,,,,,,,,,,,,,,,,,,,,,,,,,,,,,,,,,,62.07655072212219,False
1737650353.1525352,2025-01-23 17:39:13,OTHER,PAUSE,,,,,,,,,,,,,,,,,,,,,,,,,,,,,,,,,,,,,,,62.138554096221924,False
1737650353.215539,2025-01-23 17:39:13,OTHER,PAUSE,,,,,,,,,,,,,,,,,,,,,,,,,,,,,,,,,,,,,,,62.201557874679565,False
1737650353.2835429,2025-01-23 17:39:13,OTHER,PAUSE,,,,,,,,,,,,,,,,,,,,,,,,,,,,,,,,,,,,,,,62.269561767578125,False
1737650353.3355458,2025-01-23 17:39:13,OTHER,PAUSE,,,,,,,,,,,,,,,,,,,,,,,,,,,,,,,,,,,,,,,62.32156467437744,False
1737650353.3955493,2025-01-23 17:39:13,OTHER,PAUSE,,,,,,,,,,,,,,,,,,,,,,,,,,,,,,,,,,,,,,,62.38156819343567,False
1737650353.4495523,2025-01-23 17:39:13,OTHER,PAUSE,,,,,,,,,,,,,,,,,,,,,,,,,,,,,,,,,,,,,,,62.43557119369507,False
1737650353.5015552,2025-01-23 17:39:13,OTHER,PAUSE,,,,,,,,,,,,,,,,,,,,,,,,,,,,,,,,,,,,,,,62.487574100494385,False
1737650353.5525584,2025-01-23 17:39:13,OTHER,PAUSE,,,,,,,,,,,,,,,,,,,,,,,,,,,,,,,,,,,,,,,62.53857731819153,False
1737650353.6065612,2025-01-23 17:39:13,OTHER,PAUSE,,,,,,,,,,,,,,,,,,,,,,,,,,,,,,,,,,,,,,,62.59258008003235,False
1737650353.6615644,2025-01-23 17:39:13,OTHER,PAUSE,,,,,,,,,,,,,,,,,,,,,,,,,,,,,,,,,,,,,,,62.64758324623108,False
1737650353.7115674,2025-01-23 17:39:13,OTHER,PAUSE,,,,,,,,,,,,,,,,,,,,,,,,,,,,,,,,,,,,,,,62.69758629798889,False
1737650353.774571,2025-01-23 17:39:13,OTHER,PAUSE,,,,,,,,,,,,,,,,,,,,,,,,,,,,,,,,,,,,,,,62.760589838027954,False
1737650353.8365746,2025-01-23 17:39:13,OTHER,PAUSE,,,,,,,,,,,,,,,,,,,,,,,,,,,,,,,,,,,,,,,62.822593450546265,False
1737650353.8885775,2025-01-23 17:39:13,OTHER,PAUSE,,,,,,,,,,,,,,,,,,,,,,,,,,,,,,,,,,,,,,,62.87459635734558,False
1737650353.9405806,2025-01-23 17:39:13,OTHER,PAUSE,,,,,,,,,,,,,,,,,,,,,,,,,,,,,,,,,,,,,,,62.92659950256348,False
1737650353.9965837,2025-01-23 17:39:13,OTHER,PAUSE,,,,,,,,,,,,,,,,,,,,,,,,,,,,,,,,,,,,,,,62.98260259628296,False
1737650354.0495868,2025-01-23 17:39:14,OTHER,PAUSE,,,,,,,,,,,,,,,,,,,,,,,,,,,,,,,,,,,,,,,63.035605669021606,False
1737650354.10459,2025-01-23 17:39:14,OTHER,PAUSE,,,,,,,,,,,,,,,,,,,,,,,,,,,,,,,,,,,,,,,63.09060883522034,False
1737650354.1605928,2025-01-23 17:39:14,OTHER,PAUSE,,,,,,,,,,,,,,,,,,,,,,,,,,,,,,,,,,,,,,,63.14661169052124,False
1737650354.2275968,2025-01-23 17:39:14,OTHER,PAUSE,,,,,,,,,,,,,,,,,,,,,,,,,,,,,,,,,,,,,,,63.21361565589905,False
1737650354.2866,2025-01-23 17:39:14,OTHER,PAUSE,,,,,,,,,,,,,,,,,,,,,,,,,,,,,,,,,,,,,,,63.272619009017944,False
1737650354.3426034,2025-01-23 17:39:14,OTHER,PAUSE,,,,,,,,,,,,,,,,,,,,,,,,,,,,,,,,,,,,,,,63.328622341156006,False
1737650354.4016068,2025-01-23 17:39:14,OTHER,PAUSE,,,,,,,,,,,,,,,,,,,,,,,,,,,,,,,,,,,,,,,63.3876256942749,False
1737650354.45661,2025-01-23 17:39:14,OTHER,PAUSE,,,,,,,,,,,,,,,,,,,,,,,,,,,,,,,,,,,,,,,63.44262886047363,False
1737650354.510613,2025-01-23 17:39:14,OTHER,PAUSE,,,,,,,,,,,,,,,,,,,,,,,,,,,,,,,,,,,,,,,63.49663186073303,False
1737650354.5706165,2025-01-23 17:39:14,OTHER,PAUSE,,,,,,,,,,,,,,,,,,,,,,,,,,,,,,,,,,,,,,,63.55663537979126,False
1737650354.6236196,2025-01-23 17:39:14,OTHER,PAUSE,,,,,,,,,,,,,,,,,,,,,,,,,,,,,,,,,,,,,,,63.60963845252991,False
1737650354.6726224,2025-01-23 17:39:14,OTHER,PAUSE,,,,,,,,,,,,,,,,,,,,,,,,,,,,,,,,,,,,,,,63.65864133834839,False
1737650354.7306256,2025-01-23 17:39:14,OTHER,PAUSE,,,,,,,,,,,,,,,,,,,,,,,,,,,,,,,,,,,,,,,63.716644525527954,False
1737650354.7826285,2025-01-23 17:39:14,OTHER,PAUSE,,,,,,,,,,,,,,,,,,,,,,,,,,,,,,,,,,,,,,,63.76864743232727,False
1737650354.8336315,2025-01-23 17:39:14,OTHER,PAUSE,,,,,,,,,,,,,,,,,,,,,,,,,,,,,,,,,,,,,,,63.819650411605835,False
1737650354.8866346,2025-01-23 17:39:14,OTHER,PAUSE,,,,,,,,,,,,,,,,,,,,,,,,,,,,,,,,,,,,,,,63.87265348434448,False
1737650354.9496381,2025-01-23 17:39:14,OTHER,PAUSE,,,,,,,,,,,,,,,,,,,,,,,,,,,,,,,,,,,,,,,63.935657024383545,False
1737650355.0096414,2025-01-23 17:39:15,OTHER,PAUSE,,,,,,,,,,,,,,,,,,,,,,,,,,,,,,,,,,,,,,,63.99566030502319,False
1737650355.0606446,2025-01-23 17:39:15,OTHER,PAUSE,,,,,,,,,,,,,,,,,,,,,,,,,,,,,,,,,,,,,,,64.04666352272034,False
1737650355.120648,2025-01-23 17:39:15,OTHER,PAUSE,,,,,,,,,,,,,,,,,,,,,,,,,,,,,,,,,,,,,,,64.10666680335999,False
1737650355.1766512,2025-01-23 17:39:15,OTHER,PAUSE,,,,,,,,,,,,,,,,,,,,,,,,,,,,,,,,,,,,,,,64.16267013549805,False
1737650355.2356544,2025-01-23 17:39:15,OTHER,PAUSE,,,,,,,,,,,,,,,,,,,,,,,,,,,,,,,,,,,,,,,64.22167325019836,False
1737650355.2916577,2025-01-23 17:39:15,OTHER,PAUSE,,,,,,,,,,,,,,,,,,,,,,,,,,,,,,,,,,,,,,,64.27767658233643,False
1737650355.3436608,2025-01-23 17:39:15,OTHER,PAUSE,,,,,,,,,,,,,,,,,,,,,,,,,,,,,,,,,,,,,,,64.32967972755432,False
1737650355.398664,2025-01-23 17:39:15,OTHER,PAUSE,,,,,,,,,,,,,,,,,,,,,,,,,,,,,,,,,,,,,,,64.38468289375305,False
1737650355.4486666,2025-01-23 17:39:15,OTHER,PAUSE,,,,,,,,,,,,,,,,,,,,,,,,,,,,,,,,,,,,,,,64.4346854686737,False
1737650355.50667,2025-01-23 17:39:15,OTHER,PAUSE,,,,,,,,,,,,,,,,,,,,,,,,,,,,,,,,,,,,,,,64.49268889427185,False
1737650355.5696738,2025-01-23 17:39:15,OTHER,PAUSE,,,,,,,,,,,,,,,,,,,,,,,,,,,,,,,,,,,,,,,64.55569267272949,False
1737650355.626677,2025-01-23 17:39:15,OTHER,PAUSE,,,,,,,,,,,,,,,,,,,,,,,,,,,,,,,,,,,,,,,64.6126959323883,False
1737650355.6756797,2025-01-23 17:39:15,OTHER,PAUSE,,,,,,,,,,,,,,,,,,,,,,,,,,,,,,,,,,,,,,,64.66169857978821,False
1737650355.7286828,2025-01-23 17:39:15,OTHER,PAUSE,,,,,,,,,,,,,,,,,,,,,,,,,,,,,,,,,,,,,,,64.71470165252686,False
1737650355.7786858,2025-01-23 17:39:15,OTHER,PAUSE,,,,,,,,,,,,,,,,,,,,,,,,,,,,,,,,,,,,,,,64.76470470428467,False
1737650355.8316886,2025-01-23 17:39:15,OTHER,PAUSE,,,,,,,,,,,,,,,,,,,,,,,,,,,,,,,,,,,,,,,64.81770753860474,False
1737650355.8856916,2025-01-23 17:39:15,OTHER,PAUSE,,,,,,,,,,,,,,,,,,,,,,,,,,,,,,,,,,,,,,,64.87171053886414,False
1737650355.9366946,2025-01-23 17:39:15,OTHER,PAUSE,,,,,,,,,,,,,,,,,,,,,,,,,,,,,,,,,,,,,,,64.9227135181427,False
1737650355.9896977,2025-01-23 17:39:15,OTHER,PAUSE,,,,,,,,,,,,,,,,,,,,,,,,,,,,,,,,,,,,,,,64.97571659088135,False
1737650356.0487008,2025-01-23 17:39:16,OTHER,PAUSE,,,,,,,,,,,,,,,,,,,,,,,,,,,,,,,,,,,,,,,65.03471970558167,False
1737650356.116705,2025-01-23 17:39:16,OTHER,PAUSE,,,,,,,,,,,,,,,,,,,,,,,,,,,,,,,,,,,,,,,65.1027238368988,False
1737650356.1787086,2025-01-23 17:39:16,OTHER,PAUSE,,,,,,,,,,,,,,,,,,,,,,,,,,,,,,,,,,,,,,,65.16472744941711,False
1737650356.2327118,2025-01-23 17:39:16,OTHER,PAUSE,,,,,,,,,,,,,,,,,,,,,,,,,,,,,,,,,,,,,,,65.21873068809509,False
1737650356.290715,2025-01-23 17:39:16,OTHER,PAUSE,,,,,,,,,,,,,,,,,,,,,,,,,,,,,,,,,,,,,,,65.27673387527466,False
1737650356.3427176,2025-01-23 17:39:16,OTHER,PAUSE,,,,,,,,,,,,,,,,,,,,,,,,,,,,,,,,,,,,,,,65.3287365436554,False
1737650356.3927207,2025-01-23 17:39:16,OTHER,PAUSE,,,,,,,,,,,,,,,,,,,,,,,,,,,,,,,,,,,,,,,65.37873959541321,False
1737650356.4447236,2025-01-23 17:39:16,OTHER,PAUSE,,,,,,,,,,,,,,,,,,,,,,,,,,,,,,,,,,,,,,,65.43074250221252,False
1737650356.4987268,2025-01-23 17:39:16,OTHER,PAUSE,,,,,,,,,,,,,,,,,,,,,,,,,,,,,,,,,,,,,,,65.4847457408905,False
1737650356.5487297,2025-01-23 17:39:16,OTHER,PAUSE,,,,,,,,,,,,,,,,,,,,,,,,,,,,,,,,,,,,,,,65.53474855422974,False
1737650356.5987325,2025-01-23 17:39:16,OTHER,PAUSE,,,,,,,,,,,,,,,,,,,,,,,,,,,,,,,,,,,,,,,65.58475136756897,False
1737650356.6487355,2025-01-23 17:39:16,OTHER,PAUSE,,,,,,,,,,,,,,,,,,,,,,,,,,,,,,,,,,,,,,,65.63475441932678,False
1737650356.7057385,2025-01-23 17:39:16,OTHER,PAUSE,,,,,,,,,,,,,,,,,,,,,,,,,,,,,,,,,,,,,,,65.69175744056702,False
1737650356.7557414,2025-01-23 17:39:16,OTHER,PAUSE,,,,,,,,,,,,,,,,,,,,,,,,,,,,,,,,,,,,,,,65.74176025390625,False
1737650356.819745,2025-01-23 17:39:16,OTHER,PAUSE,,,,,,,,,,,,,,,,,,,,,,,,,,,,,,,,,,,,,,,65.80576395988464,False
1737650356.8687477,2025-01-23 17:39:16,OTHER,PAUSE,,,,,,,,,,,,,,,,,,,,,,,,,,,,,,,,,,,,,,,65.85476660728455,False
1737650356.923751,2025-01-23 17:39:16,OTHER,PAUSE,,,,,,,,,,,,,,,,,,,,,,,,,,,,,,,,,,,,,,,65.90977001190186,False
1737650356.9797542,2025-01-23 17:39:16,OTHER,PAUSE,,,,,,,,,,,,,,,,,,,,,,,,,,,,,,,,,,,,,,,65.96577310562134,False
1737650357.0367575,2025-01-23 17:39:17,OTHER,PAUSE,,,,,,,,,,,,,,,,,,,,,,,,,,,,,,,,,,,,,,,66.02277636528015,False
1737650357.096761,2025-01-23 17:39:17,OTHER,PAUSE,,,,,,,,,,,,,,,,,,,,,,,,,,,,,,,,,,,,,,,66.08277988433838,False
1737650357.1467638,2025-01-23 17:39:17,OTHER,PAUSE,,,,,,,,,,,,,,,,,,,,,,,,,,,,,,,,,,,,,,,66.13278269767761,False
1737650357.201767,2025-01-23 17:39:17,OTHER,PAUSE,,,,,,,,,,,,,,,,,,,,,,,,,,,,,,,,,,,,,,,66.18778586387634,False
1737650357.269771,2025-01-23 17:39:17,OTHER,PAUSE,,,,,,,,,,,,,,,,,,,,,,,,,,,,,,,,,,,,,,,66.25578999519348,False
1737650357.3357747,2025-01-23 17:39:17,OTHER,PAUSE,,,,,,,,,,,,,,,,,,,,,,,,,,,,,,,,,,,,,,,66.32179355621338,False
1737650357.3897777,2025-01-23 17:39:17,OTHER,PAUSE,,,,,,,,,,,,,,,,,,,,,,,,,,,,,,,,,,,,,,,66.37579655647278,False
1737650357.445781,2025-01-23 17:39:17,OTHER,PAUSE,,,,,,,,,,,,,,,,,,,,,,,,,,,,,,,,,,,,,,,66.43179988861084,False
1737650357.5037842,2025-01-23 17:39:17,OTHER,PAUSE,,,,,,,,,,,,,,,,,,,,,,,,,,,,,,,,,,,,,,,66.4898030757904,False
1737650357.5587873,2025-01-23 17:39:17,OTHER,PAUSE,,,,,,,,,,,,,,,,,,,,,,,,,,,,,,,,,,,,,,,66.54480624198914,False
1737650357.620791,2025-01-23 17:39:17,OTHER,PAUSE,,,,,,,,,,,,,,,,,,,,,,,,,,,,,,,,,,,,,,,66.60680985450745,False
1737650357.679794,2025-01-23 17:39:17,OTHER,PAUSE,,,,,,,,,,,,,,,,,,,,,,,,,,,,,,,,,,,,,,,66.66581296920776,False
1737650357.7407978,2025-01-23 17:39:17,OTHER,PAUSE,,,,,,,,,,,,,,,,,,,,,,,,,,,,,,,,,,,,,,,66.72681665420532,False
1737650357.7958012,2025-01-23 17:39:17,OTHER,PAUSE,,,,,,,,,,,,,,,,,,,,,,,,,,,,,,,,,,,,,,,66.78182005882263,False
1737650357.864805,2025-01-23 17:39:17,OTHER,PAUSE,,,,,,,,,,,,,,,,,,,,,,,,,,,,,,,,,,,,,,,66.85082387924194,False
1737650357.9258084,2025-01-23 17:39:17,OTHER,PAUSE,,,,,,,,,,,,,,,,,,,,,,,,,,,,,,,,,,,,,,,66.91182732582092,False
1737650357.9828117,2025-01-23 17:39:17,OTHER,PAUSE,,,,,,,,,,,,,,,,,,,,,,,,,,,,,,,,,,,,,,,66.96883058547974,False
1737650358.038815,2025-01-23 17:39:18,OTHER,PAUSE,,,,,,,,,,,,,,,,,,,,,,,,,,,,,,,,,,,,,,,67.0248339176178,False
1737650358.091818,2025-01-23 17:39:18,OTHER,PAUSE,,,,,,,,,,,,,,,,,,,,,,,,,,,,,,,,,,,,,,,67.07783699035645,False
1737650358.1488214,2025-01-23 17:39:18,OTHER,PAUSE,,,,,,,,,,,,,,,,,,,,,,,,,,,,,,,,,,,,,,,67.13484025001526,False
1737650358.211825,2025-01-23 17:39:18,OTHER,PAUSE,,,,,,,,,,,,,,,,,,,,,,,,,,,,,,,,,,,,,,,67.19784379005432,False
1737650358.272828,2025-01-23 17:39:18,OTHER,PAUSE,,,,,,,,,,,,,,,,,,,,,,,,,,,,,,,,,,,,,,,67.25884699821472,False
1737650358.336832,2025-01-23 17:39:18,OTHER,PAUSE,,,,,,,,,,,,,,,,,,,,,,,,,,,,,,,,,,,,,,,67.3228509426117,False
1737650358.3868346,2025-01-23 17:39:18,OTHER,PAUSE,,,,,,,,,,,,,,,,,,,,,,,,,,,,,,,,,,,,,,,67.37285351753235,False
1737650358.4608388,2025-01-23 17:39:18,OTHER,PAUSE,,,,,,,,,,,,,,,,,,,,,,,,,,,,,,,,,,,,,,,67.44685769081116,False
1737650358.515842,2025-01-23 17:39:18,OTHER,PAUSE,,,,,,,,,,,,,,,,,,,,,,,,,,,,,,,,,,,,,,,67.50186085700989,False
1737650358.5688453,2025-01-23 17:39:18,OTHER,PAUSE,,,,,,,,,,,,,,,,,,,,,,,,,,,,,,,,,,,,,,,67.55486416816711,False
1737650358.630849,2025-01-23 17:39:18,OTHER,PAUSE,,,,,,,,,,,,,,,,,,,,,,,,,,,,,,,,,,,,,,,67.61686778068542,False
1737650358.6848516,2025-01-23 17:39:18,OTHER,PAUSE,,,,,,,,,,,,,,,,,,,,,,,,,,,,,,,,,,,,,,,67.67087054252625,False
1737650358.742855,2025-01-23 17:39:18,OTHER,PAUSE,,,,,,,,,,,,,,,,,,,,,,,,,,,,,,,,,,,,,,,67.72887396812439,False
1737650358.794858,2025-01-23 17:39:18,OTHER,PAUSE,,,,,,,,,,,,,,,,,,,,,,,,,,,,,,,,,,,,,,,67.7808768749237,False
1737650358.8488612,2025-01-23 17:39:18,OTHER,PAUSE,,,,,,,,,,,,,,,,,,,,,,,,,,,,,,,,,,,,,,,67.83488011360168,False
1737650358.9078646,2025-01-23 17:39:18,OTHER,PAUSE,,,,,,,,,,,,,,,,,,,,,,,,,,,,,,,,,,,,,,,67.89388346672058,False
1737650358.9598675,2025-01-23 17:39:18,OTHER,PAUSE,,,,,,,,,,,,,,,,,,,,,,,,,,,,,,,,,,,,,,,67.9458863735199,False
1737650359.0238712,2025-01-23 17:39:19,OTHER,PAUSE,,,,,,,,,,,,,,,,,,,,,,,,,,,,,,,,,,,,,,,68.00989007949829,False
1737650359.086875,2025-01-23 17:39:19,OTHER,PAUSE,,,,,,,,,,,,,,,,,,,,,,,,,,,,,,,,,,,,,,,68.07289385795593,False
1737650359.1478784,2025-01-23 17:39:19,OTHER,PAUSE,,,,,,,,,,,,,,,,,,,,,,,,,,,,,,,,,,,,,,,68.13389730453491,False
1737650359.2028813,2025-01-23 17:39:19,OTHER,PAUSE,,,,,,,,,,,,,,,,,,,,,,,,,,,,,,,,,,,,,,,68.18890023231506,False
1737650359.2538843,2025-01-23 17:39:19,OTHER,PAUSE,,,,,,,,,,,,,,,,,,,,,,,,,,,,,,,,,,,,,,,68.23990321159363,False
1737650359.3078873,2025-01-23 17:39:19,OTHER,PAUSE,,,,,,,,,,,,,,,,,,,,,,,,,,,,,,,,,,,,,,,68.29390621185303,False
1737650359.3628905,2025-01-23 17:39:19,OTHER,PAUSE,,,,,,,,,,,,,,,,,,,,,,,,,,,,,,,,,,,,,,,68.34890937805176,False
1737650359.4168937,2025-01-23 17:39:19,OTHER,PAUSE,,,,,,,,,,,,,,,,,,,,,,,,,,,,,,,,,,,,,,,68.40291261672974,False
1737650359.473897,2025-01-23 17:39:19,OTHER,PAUSE,,,,,,,,,,,,,,,,,,,,,,,,,,,,,,,,,,,,,,,68.45991587638855,False
1737650359.5309002,2025-01-23 17:39:19,OTHER,PAUSE,,,,,,,,,,,,,,,,,,,,,,,,,,,,,,,,,,,,,,,68.51691913604736,False
1737650359.5929036,2025-01-23 17:39:19,OTHER,PAUSE,,,,,,,,,,,,,,,,,,,,,,,,,,,,,,,,,,,,,,,68.5789225101471,False
1737650359.6609075,2025-01-23 17:39:19,OTHER,PAUSE,,,,,,,,,,,,,,,,,,,,,,,,,,,,,,,,,,,,,,,68.64692640304565,False
1737650359.7119107,2025-01-23 17:39:19,OTHER,PAUSE,,,,,,,,,,,,,,,,,,,,,,,,,,,,,,,,,,,,,,,68.6979296207428,False
1737650359.773914,2025-01-23 17:39:19,OTHER,PAUSE,,,,,,,,,,,,,,,,,,,,,,,,,,,,,,,,,,,,,,,68.75993299484253,False
1737650359.8369179,2025-01-23 17:39:19,OTHER,PAUSE,,,,,,,,,,,,,,,,,,,,,,,,,,,,,,,,,,,,,,,68.82293677330017,False
1737650359.8899207,2025-01-23 17:39:19,OTHER,PAUSE,,,,,,,,,,,,,,,,,,,,,,,,,,,,,,,,,,,,,,,68.87593960762024,False
1737650359.9399238,2025-01-23 17:39:19,OTHER,PAUSE,,,,,,,,,,,,,,,,,,,,,,,,,,,,,,,,,,,,,,,68.92594265937805,False
1737650360.000927,2025-01-23 17:39:20,OTHER,PAUSE,,,,,,,,,,,,,,,,,,,,,,,,,,,,,,,,,,,,,,,68.98694586753845,False
1737650360.0609305,2025-01-23 17:39:20,OTHER,PAUSE,,,,,,,,,,,,,,,,,,,,,,,,,,,,,,,,,,,,,,,69.04694938659668,False
1737650360.1119335,2025-01-23 17:39:20,OTHER,PAUSE,,,,,,,,,,,,,,,,,,,,,,,,,,,,,,,,,,,,,,,69.09795236587524,False
1737650360.169937,2025-01-23 17:39:20,OTHER,PAUSE,,,,,,,,,,,,,,,,,,,,,,,,,,,,,,,,,,,,,,,69.15595579147339,False
1737650360.2329402,2025-01-23 17:39:20,OTHER,PAUSE,,,,,,,,,,,,,,,,,,,,,,,,,,,,,,,,,,,,,,,69.21895909309387,False
1737650360.292944,2025-01-23 17:39:20,OTHER,PAUSE,,,,,,,,,,,,,,,,,,,,,,,,,,,,,,,,,,,,,,,69.27896285057068,False
1737650360.348947,2025-01-23 17:39:20,OTHER,PAUSE,,,,,,,,,,,,,,,,,,,,,,,,,,,,,,,,,,,,,,,69.33496594429016,False
1737650360.4099505,2025-01-23 17:39:20,OTHER,PAUSE,,,,,,,,,,,,,,,,,,,,,,,,,,,,,,,,,,,,,,,69.39596939086914,False
1737650360.4619536,2025-01-23 17:39:20,OTHER,PAUSE,,,,,,,,,,,,,,,,,,,,,,,,,,,,,,,,,,,,,,,69.44797253608704,False
1737650360.5249572,2025-01-23 17:39:20,OTHER,PAUSE,,,,,,,,,,,,,,,,,,,,,,,,,,,,,,,,,,,,,,,69.5109760761261,False
1737650360.57696,2025-01-23 17:39:20,OTHER,PAUSE,,,,,,,,,,,,,,,,,,,,,,,,,,,,,,,,,,,,,,,69.56297898292542,False
1737650360.6329632,2025-01-23 17:39:20,OTHER,PAUSE,,,,,,,,,,,,,,,,,,,,,,,,,,,,,,,,,,,,,,,69.6189820766449,False
1737650360.6909666,2025-01-23 17:39:20,OTHER,PAUSE,,,,,,,,,,,,,,,,,,,,,,,,,,,,,,,,,,,,,,,69.67698550224304,False
1737650360.7589703,2025-01-23 17:39:20,OTHER,PAUSE,,,,,,,,,,,,,,,,,,,,,,,,,,,,,,,,,,,,,,,69.74498915672302,False
1737650360.818974,2025-01-23 17:39:20,OTHER,PAUSE,,,,,,,,,,,,,,,,,,,,,,,,,,,,,,,,,,,,,,,69.80499291419983,False
1737650360.870977,2025-01-23 17:39:20,OTHER,PAUSE,,,,,,,,,,,,,,,,,,,,,,,,,,,,,,,,,,,,,,,69.85699582099915,False
1737650360.9329805,2025-01-23 17:39:20,OTHER,PAUSE,,,,,,,,,,,,,,,,,,,,,,,,,,,,,,,,,,,,,,,69.91899943351746,False
1737650360.9889836,2025-01-23 17:39:20,OTHER,PAUSE,,,,,,,,,,,,,,,,,,,,,,,,,,,,,,,,,,,,,,,69.97500252723694,False
1737650361.0429869,2025-01-23 17:39:21,OTHER,PAUSE,,,,,,,,,,,,,,,,,,,,,,,,,,,,,,,,,,,,,,,70.02900576591492,False
1737650361.0999901,2025-01-23 17:39:21,OTHER,PAUSE,,,,,,,,,,,,,,,,,,,,,,,,,,,,,,,,,,,,,,,70.08600902557373,False
1737650361.1589935,2025-01-23 17:39:21,OTHER,PAUSE,,,,,,,,,,,,,,,,,,,,,,,,,,,,,,,,,,,,,,,70.14501237869263,False
1737650361.2109962,2025-01-23 17:39:21,OTHER,PAUSE,,,,,,,,,,,,,,,,,,,,,,,,,,,,,,,,,,,,,,,70.19701504707336,False
1737650361.2679994,2025-01-23 17:39:21,OTHER,PAUSE,,,,,,,,,,,,,,,,,,,,,,,,,,,,,,,,,,,,,,,70.25401830673218,False
1737650361.341004,2025-01-23 17:39:21,OTHER,PAUSE,,,,,,,,,,,,,,,,,,,,,,,,,,,,,,,,,,,,,,,70.32702279090881,False
1737650361.4010072,2025-01-23 17:39:21,OTHER,PAUSE,,,,,,,,,,,,,,,,,,,,,,,,,,,,,,,,,,,,,,,70.38702607154846,False
1737650361.4650106,2025-01-23 17:39:21,OTHER,PAUSE,,,,,,,,,,,,,,,,,,,,,,,,,,,,,,,,,,,,,,,70.45102953910828,False
1737650361.520014,2025-01-23 17:39:21,OTHER,PAUSE,,,,,,,,,,,,,,,,,,,,,,,,,,,,,,,,,,,,,,,70.50603294372559,False
1737650361.5760171,2025-01-23 17:39:21,OTHER,PAUSE,,,,,,,,,,,,,,,,,,,,,,,,,,,,,,,,,,,,,,,70.56203603744507,False
1737650361.6330204,2025-01-23 17:39:21,OTHER,PAUSE,,,,,,,,,,,,,,,,,,,,,,,,,,,,,,,,,,,,,,,70.61903929710388,False
1737650361.6840234,2025-01-23 17:39:21,OTHER,PAUSE,,,,,,,,,,,,,,,,,,,,,,,,,,,,,,,,,,,,,,,70.67004227638245,False
1737650361.7450268,2025-01-23 17:39:21,OTHER,PAUSE,,,,,,,,,,,,,,,,,,,,,,,,,,,,,,,,,,,,,,,70.73104572296143,False
1737650361.80003,2025-01-23 17:39:21,OTHER,PAUSE,,,,,,,,,,,,,,,,,,,,,,,,,,,,,,,,,,,,,,,70.78604888916016,False
1737650361.8620334,2025-01-23 17:39:21,OTHER,PAUSE,,,,,,,,,,,,,,,,,,,,,,,,,,,,,,,,,,,,,,,70.84805226325989,False
1737650361.9260373,2025-01-23 17:39:21,OTHER,PAUSE,,,,,,,,,,,,,,,,,,,,,,,,,,,,,,,,,,,,,,,70.91205620765686,False
1737650361.9930408,2025-01-23 17:39:21,OTHER,PAUSE,,,,,,,,,,,,,,,,,,,,,,,,,,,,,,,,,,,,,,,70.97905969619751,False
1737650362.046044,2025-01-23 17:39:22,OTHER,PAUSE,,,,,,,,,,,,,,,,,,,,,,,,,,,,,,,,,,,,,,,71.03206300735474,False
1737650362.1020472,2025-01-23 17:39:22,OTHER,PAUSE,,,,,,,,,,,,,,,,,,,,,,,,,,,,,,,,,,,,,,,71.08806610107422,False
1737650362.1590505,2025-01-23 17:39:22,OTHER,PAUSE,,,,,,,,,,,,,,,,,,,,,,,,,,,,,,,,,,,,,,,71.14506936073303,False
1737650362.2160537,2025-01-23 17:39:22,OTHER,PAUSE,,,,,,,,,,,,,,,,,,,,,,,,,,,,,,,,,,,,,,,71.20207262039185,False
1737650362.272057,2025-01-23 17:39:22,OTHER,PAUSE,,,,,,,,,,,,,,,,,,,,,,,,,,,,,,,,,,,,,,,71.25807595252991,False
1737650362.3300602,2025-01-23 17:39:22,OTHER,PAUSE,,,,,,,,,,,,,,,,,,,,,,,,,,,,,,,,,,,,,,,71.31607913970947,False
1737650362.3850634,2025-01-23 17:39:22,OTHER,PAUSE,,,,,,,,,,,,,,,,,,,,,,,,,,,,,,,,,,,,,,,71.3710823059082,False
1737650362.4570675,2025-01-23 17:39:22,OTHER,PAUSE,,,,,,,,,,,,,,,,,,,,,,,,,,,,,,,,,,,,,,,71.44308638572693,False
1737650362.517071,2025-01-23 17:39:22,OTHER,PAUSE,,,,,,,,,,,,,,,,,,,,,,,,,,,,,,,,,,,,,,,71.50308990478516,False
1737650362.5780747,2025-01-23 17:39:22,OTHER,PAUSE,,,,,,,,,,,,,,,,,,,,,,,,,,,,,,,,,,,,,,,71.56409358978271,False
1737650362.639078,2025-01-23 17:39:22,OTHER,PAUSE,,,,,,,,,,,,,,,,,,,,,,,,,,,,,,,,,,,,,,,71.62509679794312,False
1737650362.6990814,2025-01-23 17:39:22,OTHER,PAUSE,,,,,,,,,,,,,,,,,,,,,,,,,,,,,,,,,,,,,,,71.68510031700134,False
1737650362.760085,2025-01-23 17:39:22,OTHER,PAUSE,,,,,,,,,,,,,,,,,,,,,,,,,,,,,,,,,,,,,,,71.7461040019989,False
1737650362.8250885,2025-01-23 17:39:22,OTHER,PAUSE,,,,,,,,,,,,,,,,,,,,,,,,,,,,,,,,,,,,,,,71.81110739707947,False
1737650362.880092,2025-01-23 17:39:22,OTHER,PAUSE,,,,,,,,,,,,,,,,,,,,,,,,,,,,,,,,,,,,,,,71.86611080169678,False
1737650362.9420953,2025-01-23 17:39:22,OTHER,PAUSE,,,,,,,,,,,,,,,,,,,,,,,,,,,,,,,,,,,,,,,71.92811417579651,False
1737650363.0000985,2025-01-23 17:39:23,OTHER,PAUSE,,,,,,,,,,,,,,,,,,,,,,,,,,,,,,,,,,,,,,,71.98611736297607,False
1737650363.0711026,2025-01-23 17:39:23,OTHER,PAUSE,,,,,,,,,,,,,,,,,,,,,,,,,,,,,,,,,,,,,,,72.05712151527405,False
1737650363.1391065,2025-01-23 17:39:23,OTHER,PAUSE,,,,,,,,,,,,,,,,,,,,,,,,,,,,,,,,,,,,,,,72.12512540817261,False
1737650363.1921096,2025-01-23 17:39:23,OTHER,PAUSE,,,,,,,,,,,,,,,,,,,,,,,,,,,,,,,,,,,,,,,72.17812848091125,False
1737650363.2561133,2025-01-23 17:39:23,OTHER,PAUSE,,,,,,,,,,,,,,,,,,,,,,,,,,,,,,,,,,,,,,,72.24213218688965,False
1737650363.3121164,2025-01-23 17:39:23,OTHER,PAUSE,,,,,,,,,,,,,,,,,,,,,,,,,,,,,,,,,,,,,,,72.29813528060913,False
1737650363.3701196,2025-01-23 17:39:23,OTHER,PAUSE,,,,,,,,,,,,,,,,,,,,,,,,,,,,,,,,,,,,,,,72.3561384677887,False
1737650363.4231226,2025-01-23 17:39:23,OTHER,PAUSE,,,,,,,,,,,,,,,,,,,,,,,,,,,,,,,,,,,,,,,72.40914154052734,False
1737650363.482126,2025-01-23 17:39:23,OTHER,PAUSE,,,,,,,,,,,,,,,,,,,,,,,,,,,,,,,,,,,,,,,72.46814489364624,False
1737650363.5361292,2025-01-23 17:39:23,OTHER,PAUSE,,,,,,,,,,,,,,,,,,,,,,,,,,,,,,,,,,,,,,,72.52214813232422,False
1737650363.5921326,2025-01-23 17:39:23,OTHER,PAUSE,,,,,,,,,,,,,,,,,,,,,,,,,,,,,,,,,,,,,,,72.57815146446228,False
1737650363.6571362,2025-01-23 17:39:23,OTHER,PAUSE,,,,,,,,,,,,,,,,,,,,,,,,,,,,,,,,,,,,,,,72.64315509796143,False
1737650363.7141395,2025-01-23 17:39:23,OTHER,PAUSE,,,,,,,,,,,,,,,,,,,,,,,,,,,,,,,,,,,,,,,72.70015835762024,False
1737650363.778143,2025-01-23 17:39:23,OTHER,PAUSE,,,,,,,,,,,,,,,,,,,,,,,,,,,,,,,,,,,,,,,72.76416182518005,False
1737650363.8401468,2025-01-23 17:39:23,OTHER,PAUSE,,,,,,,,,,,,,,,,,,,,,,,,,,,,,,,,,,,,,,,72.82616567611694,False
1737650363.8951497,2025-01-23 17:39:23,OTHER,PAUSE,,,,,,,,,,,,,,,,,,,,,,,,,,,,,,,,,,,,,,,72.8811686038971,False
1737650363.9501529,2025-01-23 17:39:23,OTHER,PAUSE,,,,,,,,,,,,,,,,,,,,,,,,,,,,,,,,,,,,,,,72.93617177009583,False
1737650364.0111566,2025-01-23 17:39:24,OTHER,PAUSE,,,,,,,,,,,,,,,,,,,,,,,,,,,,,,,,,,,,,,,72.99717545509338,False
1737650364.0711598,2025-01-23 17:39:24,OTHER,PAUSE,,,,,,,,,,,,,,,,,,,,,,,,,,,,,,,,,,,,,,,73.05717873573303,False
1737650364.1321633,2025-01-23 17:39:24,OTHER,PAUSE,,,,,,,,,,,,,,,,,,,,,,,,,,,,,,,,,,,,,,,73.11818218231201,False
1737650364.1911666,2025-01-23 17:39:24,OTHER,PAUSE,,,,,,,,,,,,,,,,,,,,,,,,,,,,,,,,,,,,,,,73.17718553543091,False
1737650364.24917,2025-01-23 17:39:24,OTHER,PAUSE,,,,,,,,,,,,,,,,,,,,,,,,,,,,,,,,,,,,,,,73.23518896102905,False
1737650364.3091736,2025-01-23 17:39:24,OTHER,PAUSE,,,,,,,,,,,,,,,,,,,,,,,,,,,,,,,,,,,,,,,73.29519248008728,False
1737650364.3661768,2025-01-23 17:39:24,OTHER,PAUSE,,,,,,,,,,,,,,,,,,,,,,,,,,,,,,,,,,,,,,,73.3521957397461,False
1737650364.42118,2025-01-23 17:39:24,OTHER,PAUSE,,,,,,,,,,,,,,,,,,,,,,,,,,,,,,,,,,,,,,,73.40719890594482,False
1737650364.4781833,2025-01-23 17:39:24,OTHER,PAUSE,,,,,,,,,,,,,,,,,,,,,,,,,,,,,,,,,,,,,,,73.46420216560364,False
1737650364.5391867,2025-01-23 17:39:24,OTHER,PAUSE,,,,,,,,,,,,,,,,,,,,,,,,,,,,,,,,,,,,,,,73.52520561218262,False
1737650364.59819,2025-01-23 17:39:24,OTHER,PAUSE,,,,,,,,,,,,,,,,,,,,,,,,,,,,,,,,,,,,,,,73.58420896530151,False
1737650364.6561933,2025-01-23 17:39:24,OTHER,PAUSE,,,,,,,,,,,,,,,,,,,,,,,,,,,,,,,,,,,,,,,73.64221215248108,False
1737650364.718197,2025-01-23 17:39:24,OTHER,PAUSE,,,,,,,,,,,,,,,,,,,,,,,,,,,,,,,,,,,,,,,73.70421600341797,False
1737650364.7882009,2025-01-23 17:39:24,OTHER,PAUSE,,,,,,,,,,,,,,,,,,,,,,,,,,,,,,,,,,,,,,,73.77421975135803,False
1737650364.8492045,2025-01-23 17:39:24,OTHER,PAUSE,,,,,,,,,,,,,,,,,,,,,,,,,,,,,,,,,,,,,,,73.83522343635559,False
1737650364.9052076,2025-01-23 17:39:24,OTHER,PAUSE,,,,,,,,,,,,,,,,,,,,,,,,,,,,,,,,,,,,,,,73.89122653007507,False
1737650364.961211,2025-01-23 17:39:24,OTHER,PAUSE,,,,,,,,,,,,,,,,,,,,,,,,,,,,,,,,,,,,,,,73.94722986221313,False
1737650365.0192142,2025-01-23 17:39:25,OTHER,PAUSE,,,,,,,,,,,,,,,,,,,,,,,,,,,,,,,,,,,,,,,74.0052330493927,False
1737650365.0802176,2025-01-23 17:39:25,OTHER,PAUSE,,,,,,,,,,,,,,,,,,,,,,,,,,,,,,,,,,,,,,,74.06623649597168,False
1737650365.1352208,2025-01-23 17:39:25,OTHER,PAUSE,,,,,,,,,,,,,,,,,,,,,,,,,,,,,,,,,,,,,,,74.12123966217041,False
1737650365.191224,2025-01-23 17:39:25,OTHER,PAUSE,,,,,,,,,,,,,,,,,,,,,,,,,,,,,,,,,,,,,,,74.17724299430847,False
1737650365.245227,2025-01-23 17:39:25,OTHER,PAUSE,,,,,,,,,,,,,,,,,,,,,,,,,,,,,,,,,,,,,,,74.23124599456787,False
1737650365.3032305,2025-01-23 17:39:25,OTHER,PAUSE,,,,,,,,,,,,,,,,,,,,,,,,,,,,,,,,,,,,,,,74.28924942016602,False
1737650365.3782346,2025-01-23 17:39:25,OTHER,PAUSE,,,,,,,,,,,,,,,,,,,,,,,,,,,,,,,,,,,,,,,74.36425352096558,False
1737650365.434238,2025-01-23 17:39:25,OTHER,PAUSE,,,,,,,,,,,,,,,,,,,,,,,,,,,,,,,,,,,,,,,74.42025685310364,False
1737650365.487241,2025-01-23 17:39:25,OTHER,PAUSE,,,,,,,,,,,,,,,,,,,,,,,,,,,,,,,,,,,,,,,74.47325992584229,False
1737650365.5472443,2025-01-23 17:39:25,OTHER,PAUSE,,,,,,,,,,,,,,,,,,,,,,,,,,,,,,,,,,,,,,,74.53326320648193,False
1737650365.6142483,2025-01-23 17:39:25,OTHER,PAUSE,,,,,,,,,,,,,,,,,,,,,,,,,,,,,,,,,,,,,,,74.60026717185974,False
1737650365.6722515,2025-01-23 17:39:25,OTHER,PAUSE,,,,,,,,,,,,,,,,,,,,,,,,,,,,,,,,,,,,,,,74.6582703590393,False
1737650365.737255,2025-01-23 17:39:25,OTHER,PAUSE,,,,,,,,,,,,,,,,,,,,,,,,,,,,,,,,,,,,,,,74.72327399253845,False
1737650365.7932584,2025-01-23 17:39:25,OTHER,PAUSE,,,,,,,,,,,,,,,,,,,,,,,,,,,,,,,,,,,,,,,74.77927732467651,False
1737650365.8652625,2025-01-23 17:39:25,OTHER,PAUSE,,,,,,,,,,,,,,,,,,,,,,,,,,,,,,,,,,,,,,,74.85128140449524,False
1737650365.944267,2025-01-23 17:39:25,OTHER,PAUSE,,,,,,,,,,,,,,,,,,,,,,,,,,,,,,,,,,,,,,,74.93028593063354,False
1737650366.0002701,2025-01-23 17:39:26,OTHER,PAUSE,,,,,,,,,,,,,,,,,,,,,,,,,,,,,,,,,,,,,,,74.98628902435303,False
1737650366.0572736,2025-01-23 17:39:26,OTHER,PAUSE,,,,,,,,,,,,,,,,,,,,,,,,,,,,,,,,,,,,,,,75.04329252243042,False
1737650366.1152768,2025-01-23 17:39:26,OTHER,PAUSE,,,,,,,,,,,,,,,,,,,,,,,,,,,,,,,,,,,,,,,75.10129570960999,False
1737650366.1742802,2025-01-23 17:39:26,OTHER,PAUSE,,,,,,,,,,,,,,,,,,,,,,,,,,,,,,,,,,,,,,,75.16029906272888,False
1737650366.2272832,2025-01-23 17:39:26,OTHER,PAUSE,,,,,,,,,,,,,,,,,,,,,,,,,,,,,,,,,,,,,,,75.21330213546753,False
1737650366.2842865,2025-01-23 17:39:26,OTHER,PAUSE,,,,,,,,,,,,,,,,,,,,,,,,,,,,,,,,,,,,,,,75.27030539512634,False
1737650366.34729,2025-01-23 17:39:26,OTHER,PAUSE,,,,,,,,,,,,,,,,,,,,,,,,,,,,,,,,,,,,,,,75.3333089351654,False
1737650366.4072936,2025-01-23 17:39:26,OTHER,PAUSE,,,,,,,,,,,,,,,,,,,,,,,,,,,,,,,,,,,,,,,75.39331245422363,False
1737650366.4832978,2025-01-23 17:39:26,OTHER,PAUSE,,,,,,,,,,,,,,,,,,,,,,,,,,,,,,,,,,,,,,,75.46931672096252,False
1737650366.5433013,2025-01-23 17:39:26,OTHER,PAUSE,,,,,,,,,,,,,,,,,,,,,,,,,,,,,,,,,,,,,,,75.52932024002075,False
1737650366.607305,2025-01-23 17:39:26,OTHER,PAUSE,,,,,,,,,,,,,,,,,,,,,,,,,,,,,,,,,,,,,,,75.59332394599915,False
1737650366.6693084,2025-01-23 17:39:26,OTHER,PAUSE,,,,,,,,,,,,,,,,,,,,,,,,,,,,,,,,,,,,,,,75.65532732009888,False
1737650366.7233117,2025-01-23 17:39:26,OTHER,PAUSE,,,,,,,,,,,,,,,,,,,,,,,,,,,,,,,,,,,,,,,75.70933055877686,False
1737650366.777315,2025-01-23 17:39:26,OTHER,PAUSE,,,,,,,,,,,,,,,,,,,,,,,,,,,,,,,,,,,,,,,75.76333379745483,False
1737650366.836318,2025-01-23 17:39:26,OTHER,PAUSE,,,,,,,,,,,,,,,,,,,,,,,,,,,,,,,,,,,,,,,75.82233691215515,False
1737650366.9063222,2025-01-23 17:39:26,OTHER,PAUSE,,,,,,,,,,,,,,,,,,,,,,,,,,,,,,,,,,,,,,,75.89234113693237,False
1737650366.959325,2025-01-23 17:39:26,OTHER,PAUSE,,,,,,,,,,,,,,,,,,,,,,,,,,,,,,,,,,,,,,,75.94534397125244,False
1737650367.0263288,2025-01-23 17:39:27,OTHER,PAUSE,,,,,,,,,,,,,,,,,,,,,,,,,,,,,,,,,,,,,,,76.01234769821167,False
1737650367.1043334,2025-01-23 17:39:27,OTHER,PAUSE,,,,,,,,,,,,,,,,,,,,,,,,,,,,,,,,,,,,,,,76.09035229682922,False
1737650367.1763375,2025-01-23 17:39:27,OTHER,PAUSE,,,,,,,,,,,,,,,,,,,,,,,,,,,,,,,,,,,,,,,76.16235637664795,False
1737650367.2453415,2025-01-23 17:39:27,OTHER,PAUSE,,,,,,,,,,,,,,,,,,,,,,,,,,,,,,,,,,,,,,,76.23136043548584,False
1737650367.3133452,2025-01-23 17:39:27,OTHER,PAUSE,,,,,,,,,,,,,,,,,,,,,,,,,,,,,,,,,,,,,,,76.29936408996582,False
1737650367.3873496,2025-01-23 17:39:27,OTHER,PAUSE,,,,,,,,,,,,,,,,,,,,,,,,,,,,,,,,,,,,,,,76.37336850166321,False
1737650367.462354,2025-01-23 17:39:27,OTHER,PAUSE,,,,,,,,,,,,,,,,,,,,,,,,,,,,,,,,,,,,,,,76.44837284088135,False
1737650367.5443585,2025-01-23 17:39:27,OTHER,PAUSE,,,,,,,,,,,,,,,,,,,,,,,,,,,,,,,,,,,,,,,76.53037738800049,False
1737650367.6273634,2025-01-23 17:39:27,OTHER,PAUSE,,,,,,,,,,,,,,,,,,,,,,,,,,,,,,,,,,,,,,,76.61338233947754,False
1737650367.7173684,2025-01-23 17:39:27,OTHER,PAUSE,,,,,,,,,,,,,,,,,,,,,,,,,,,,,,,,,,,,,,,76.70338726043701,False
1737650367.7873724,2025-01-23 17:39:27,OTHER,PAUSE,,,,,,,,,,,,,,,,,,,,,,,,,,,,,,,,,,,,,,,76.77339124679565,False
1737650367.8693771,2025-01-23 17:39:27,OTHER,PAUSE,,,,,,,,,,,,,,,,,,,,,,,,,,,,,,,,,,,,,,,76.85539603233337,False
1737650367.9413815,2025-01-23 17:39:27,OTHER,PAUSE,,,,,,,,,,,,,,,,,,,,,,,,,,,,,,,,,,,,,,,76.92740035057068,False
1737650368.0023847,2025-01-23 17:39:28,OTHER,PAUSE,,,,,,,,,,,,,,,,,,,,,,,,,,,,,,,,,,,,,,,76.98840355873108,False
1737650368.0573878,2025-01-23 17:39:28,OTHER,PAUSE,,,,,,,,,,,,,,,,,,,,,,,,,,,,,,,,,,,,,,,77.04340672492981,False
1737650368.1133912,2025-01-23 17:39:28,OTHER,PAUSE,,,,,,,,,,,,,,,,,,,,,,,,,,,,,,,,,,,,,,,77.09941005706787,False
1737650368.1693943,2025-01-23 17:39:28,OTHER,PAUSE,,,,,,,,,,,,,,,,,,,,,,,,,,,,,,,,,,,,,,,77.15541315078735,False
1737650368.2453985,2025-01-23 17:39:28,OTHER,PAUSE,,,,,,,,,,,,,,,,,,,,,,,,,,,,,,,,,,,,,,,77.23141741752625,False
1737650368.3124025,2025-01-23 17:39:28,OTHER,PAUSE,,,,,,,,,,,,,,,,,,,,,,,,,,,,,,,,,,,,,,,77.29842138290405,False
1737650368.376406,2025-01-23 17:39:28,OTHER,PAUSE,,,,,,,,,,,,,,,,,,,,,,,,,,,,,,,,,,,,,,,77.36242485046387,False
1737650368.4364097,2025-01-23 17:39:28,OTHER,PAUSE,,,,,,,,,,,,,,,,,,,,,,,,,,,,,,,,,,,,,,,77.42242860794067,False
1737650368.4974132,2025-01-23 17:39:28,OTHER,PAUSE,,,,,,,,,,,,,,,,,,,,,,,,,,,,,,,,,,,,,,,77.48343205451965,False
1737650368.5674171,2025-01-23 17:39:28,OTHER,PAUSE,,,,,,,,,,,,,,,,,,,,,,,,,,,,,,,,,,,,,,,77.5534360408783,False
1737650368.6234205,2025-01-23 17:39:28,OTHER,PAUSE,,,,,,,,,,,,,,,,,,,,,,,,,,,,,,,,,,,,,,,77.60943937301636,False
1737650368.6804235,2025-01-23 17:39:28,OTHER,PAUSE,,,,,,,,,,,,,,,,,,,,,,,,,,,,,,,,,,,,,,,77.66644239425659,False
1737650368.7284262,2025-01-23 17:39:28,OTHER,PAUSE,,,,,,,,,,,,,,,,,,,,,,,,,,,,,,,,,,,,,,,77.71444511413574,False
1737650368.7954302,2025-01-23 17:39:28,OTHER,PAUSE,,,,,,,,,,,,,,,,,,,,,,,,,,,,,,,,,,,,,,,77.78144907951355,False
1737650368.8664343,2025-01-23 17:39:28,OTHER,PAUSE,,,,,,,,,,,,,,,,,,,,,,,,,,,,,,,,,,,,,,,77.85245323181152,False
1737650368.9254375,2025-01-23 17:39:28,OTHER,PAUSE,,,,,,,,,,,,,,,,,,,,,,,,,,,,,,,,,,,,,,,77.91145634651184,False
1737650368.985441,2025-01-23 17:39:28,OTHER,PAUSE,,,,,,,,,,,,,,,,,,,,,,,,,,,,,,,,,,,,,,,77.97145986557007,False
1737650369.0454443,2025-01-23 17:39:29,OTHER,PAUSE,,,,,,,,,,,,,,,,,,,,,,,,,,,,,,,,,,,,,,,78.03146314620972,False
1737650369.1144483,2025-01-23 17:39:29,OTHER,PAUSE,,,,,,,,,,,,,,,,,,,,,,,,,,,,,,,,,,,,,,,78.10046720504761,False
1737650369.1704516,2025-01-23 17:39:29,OTHER,PAUSE,,,,,,,,,,,,,,,,,,,,,,,,,,,,,,,,,,,,,,,78.15647053718567,False
1737650369.2264547,2025-01-23 17:39:29,OTHER,PAUSE,,,,,,,,,,,,,,,,,,,,,,,,,,,,,,,,,,,,,,,78.21247363090515,False
1737650369.284458,2025-01-23 17:39:29,OTHER,PAUSE,,,,,,,,,,,,,,,,,,,,,,,,,,,,,,,,,,,,,,,78.27047681808472,False
1737650369.3464618,2025-01-23 17:39:29,OTHER,PAUSE,,,,,,,,,,,,,,,,,,,,,,,,,,,,,,,,,,,,,,,78.3324806690216,False
1737650369.4164658,2025-01-23 17:39:29,OTHER,PAUSE,,,,,,,,,,,,,,,,,,,,,,,,,,,,,,,,,,,,,,,78.40248465538025,False
1737650369.4724689,2025-01-23 17:39:29,OTHER,PAUSE,,,,,,,,,,,,,,,,,,,,,,,,,,,,,,,,,,,,,,,78.45848774909973,False
1737650369.5364726,2025-01-23 17:39:29,OTHER,PAUSE,,,,,,,,,,,,,,,,,,,,,,,,,,,,,,,,,,,,,,,78.52249145507812,False
1737650369.5884755,2025-01-23 17:39:29,OTHER,PAUSE,,,,,,,,,,,,,,,,,,,,,,,,,,,,,,,,,,,,,,,78.57449436187744,False
1737650369.6454787,2025-01-23 17:39:29,OTHER,PAUSE,,,,,,,,,,,,,,,,,,,,,,,,,,,,,,,,,,,,,,,78.63149762153625,False
1737650369.7164829,2025-01-23 17:39:29,OTHER,PAUSE,,,,,,,,,,,,,,,,,,,,,,,,,,,,,,,,,,,,,,,78.70250177383423,False
1737650369.772486,2025-01-23 17:39:29,OTHER,PAUSE,,,,,,,,,,,,,,,,,,,,,,,,,,,,,,,,,,,,,,,78.75850486755371,False
1737650369.8284893,2025-01-23 17:39:29,OTHER,PAUSE,,,,,,,,,,,,,,,,,,,,,,,,,,,,,,,,,,,,,,,78.81450819969177,False
1737650369.8854926,2025-01-23 17:39:29,OTHER,PAUSE,,,,,,,,,,,,,,,,,,,,,,,,,,,,,,,,,,,,,,,78.87151145935059,False
1737650369.963497,2025-01-23 17:39:29,OTHER,PAUSE,,,,,,,,,,,,,,,,,,,,,,,,,,,,,,,,,,,,,,,78.94951581954956,False
1737650370.0205002,2025-01-23 17:39:30,OTHER,PAUSE,,,,,,,,,,,,,,,,,,,,,,,,,,,,,,,,,,,,,,,79.00651907920837,False
1737650370.088504,2025-01-23 17:39:30,OTHER,PAUSE,,,,,,,,,,,,,,,,,,,,,,,,,,,,,,,,,,,,,,,79.07452297210693,False
1737650370.1475074,2025-01-23 17:39:30,OTHER,PAUSE,,,,,,,,,,,,,,,,,,,,,,,,,,,,,,,,,,,,,,,79.13352632522583,False
1737650370.2195115,2025-01-23 17:39:30,OTHER,PAUSE,,,,,,,,,,,,,,,,,,,,,,,,,,,,,,,,,,,,,,,79.20553040504456,False
1737650370.2755148,2025-01-23 17:39:30,OTHER,PAUSE,,,,,,,,,,,,,,,,,,,,,,,,,,,,,,,,,,,,,,,79.26153373718262,False
1737650370.334518,2025-01-23 17:39:30,OTHER,PAUSE,,,,,,,,,,,,,,,,,,,,,,,,,,,,,,,,,,,,,,,79.32053685188293,False
1737650370.3955216,2025-01-23 17:39:30,OTHER,PAUSE,,,,,,,,,,,,,,,,,,,,,,,,,,,,,,,,,,,,,,,79.3815405368805,False
1737650370.456525,2025-01-23 17:39:30,OTHER,PAUSE,,,,,,,,,,,,,,,,,,,,,,,,,,,,,,,,,,,,,,,79.44254398345947,False
1737650370.523529,2025-01-23 17:39:30,OTHER,PAUSE,,,,,,,,,,,,,,,,,,,,,,,,,,,,,,,,,,,,,,,79.50954794883728,False
1737650370.5795321,2025-01-23 17:39:30,OTHER,PAUSE,,,,,,,,,,,,,,,,,,,,,,,,,,,,,,,,,,,,,,,79.56555104255676,False
1737650370.6405356,2025-01-23 17:39:30,OTHER,PAUSE,,,,,,,,,,,,,,,,,,,,,,,,,,,,,,,,,,,,,,,79.62655448913574,False
1737650370.7105396,2025-01-23 17:39:30,OTHER,PAUSE,,,,,,,,,,,,,,,,,,,,,,,,,,,,,,,,,,,,,,,79.69655847549438,False
1737650370.770543,2025-01-23 17:39:30,OTHER,PAUSE,,,,,,,,,,,,,,,,,,,,,,,,,,,,,,,,,,,,,,,79.75656199455261,False
1737650370.840547,2025-01-23 17:39:30,OTHER,PAUSE,,,,,,,,,,,,,,,,,,,,,,,,,,,,,,,,,,,,,,,79.82656598091125,False
1737650370.8985503,2025-01-23 17:39:30,OTHER,PAUSE,,,,,,,,,,,,,,,,,,,,,,,,,,,,,,,,,,,,,,,79.88456916809082,False
1737650370.960554,2025-01-23 17:39:30,OTHER,PAUSE,,,,,,,,,,,,,,,,,,,,,,,,,,,,,,,,,,,,,,,79.94657278060913,False
1737650371.0265577,2025-01-23 17:39:31,OTHER,PAUSE,,,,,,,,,,,,,,,,,,,,,,,,,,,,,,,,,,,,,,,80.01257658004761,False
1737650371.0955617,2025-01-23 17:39:31,OTHER,PAUSE,,,,,,,,,,,,,,,,,,,,,,,,,,,,,,,,,,,,,,,80.0815806388855,False
1737650371.1565652,2025-01-23 17:39:31,OTHER,PAUSE,,,,,,,,,,,,,,,,,,,,,,,,,,,,,,,,,,,,,,,80.14258408546448,False
1737650371.2155683,2025-01-23 17:39:31,OTHER,PAUSE,,,,,,,,,,,,,,,,,,,,,,,,,,,,,,,,,,,,,,,80.2015872001648,False
1737650371.2715716,2025-01-23 17:39:31,OTHER,PAUSE,,,,,,,,,,,,,,,,,,,,,,,,,,,,,,,,,,,,,,,80.25759053230286,False
1737650371.3325753,2025-01-23 17:39:31,OTHER,PAUSE,,,,,,,,,,,,,,,,,,,,,,,,,,,,,,,,,,,,,,,80.31859421730042,False
1737650371.3915787,2025-01-23 17:39:31,OTHER,PAUSE,,,,,,,,,,,,,,,,,,,,,,,,,,,,,,,,,,,,,,,80.37759757041931,False
1737650371.4545822,2025-01-23 17:39:31,OTHER,PAUSE,,,,,,,,,,,,,,,,,,,,,,,,,,,,,,,,,,,,,,,80.44060111045837,False
1737650371.5105853,2025-01-23 17:39:31,OTHER,PAUSE,,,,,,,,,,,,,,,,,,,,,,,,,,,,,,,,,,,,,,,80.49660420417786,False
1737650371.5755892,2025-01-23 17:39:31,OTHER,PAUSE,,,,,,,,,,,,,,,,,,,,,,,,,,,,,,,,,,,,,,,80.56160807609558,False
1737650371.6445932,2025-01-23 17:39:31,OTHER,PAUSE,,,,,,,,,,,,,,,,,,,,,,,,,,,,,,,,,,,,,,,80.63061213493347,False
1737650371.7075968,2025-01-23 17:39:31,OTHER,PAUSE,,,,,,,,,,,,,,,,,,,,,,,,,,,,,,,,,,,,,,,80.69361567497253,False
1737650371.7726004,2025-01-23 17:39:31,OTHER,PAUSE,,,,,,,,,,,,,,,,,,,,,,,,,,,,,,,,,,,,,,,80.75861930847168,False
1737650371.8406043,2025-01-23 17:39:31,OTHER,PAUSE,,,,,,,,,,,,,,,,,,,,,,,,,,,,,,,,,,,,,,,80.82662320137024,False
1737650371.8986077,2025-01-23 17:39:31,OTHER,PAUSE,,,,,,,,,,,,,,,,,,,,,,,,,,,,,,,,,,,,,,,80.88462662696838,False
1737650371.955611,2025-01-23 17:39:31,OTHER,PAUSE,,,,,,,,,,,,,,,,,,,,,,,,,,,,,,,,,,,,,,,80.9416298866272,False
1737650372.0146143,2025-01-23 17:39:32,OTHER,PAUSE,,,,,,,,,,,,,,,,,,,,,,,,,,,,,,,,,,,,,,,81.0006332397461,False
1737650372.0746176,2025-01-23 17:39:32,OTHER,PAUSE,,,,,,,,,,,,,,,,,,,,,,,,,,,,,,,,,,,,,,,81.06063652038574,False
1737650372.1376212,2025-01-23 17:39:32,OTHER,PAUSE,,,,,,,,,,,,,,,,,,,,,,,,,,,,,,,,,,,,,,,81.1236400604248,False
1737650372.2106252,2025-01-23 17:39:32,OTHER,PAUSE,,,,,,,,,,,,,,,,,,,,,,,,,,,,,,,,,,,,,,,81.19664406776428,False
1737650372.269629,2025-01-23 17:39:32,OTHER,PAUSE,,,,,,,,,,,,,,,,,,,,,,,,,,,,,,,,,,,,,,,81.25564789772034,False
1737650372.3336325,2025-01-23 17:39:32,OTHER,PAUSE,,,,,,,,,,,,,,,,,,,,,,,,,,,,,,,,,,,,,,,81.31965136528015,False
1737650372.3896356,2025-01-23 17:39:32,OTHER,PAUSE,,,,,,,,,,,,,,,,,,,,,,,,,,,,,,,,,,,,,,,81.37565445899963,False
1737650372.4466388,2025-01-23 17:39:32,OTHER,PAUSE,,,,,,,,,,,,,,,,,,,,,,,,,,,,,,,,,,,,,,,81.43265771865845,False
1737650372.5056422,2025-01-23 17:39:32,OTHER,PAUSE,,,,,,,,,,,,,,,,,,,,,,,,,,,,,,,,,,,,,,,81.49166107177734,False
1737650372.573646,2025-01-23 17:39:32,OTHER,PAUSE,,,,,,,,,,,,,,,,,,,,,,,,,,,,,,,,,,,,,,,81.5596649646759,False
1737650372.63765,2025-01-23 17:39:32,OTHER,PAUSE,,,,,,,,,,,,,,,,,,,,,,,,,,,,,,,,,,,,,,,81.62366890907288,False
1737650372.7006536,2025-01-23 17:39:32,OTHER,PAUSE,,,,,,,,,,,,,,,,,,,,,,,,,,,,,,,,,,,,,,,81.68667244911194,False
1737650372.7746577,2025-01-23 17:39:32,OTHER,PAUSE,,,,,,,,,,,,,,,,,,,,,,,,,,,,,,,,,,,,,,,81.76067662239075,False
1737650372.8536623,2025-01-23 17:39:32,OTHER,PAUSE,,,,,,,,,,,,,,,,,,,,,,,,,,,,,,,,,,,,,,,81.83968114852905,False
1737650372.9096653,2025-01-23 17:39:32,OTHER,PAUSE,,,,,,,,,,,,,,,,,,,,,,,,,,,,,,,,,,,,,,,81.89568424224854,False
1737650372.9666688,2025-01-23 17:39:32,OTHER,PAUSE,,,,,,,,,,,,,,,,,,,,,,,,,,,,,,,,,,,,,,,81.95268774032593,False
1737650373.0276723,2025-01-23 17:39:33,OTHER,PAUSE,,,,,,,,,,,,,,,,,,,,,,,,,,,,,,,,,,,,,,,82.01369118690491,False
1737650373.0976763,2025-01-23 17:39:33,OTHER,PAUSE,,,,,,,,,,,,,,,,,,,,,,,,,,,,,,,,,,,,,,,82.08369517326355,False
1737650373.1576796,2025-01-23 17:39:33,OTHER,PAUSE,,,,,,,,,,,,,,,,,,,,,,,,,,,,,,,,,,,,,,,82.1436984539032,False
1737650373.2126827,2025-01-23 17:39:33,OTHER,PAUSE,,,,,,,,,,,,,,,,,,,,,,,,,,,,,,,,,,,,,,,82.19870162010193,False
1737650373.268686,2025-01-23 17:39:33,OTHER,PAUSE,,,,,,,,,,,,,,,,,,,,,,,,,,,,,,,,,,,,,,,82.25470495223999,False
1737650373.3316894,2025-01-23 17:39:33,OTHER,PAUSE,,,,,,,,,,,,,,,,,,,,,,,,,,,,,,,,,,,,,,,82.31770825386047,False
1737650373.3956933,2025-01-23 17:39:33,OTHER,PAUSE,,,,,,,,,,,,,,,,,,,,,,,,,,,,,,,,,,,,,,,82.38171219825745,False
1737650373.4546967,2025-01-23 17:39:33,OTHER,PAUSE,,,,,,,,,,,,,,,,,,,,,,,,,,,,,,,,,,,,,,,82.44071555137634,False
1737650373.5106997,2025-01-23 17:39:33,OTHER,PAUSE,,,,,,,,,,,,,,,,,,,,,,,,,,,,,,,,,,,,,,,82.49671864509583,False
1737650373.566703,2025-01-23 17:39:33,OTHER,PAUSE,,,,,,,,,,,,,,,,,,,,,,,,,,,,,,,,,,,,,,,82.55272197723389,False
1737650373.6247063,2025-01-23 17:39:33,OTHER,PAUSE,,,,,,,,,,,,,,,,,,,,,,,,,,,,,,,,,,,,,,,82.61072516441345,False
1737650373.6807094,2025-01-23 17:39:33,OTHER,PAUSE,,,,,,,,,,,,,,,,,,,,,,,,,,,,,,,,,,,,,,,82.66672825813293,False
1737650373.7437131,2025-01-23 17:39:33,OTHER,PAUSE,,,,,,,,,,,,,,,,,,,,,,,,,,,,,,,,,,,,,,,82.72973203659058,False
1737650373.7997162,2025-01-23 17:39:33,OTHER,PAUSE,,,,,,,,,,,,,,,,,,,,,,,,,,,,,,,,,,,,,,,82.78573513031006,False
1737650373.86472,2025-01-23 17:39:33,OTHER,PAUSE,,,,,,,,,,,,,,,,,,,,,,,,,,,,,,,,,,,,,,,82.85073900222778,False
1737650373.927724,2025-01-23 17:39:33,OTHER,PAUSE,,,,,,,,,,,,,,,,,,,,,,,,,,,,,,,,,,,,,,,82.91374278068542,False
1737650373.9957275,2025-01-23 17:39:33,OTHER,PAUSE,,,,,,,,,,,,,,,,,,,,,,,,,,,,,,,,,,,,,,,82.9817464351654,False
1737650374.055731,2025-01-23 17:39:34,OTHER,PAUSE,,,,,,,,,,,,,,,,,,,,,,,,,,,,,,,,,,,,,,,83.04174995422363,False
1737650374.1147344,2025-01-23 17:39:34,OTHER,PAUSE,,,,,,,,,,,,,,,,,,,,,,,,,,,,,,,,,,,,,,,83.10075330734253,False
1737650374.1717377,2025-01-23 17:39:34,OTHER,PAUSE,,,,,,,,,,,,,,,,,,,,,,,,,,,,,,,,,,,,,,,83.15775656700134,False
1737650374.2247405,2025-01-23 17:39:34,OTHER,PAUSE,,,,,,,,,,,,,,,,,,,,,,,,,,,,,,,,,,,,,,,83.21075940132141,False
1737650374.2867444,2025-01-23 17:39:34,OTHER,PAUSE,,,,,,,,,,,,,,,,,,,,,,,,,,,,,,,,,,,,,,,83.2727632522583,False
1737650374.3427474,2025-01-23 17:39:34,OTHER,PAUSE,,,,,,,,,,,,,,,,,,,,,,,,,,,,,,,,,,,,,,,83.32876634597778,False
1737650374.3957503,2025-01-23 17:39:34,OTHER,PAUSE,,,,,,,,,,,,,,,,,,,,,,,,,,,,,,,,,,,,,,,83.38176918029785,False
1737650374.4497535,2025-01-23 17:39:34,OTHER,PAUSE,,,,,,,,,,,,,,,,,,,,,,,,,,,,,,,,,,,,,,,83.43577241897583,False
1737650374.5227575,2025-01-23 17:39:34,OTHER,PAUSE,,,,,,,,,,,,,,,,,,,,,,,,,,,,,,,,,,,,,,,83.50877642631531,False
1737650374.5887616,2025-01-23 17:39:34,OTHER,PAUSE,,,,,,,,,,,,,,,,,,,,,,,,,,,,,,,,,,,,,,,83.57478046417236,False
1737650374.6477647,2025-01-23 17:39:34,OTHER,PAUSE,,,,,,,,,,,,,,,,,,,,,,,,,,,,,,,,,,,,,,,83.63378357887268,False
1737650374.7107685,2025-01-23 17:39:34,OTHER,PAUSE,,,,,,,,,,,,,,,,,,,,,,,,,,,,,,,,,,,,,,,83.69678735733032,False
1737650374.7777722,2025-01-23 17:39:34,OTHER,PAUSE,,,,,,,,,,,,,,,,,,,,,,,,,,,,,,,,,,,,,,,83.76379108428955,False
1737650374.8737779,2025-01-23 17:39:34,OTHER,PAUSE,,,,,,,,,,,,,,,,,,,,,,,,,,,,,,,,,,,,,,,83.85979676246643,False
1737650374.931781,2025-01-23 17:39:34,OTHER,PAUSE,,,,,,,,,,,,,,,,,,,,,,,,,,,,,,,,,,,,,,,83.917799949646,False
1737650374.9867842,2025-01-23 17:39:34,OTHER,PAUSE,,,,,,,,,,,,,,,,,,,,,,,,,,,,,,,,,,,,,,,83.97280311584473,False
1737650375.0467875,2025-01-23 17:39:35,OTHER,PAUSE,,,,,,,,,,,,,,,,,,,,,,,,,,,,,,,,,,,,,,,84.03280639648438,False
1737650375.122792,2025-01-23 17:39:35,OTHER,PAUSE,,,,,,,,,,,,,,,,,,,,,,,,,,,,,,,,,,,,,,,84.10881090164185,False
1737650375.1827955,2025-01-23 17:39:35,OTHER,PAUSE,,,,,,,,,,,,,,,,,,,,,,,,,,,,,,,,,,,,,,,84.16881442070007,False
1737650375.2387986,2025-01-23 17:39:35,OTHER,PAUSE,,,,,,,,,,,,,,,,,,,,,,,,,,,,,,,,,,,,,,,84.22481751441956,False
1737650375.299802,2025-01-23 17:39:35,OTHER,PAUSE,,,,,,,,,,,,,,,,,,,,,,,,,,,,,,,,,,,,,,,84.28582096099854,False
1737650375.366806,2025-01-23 17:39:35,OTHER,PAUSE,,,,,,,,,,,,,,,,,,,,,,,,,,,,,,,,,,,,,,,84.35282492637634,False
1737650375.43181,2025-01-23 17:39:35,OTHER,PAUSE,,,,,,,,,,,,,,,,,,,,,,,,,,,,,,,,,,,,,,,84.41782879829407,False
1737650375.489813,2025-01-23 17:39:35,OTHER,PAUSE,,,,,,,,,,,,,,,,,,,,,,,,,,,,,,,,,,,,,,,84.47583198547363,False
1737650375.5538166,2025-01-23 17:39:35,OTHER,PAUSE,,,,,,,,,,,,,,,,,,,,,,,,,,,,,,,,,,,,,,,84.53983545303345,False
1737650375.6158202,2025-01-23 17:39:35,OTHER,PAUSE,,,,,,,,,,,,,,,,,,,,,,,,,,,,,,,,,,,,,,,84.60183906555176,False
1737650375.697825,2025-01-23 17:39:35,OTHER,PAUSE,,,,,,,,,,,,,,,,,,,,,,,,,,,,,,,,,,,,,,,84.68384385108948,False
1737650375.7588284,2025-01-23 17:39:35,OTHER,PAUSE,,,,,,,,,,,,,,,,,,,,,,,,,,,,,,,,,,,,,,,84.74484729766846,False
1737650375.821832,2025-01-23 17:39:35,OTHER,PAUSE,,,,,,,,,,,,,,,,,,,,,,,,,,,,,,,,,,,,,,,84.80785083770752,False
1737650375.887836,2025-01-23 17:39:35,OTHER,PAUSE,,,,,,,,,,,,,,,,,,,,,,,,,,,,,,,,,,,,,,,84.87385487556458,False
1737650375.944839,2025-01-23 17:39:35,OTHER,PAUSE,,,,,,,,,,,,,,,,,,,,,,,,,,,,,,,,,,,,,,,84.93085789680481,False
1737650376.0028424,2025-01-23 17:39:36,OTHER,PAUSE,,,,,,,,,,,,,,,,,,,,,,,,,,,,,,,,,,,,,,,84.98886132240295,False
1737650376.0628457,2025-01-23 17:39:36,OTHER,PAUSE,,,,,,,,,,,,,,,,,,,,,,,,,,,,,,,,,,,,,,,85.0488646030426,False
1737650376.119849,2025-01-23 17:39:36,OTHER,PAUSE,,,,,,,,,,,,,,,,,,,,,,,,,,,,,,,,,,,,,,,85.10586786270142,False
1737650376.1828525,2025-01-23 17:39:36,OTHER,PAUSE,,,,,,,,,,,,,,,,,,,,,,,,,,,,,,,,,,,,,,,85.16887140274048,False
1737650376.259857,2025-01-23 17:39:36,OTHER,PAUSE,,,,,,,,,,,,,,,,,,,,,,,,,,,,,,,,,,,,,,,85.2458758354187,False
1737650376.3218606,2025-01-23 17:39:36,OTHER,PAUSE,,,,,,,,,,,,,,,,,,,,,,,,,,,,,,,,,,,,,,,85.30787944793701,False
1737650376.3818638,2025-01-23 17:39:36,OTHER,PAUSE,,,,,,,,,,,,,,,,,,,,,,,,,,,,,,,,,,,,,,,85.36788272857666,False
1737650376.4408674,2025-01-23 17:39:36,OTHER,PAUSE,,,,,,,,,,,,,,,,,,,,,,,,,,,,,,,,,,,,,,,85.42688632011414,False
1737650376.5108714,2025-01-23 17:39:36,OTHER,PAUSE,,,,,,,,,,,,,,,,,,,,,,,,,,,,,,,,,,,,,,,85.49689030647278,False
1737650376.5768752,2025-01-23 17:39:36,OTHER,PAUSE,,,,,,,,,,,,,,,,,,,,,,,,,,,,,,,,,,,,,,,85.56289410591125,False
1737650376.637879,2025-01-23 17:39:36,OTHER,PAUSE,,,,,,,,,,,,,,,,,,,,,,,,,,,,,,,,,,,,,,,85.62389779090881,False
1737650376.696882,2025-01-23 17:39:36,OTHER,PAUSE,,,,,,,,,,,,,,,,,,,,,,,,,,,,,,,,,,,,,,,85.68290090560913,False
1737650376.7628858,2025-01-23 17:39:36,OTHER,PAUSE,,,,,,,,,,,,,,,,,,,,,,,,,,,,,,,,,,,,,,,85.74890470504761,False
1737650376.8358898,2025-01-23 17:39:36,OTHER,PAUSE,,,,,,,,,,,,,,,,,,,,,,,,,,,,,,,,,,,,,,,85.82190871238708,False
1737650376.906894,2025-01-23 17:39:36,OTHER,PAUSE,,,,,,,,,,,,,,,,,,,,,,,,,,,,,,,,,,,,,,,85.89291286468506,False
1737650376.9708977,2025-01-23 17:39:36,OTHER,PAUSE,,,,,,,,,,,,,,,,,,,,,,,,,,,,,,,,,,,,,,,85.95691657066345,False
1737650377.030901,2025-01-23 17:39:37,OTHER,PAUSE,,,,,,,,,,,,,,,,,,,,,,,,,,,,,,,,,,,,,,,86.0169198513031,False
1737650377.0939047,2025-01-23 17:39:37,OTHER,PAUSE,,,,,,,,,,,,,,,,,,,,,,,,,,,,,,,,,,,,,,,86.07992362976074,False
1737650377.1559083,2025-01-23 17:39:37,OTHER,PAUSE,,,,,,,,,,,,,,,,,,,,,,,,,,,,,,,,,,,,,,,86.14192724227905,False
1737650377.2129116,2025-01-23 17:39:37,OTHER,PAUSE,,,,,,,,,,,,,,,,,,,,,,,,,,,,,,,,,,,,,,,86.19893050193787,False
1737650377.274915,2025-01-23 17:39:37,OTHER,PAUSE,,,,,,,,,,,,,,,,,,,,,,,,,,,,,,,,,,,,,,,86.2609338760376,False
1737650377.344919,2025-01-23 17:39:37,OTHER,PAUSE,,,,,,,,,,,,,,,,,,,,,,,,,,,,,,,,,,,,,,,86.33093786239624,False
1737650377.4219236,2025-01-23 17:39:37,OTHER,PAUSE,,,,,,,,,,,,,,,,,,,,,,,,,,,,,,,,,,,,,,,86.40794253349304,False
1737650377.481927,2025-01-23 17:39:37,OTHER,PAUSE,,,,,,,,,,,,,,,,,,,,,,,,,,,,,,,,,,,,,,,86.46794581413269,False
1737650377.5429304,2025-01-23 17:39:37,OTHER,PAUSE,,,,,,,,,,,,,,,,,,,,,,,,,,,,,,,,,,,,,,,86.52894926071167,False
1737650377.6029341,2025-01-23 17:39:37,OTHER,PAUSE,,,,,,,,,,,,,,,,,,,,,,,,,,,,,,,,,,,,,,,86.58895301818848,False
1737650377.6669376,2025-01-23 17:39:37,OTHER,PAUSE,,,,,,,,,,,,,,,,,,,,,,,,,,,,,,,,,,,,,,,86.65295648574829,False
1737650377.7309413,2025-01-23 17:39:37,OTHER,PAUSE,,,,,,,,,,,,,,,,,,,,,,,,,,,,,,,,,,,,,,,86.71696019172668,False
1737650377.7889445,2025-01-23 17:39:37,OTHER,PAUSE,,,,,,,,,,,,,,,,,,,,,,,,,,,,,,,,,,,,,,,86.77496337890625,False
1737650377.8529482,2025-01-23 17:39:37,OTHER,PAUSE,,,,,,,,,,,,,,,,,,,,,,,,,,,,,,,,,,,,,,,86.83896708488464,False
1737650377.916952,2025-01-23 17:39:37,OTHER,PAUSE,,,,,,,,,,,,,,,,,,,,,,,,,,,,,,,,,,,,,,,86.90297079086304,False
1737650377.988956,2025-01-23 17:39:37,OTHER,PAUSE,,,,,,,,,,,,,,,,,,,,,,,,,,,,,,,,,,,,,,,86.97497487068176,False
1737650378.0419588,2025-01-23 17:39:38,OTHER,PAUSE,,,,,,,,,,,,,,,,,,,,,,,,,,,,,,,,,,,,,,,87.02797770500183,False
1737650378.1069627,2025-01-23 17:39:38,OTHER,PAUSE,,,,,,,,,,,,,,,,,,,,,,,,,,,,,,,,,,,,,,,87.09298157691956,False
1737650378.1759667,2025-01-23 17:39:38,OTHER,PAUSE,,,,,,,,,,,,,,,,,,,,,,,,,,,,,,,,,,,,,,,87.16198563575745,False
1737650378.2409706,2025-01-23 17:39:38,OTHER,PAUSE,,,,,,,,,,,,,,,,,,,,,,,,,,,,,,,,,,,,,,,87.22698950767517,False
1737650378.305974,2025-01-23 17:39:38,OTHER,PAUSE,,,,,,,,,,,,,,,,,,,,,,,,,,,,,,,,,,,,,,,87.29199290275574,False
1737650378.372978,2025-01-23 17:39:38,OTHER,PAUSE,,,,,,,,,,,,,,,,,,,,,,,,,,,,,,,,,,,,,,,87.35899686813354,False
1737650378.4389815,2025-01-23 17:39:38,OTHER,PAUSE,,,,,,,,,,,,,,,,,,,,,,,,,,,,,,,,,,,,,,,87.42500042915344,False
1737650378.5239863,2025-01-23 17:39:38,OTHER,PAUSE,,,,,,,,,,,,,,,,,,,,,,,,,,,,,,,,,,,,,,,87.510005235672,False
1737650378.58199,2025-01-23 17:39:38,OTHER,PAUSE,,,,,,,,,,,,,,,,,,,,,,,,,,,,,,,,,,,,,,,87.56800889968872,False
1737650378.6399932,2025-01-23 17:39:38,OTHER,PAUSE,,,,,,,,,,,,,,,,,,,,,,,,,,,,,,,,,,,,,,,87.62601208686829,False
1737650378.694996,2025-01-23 17:39:38,OTHER,PAUSE,,,,,,,,,,,,,,,,,,,,,,,,,,,,,,,,,,,,,,,87.68101501464844,False
1737650378.7610002,2025-01-23 17:39:38,OTHER,PAUSE,,,,,,,,,,,,,,,,,,,,,,,,,,,,,,,,,,,,,,,87.7470190525055,False
1737650378.8200035,2025-01-23 17:39:38,OTHER,PAUSE,,,,,,,,,,,,,,,,,,,,,,,,,,,,,,,,,,,,,,,87.80602240562439,False
1737650378.8820071,2025-01-23 17:39:38,OTHER,PAUSE,,,,,,,,,,,,,,,,,,,,,,,,,,,,,,,,,,,,,,,87.8680260181427,False
1737650378.9400103,2025-01-23 17:39:38,OTHER,PAUSE,,,,,,,,,,,,,,,,,,,,,,,,,,,,,,,,,,,,,,,87.92602920532227,False
1737650379.005014,2025-01-23 17:39:39,OTHER,PAUSE,,,,,,,,,,,,,,,,,,,,,,,,,,,,,,,,,,,,,,,87.99103283882141,False
1737650379.0780182,2025-01-23 17:39:39,OTHER,PAUSE,,,,,,,,,,,,,,,,,,,,,,,,,,,,,,,,,,,,,,,88.06403708457947,False
1737650379.142022,2025-01-23 17:39:39,OTHER,PAUSE,,,,,,,,,,,,,,,,,,,,,,,,,,,,,,,,,,,,,,,88.12804079055786,False
1737650379.2010252,2025-01-23 17:39:39,OTHER,PAUSE,,,,,,,,,,,,,,,,,,,,,,,,,,,,,,,,,,,,,,,88.18704414367676,False
1737650379.2700293,2025-01-23 17:39:39,OTHER,PAUSE,,,,,,,,,,,,,,,,,,,,,,,,,,,,,,,,,,,,,,,88.25604820251465,False
1737650379.3310325,2025-01-23 17:39:39,OTHER,PAUSE,,,,,,,,,,,,,,,,,,,,,,,,,,,,,,,,,,,,,,,88.31705141067505,False
1737650379.3910363,2025-01-23 17:39:39,OTHER,PAUSE,,,,,,,,,,,,,,,,,,,,,,,,,,,,,,,,,,,,,,,88.37705516815186,False
1737650379.45904,2025-01-23 17:39:39,OTHER,PAUSE,,,,,,,,,,,,,,,,,,,,,,,,,,,,,,,,,,,,,,,88.44505882263184,False
1737650379.531044,2025-01-23 17:39:39,OTHER,PAUSE,,,,,,,,,,,,,,,,,,,,,,,,,,,,,,,,,,,,,,,88.51706290245056,False
1737650379.5890477,2025-01-23 17:39:39,OTHER,PAUSE,,,,,,,,,,,,,,,,,,,,,,,,,,,,,,,,,,,,,,,88.57506656646729,False
1737650379.6600513,2025-01-23 17:39:39,OTHER,PAUSE,,,,,,,,,,,,,,,,,,,,,,,,,,,,,,,,,,,,,,,88.6460702419281,False
1737650379.7330558,2025-01-23 17:39:39,OTHER,PAUSE,,,,,,,,,,,,,,,,,,,,,,,,,,,,,,,,,,,,,,,88.71907472610474,False
1737650379.7940593,2025-01-23 17:39:39,OTHER,PAUSE,,,,,,,,,,,,,,,,,,,,,,,,,,,,,,,,,,,,,,,88.78007817268372,False
1737650379.8520625,2025-01-23 17:39:39,OTHER,PAUSE,,,,,,,,,,,,,,,,,,,,,,,,,,,,,,,,,,,,,,,88.83808135986328,False
1737650379.913066,2025-01-23 17:39:39,OTHER,PAUSE,,,,,,,,,,,,,,,,,,,,,,,,,,,,,,,,,,,,,,,88.89908480644226,False
1737650379.9690692,2025-01-23 17:39:39,OTHER,PAUSE,,,,,,,,,,,,,,,,,,,,,,,,,,,,,,,,,,,,,,,88.95508813858032,False
1737650380.0370731,2025-01-23 17:39:40,OTHER,PAUSE,,,,,,,,,,,,,,,,,,,,,,,,,,,,,,,,,,,,,,,89.02309203147888,False
1737650380.0950763,2025-01-23 17:39:40,OTHER,PAUSE,,,,,,,,,,,,,,,,,,,,,,,,,,,,,,,,,,,,,,,89.08109521865845,False
1737650380.1570802,2025-01-23 17:39:40,OTHER,PAUSE,,,,,,,,,,,,,,,,,,,,,,,,,,,,,,,,,,,,,,,89.14309906959534,False
1737650380.2290843,2025-01-23 17:39:40,OTHER,PAUSE,,,,,,,,,,,,,,,,,,,,,,,,,,,,,,,,,,,,,,,89.21510314941406,False
1737650380.2910876,2025-01-23 17:39:40,OTHER,PAUSE,,,,,,,,,,,,,,,,,,,,,,,,,,,,,,,,,,,,,,,89.2771065235138,False
1737650380.3540912,2025-01-23 17:39:40,OTHER,PAUSE,,,,,,,,,,,,,,,,,,,,,,,,,,,,,,,,,,,,,,,89.34011006355286,False
1737650380.4160948,2025-01-23 17:39:40,OTHER,PAUSE,,,,,,,,,,,,,,,,,,,,,,,,,,,,,,,,,,,,,,,89.40211367607117,False
1737650380.473098,2025-01-23 17:39:40,OTHER,PAUSE,,,,,,,,,,,,,,,,,,,,,,,,,,,,,,,,,,,,,,,89.45911693572998,False
1737650380.5321014,2025-01-23 17:39:40,OTHER,PAUSE,,,,,,,,,,,,,,,,,,,,,,,,,,,,,,,,,,,,,,,89.51812028884888,False
1737650380.5911047,2025-01-23 17:39:40,OTHER,PAUSE,,,,,,,,,,,,,,,,,,,,,,,,,,,,,,,,,,,,,,,89.57712364196777,False
1737650380.6491082,2025-01-23 17:39:40,OTHER,PAUSE,,,,,,,,,,,,,,,,,,,,,,,,,,,,,,,,,,,,,,,89.63512706756592,False
1737650380.7271128,2025-01-23 17:39:40,OTHER,PAUSE,,,,,,,,,,,,,,,,,,,,,,,,,,,,,,,,,,,,,,,89.71313166618347,False
1737650380.7981167,2025-01-23 17:39:40,OTHER,PAUSE,,,,,,,,,,,,,,,,,,,,,,,,,,,,,,,,,,,,,,,89.78413558006287,False
1737650380.8691208,2025-01-23 17:39:40,OTHER,PAUSE,,,,,,,,,,,,,,,,,,,,,,,,,,,,,,,,,,,,,,,89.85513973236084,False
1737650380.9371245,2025-01-23 17:39:40,OTHER,PAUSE,,,,,,,,,,,,,,,,,,,,,,,,,,,,,,,,,,,,,,,89.92314338684082,False
1737650380.997128,2025-01-23 17:39:40,OTHER,PAUSE,,,,,,,,,,,,,,,,,,,,,,,,,,,,,,,,,,,,,,,89.98314690589905,False
1737650381.0721323,2025-01-23 17:39:41,OTHER,PAUSE,,,,,,,,,,,,,,,,,,,,,,,,,,,,,,,,,,,,,,,90.05815124511719,False
1737650381.1401362,2025-01-23 17:39:41,OTHER,PAUSE,,,,,,,,,,,,,,,,,,,,,,,,,,,,,,,,,,,,,,,90.12615513801575,False
1737650381.1991396,2025-01-23 17:39:41,OTHER,PAUSE,,,,,,,,,,,,,,,,,,,,,,,,,,,,,,,,,,,,,,,90.18515849113464,False
1737650381.2621431,2025-01-23 17:39:41,OTHER,PAUSE,,,,,,,,,,,,,,,,,,,,,,,,,,,,,,,,,,,,,,,90.2481620311737,False
1737650381.3261468,2025-01-23 17:39:41,OTHER,PAUSE,,,,,,,,,,,,,,,,,,,,,,,,,,,,,,,,,,,,,,,90.3121657371521,False
1737650381.395151,2025-01-23 17:39:41,OTHER,PAUSE,,,,,,,,,,,,,,,,,,,,,,,,,,,,,,,,,,,,,,,90.38116979598999,False
1737650381.467155,2025-01-23 17:39:41,OTHER,PAUSE,,,,,,,,,,,,,,,,,,,,,,,,,,,,,,,,,,,,,,,90.45317387580872,False
1737650381.5251582,2025-01-23 17:39:41,OTHER,PAUSE,,,,,,,,,,,,,,,,,,,,,,,,,,,,,,,,,,,,,,,90.51117706298828,False
1737650381.5911622,2025-01-23 17:39:41,OTHER,PAUSE,,,,,,,,,,,,,,,,,,,,,,,,,,,,,,,,,,,,,,,90.57718110084534,False
1737650381.6501656,2025-01-23 17:39:41,OTHER,PAUSE,,,,,,,,,,,,,,,,,,,,,,,,,,,,,,,,,,,,,,,90.63618445396423,False
1737650381.712169,2025-01-23 17:39:41,OTHER,PAUSE,,,,,,,,,,,,,,,,,,,,,,,,,,,,,,,,,,,,,,,90.69818782806396,False
1737650381.7761726,2025-01-23 17:39:41,OTHER,PAUSE,,,,,,,,,,,,,,,,,,,,,,,,,,,,,,,,,,,,,,,90.76219153404236,False
1737650381.833176,2025-01-23 17:39:41,OTHER,PAUSE,,,,,,,,,,,,,,,,,,,,,,,,,,,,,,,,,,,,,,,90.81919479370117,False
1737650381.8991795,2025-01-23 17:39:41,OTHER,PAUSE,,,,,,,,,,,,,,,,,,,,,,,,,,,,,,,,,,,,,,,90.88519835472107,False
1737650381.9841845,2025-01-23 17:39:41,OTHER,PAUSE,,,,,,,,,,,,,,,,,,,,,,,,,,,,,,,,,,,,,,,90.9702033996582,False
1737650382.0491881,2025-01-23 17:39:42,OTHER,PAUSE,,,,,,,,,,,,,,,,,,,,,,,,,,,,,,,,,,,,,,,91.03520703315735,False
1737650382.1221924,2025-01-23 17:39:42,OTHER,PAUSE,,,,,,,,,,,,,,,,,,,,,,,,,,,,,,,,,,,,,,,91.1082112789154,False
1737650382.1861959,2025-01-23 17:39:42,OTHER,PAUSE,,,,,,,,,,,,,,,,,,,,,,,,,,,,,,,,,,,,,,,91.17221474647522,False
1737650382.2612004,2025-01-23 17:39:42,OTHER,PAUSE,,,,,,,,,,,,,,,,,,,,,,,,,,,,,,,,,,,,,,,91.24721932411194,False
1737650382.327204,2025-01-23 17:39:42,OTHER,PAUSE,,,,,,,,,,,,,,,,,,,,,,,,,,,,,,,,,,,,,,,91.31322288513184,False
1737650382.3892076,2025-01-23 17:39:42,OTHER,PAUSE,,,,,,,,,,,,,,,,,,,,,,,,,,,,,,,,,,,,,,,91.37522649765015,False
1737650382.4572115,2025-01-23 17:39:42,OTHER,PAUSE,,,,,,,,,,,,,,,,,,,,,,,,,,,,,,,,,,,,,,,91.4432303905487,False
1737650382.519215,2025-01-23 17:39:42,OTHER,PAUSE,,,,,,,,,,,,,,,,,,,,,,,,,,,,,,,,,,,,,,,91.50523400306702,False
1737650382.5932193,2025-01-23 17:39:42,OTHER,PAUSE,,,,,,,,,,,,,,,,,,,,,,,,,,,,,,,,,,,,,,,91.57923817634583,False
1737650382.657223,2025-01-23 17:39:42,OTHER,PAUSE,,,,,,,,,,,,,,,,,,,,,,,,,,,,,,,,,,,,,,,91.64324188232422,False
1737650382.7232265,2025-01-23 17:39:42,OTHER,PAUSE,,,,,,,,,,,,,,,,,,,,,,,,,,,,,,,,,,,,,,,91.70924544334412,False
1737650382.78123,2025-01-23 17:39:42,OTHER,PAUSE,,,,,,,,,,,,,,,,,,,,,,,,,,,,,,,,,,,,,,,91.76724886894226,False
1737650382.8462338,2025-01-23 17:39:42,OTHER,PAUSE,,,,,,,,,,,,,,,,,,,,,,,,,,,,,,,,,,,,,,,91.83225274085999,False
1737650382.9002368,2025-01-23 17:39:42,OTHER,PAUSE,,,,,,,,,,,,,,,,,,,,,,,,,,,,,,,,,,,,,,,91.88625574111938,False
1737650382.9592402,2025-01-23 17:39:42,OTHER,PAUSE,,,,,,,,,,,,,,,,,,,,,,,,,,,,,,,,,,,,,,,91.94525909423828,False
1737650383.0202436,2025-01-23 17:39:43,OTHER,PAUSE,,,,,,,,,,,,,,,,,,,,,,,,,,,,,,,,,,,,,,,92.00626254081726,False
1737650383.1182492,2025-01-23 17:39:43,OTHER,PAUSE,,,,,,,,,,,,,,,,,,,,,,,,,,,,,,,,,,,,,,,92.10426807403564,False
1737650383.2032542,2025-01-23 17:39:43,OTHER,PAUSE,,,,,,,,,,,,,,,,,,,,,,,,,,,,,,,,,,,,,,,92.18927311897278,False
1737650383.2842588,2025-01-23 17:39:43,OTHER,PAUSE,,,,,,,,,,,,,,,,,,,,,,,,,,,,,,,,,,,,,,,92.27027773857117,False
1737650383.3682637,2025-01-23 17:39:43,OTHER,PAUSE,,,,,,,,,,,,,,,,,,,,,,,,,,,,,,,,,,,,,,,92.35428261756897,False
1737650383.4352677,2025-01-23 17:39:43,OTHER,PAUSE,,,,,,,,,,,,,,,,,,,,,,,,,,,,,,,,,,,,,,,92.42128658294678,False
1737650383.5102718,2025-01-23 17:39:43,OTHER,PAUSE,,,,,,,,,,,,,,,,,,,,,,,,,,,,,,,,,,,,,,,92.49629068374634,False
1737650383.5972767,2025-01-23 17:39:43,OTHER,PAUSE,,,,,,,,,,,,,,,,,,,,,,,,,,,,,,,,,,,,,,,92.58329558372498,False
1737650383.6902819,2025-01-23 17:39:43,OTHER,PAUSE,,,,,,,,,,,,,,,,,,,,,,,,,,,,,,,,,,,,,,,92.67630076408386,False
1737650383.7862875,2025-01-23 17:39:43,OTHER,PAUSE,,,,,,,,,,,,,,,,,,,,,,,,,,,,,,,,,,,,,,,92.77230644226074,False
1737650383.8642921,2025-01-23 17:39:43,OTHER,PAUSE,,,,,,,,,,,,,,,,,,,,,,,,,,,,,,,,,,,,,,,92.8503110408783,False
1737650383.9462967,2025-01-23 17:39:43,OTHER,PAUSE,,,,,,,,,,,,,,,,,,,,,,,,,,,,,,,,,,,,,,,92.93231558799744,False
1737650384.0173008,2025-01-23 17:39:44,OTHER,PAUSE,,,,,,,,,,,,,,,,,,,,,,,,,,,,,,,,,,,,,,,93.00331974029541,False
1737650384.0843046,2025-01-23 17:39:44,OTHER,PAUSE,,,,,,,,,,,,,,,,,,,,,,,,,,,,,,,,,,,,,,,93.07032346725464,False
1737650384.1443079,2025-01-23 17:39:44,OTHER,PAUSE,,,,,,,,,,,,,,,,,,,,,,,,,,,,,,,,,,,,,,,93.13032674789429,False
1737650384.2033114,2025-01-23 17:39:44,OTHER,PAUSE,,,,,,,,,,,,,,,,,,,,,,,,,,,,,,,,,,,,,,,93.18933033943176,False
1737650384.286316,2025-01-23 17:39:44,OTHER,PAUSE,,,,,,,,,,,,,,,,,,,,,,,,,,,,,,,,,,,,,,,93.27233481407166,False
1737650384.3483198,2025-01-23 17:39:44,OTHER,PAUSE,,,,,,,,,,,,,,,,,,,,,,,,,,,,,,,,,,,,,,,93.33433866500854,False
1737650384.4113233,2025-01-23 17:39:44,OTHER,PAUSE,,,,,,,,,,,,,,,,,,,,,,,,,,,,,,,,,,,,,,,93.39734220504761,False
1737650384.475327,2025-01-23 17:39:44,OTHER,PAUSE,,,,,,,,,,,,,,,,,,,,,,,,,,,,,,,,,,,,,,,93.461345911026,False
1737650384.546331,2025-01-23 17:39:44,OTHER,PAUSE,,,,,,,,,,,,,,,,,,,,,,,,,,,,,,,,,,,,,,,93.5323498249054,False
1737650384.6063344,2025-01-23 17:39:44,OTHER,PAUSE,,,,,,,,,,,,,,,,,,,,,,,,,,,,,,,,,,,,,,,93.59235334396362,False
1737650384.6733384,2025-01-23 17:39:44,OTHER,PAUSE,,,,,,,,,,,,,,,,,,,,,,,,,,,,,,,,,,,,,,,93.65935730934143,False
1737650384.7443423,2025-01-23 17:39:44,OTHER,PAUSE,,,,,,,,,,,,,,,,,,,,,,,,,,,,,,,,,,,,,,,93.73036122322083,False
1737650384.808346,2025-01-23 17:39:44,OTHER,PAUSE,,,,,,,,,,,,,,,,,,,,,,,,,,,,,,,,,,,,,,,93.79436492919922,False
1737650384.8903506,2025-01-23 17:39:44,OTHER,PAUSE,,,,,,,,,,,,,,,,,,,,,,,,,,,,,,,,,,,,,,,93.87636947631836,False
1737650384.9543543,2025-01-23 17:39:44,OTHER,PAUSE,,,,,,,,,,,,,,,,,,,,,,,,,,,,,,,,,,,,,,,93.94037318229675,False
1737650385.0253584,2025-01-23 17:39:45,OTHER,PAUSE,,,,,,,,,,,,,,,,,,,,,,,,,,,,,,,,,,,,,,,94.01137733459473,False
1737650385.0893621,2025-01-23 17:39:45,OTHER,PAUSE,,,,,,,,,,,,,,,,,,,,,,,,,,,,,,,,,,,,,,,94.07538104057312,False
1737650385.152366,2025-01-23 17:39:45,OTHER,PAUSE,,,,,,,,,,,,,,,,,,,,,,,,,,,,,,,,,,,,,,,94.13838481903076,False
1737650385.2183692,2025-01-23 17:39:45,OTHER,PAUSE,,,,,,,,,,,,,,,,,,,,,,,,,,,,,,,,,,,,,,,94.20438814163208,False
1737650385.2873733,2025-01-23 17:39:45,OTHER,PAUSE,,,,,,,,,,,,,,,,,,,,,,,,,,,,,,,,,,,,,,,94.27339220046997,False
1737650385.349377,2025-01-23 17:39:45,OTHER,PAUSE,,,,,,,,,,,,,,,,,,,,,,,,,,,,,,,,,,,,,,,94.33539581298828,False
1737650385.4283814,2025-01-23 17:39:45,OTHER,PAUSE,,,,,,,,,,,,,,,,,,,,,,,,,,,,,,,,,,,,,,,94.41440033912659,False
1737650385.5053859,2025-01-23 17:39:45,OTHER,PAUSE,,,,,,,,,,,,,,,,,,,,,,,,,,,,,,,,,,,,,,,94.49140477180481,False
1737650385.5723896,2025-01-23 17:39:45,OTHER,PAUSE,,,,,,,,,,,,,,,,,,,,,,,,,,,,,,,,,,,,,,,94.55840849876404,False
1737650385.6323931,2025-01-23 17:39:45,OTHER,PAUSE,,,,,,,,,,,,,,,,,,,,,,,,,,,,,,,,,,,,,,,94.61841201782227,False
1737650385.6943967,2025-01-23 17:39:45,OTHER,PAUSE,,,,,,,,,,,,,,,,,,,,,,,,,,,,,,,,,,,,,,,94.68041563034058,False
1737650385.7534,2025-01-23 17:39:45,OTHER,PAUSE,,,,,,,,,,,,,,,,,,,,,,,,,,,,,,,,,,,,,,,94.73941898345947,False
1737650385.8124034,2025-01-23 17:39:45,OTHER,PAUSE,,,,,,,,,,,,,,,,,,,,,,,,,,,,,,,,,,,,,,,94.79842233657837,False
1737650385.8884077,2025-01-23 17:39:45,OTHER,PAUSE,,,,,,,,,,,,,,,,,,,,,,,,,,,,,,,,,,,,,,,94.87442660331726,False
1737650385.9594116,2025-01-23 17:39:45,OTHER,PAUSE,,,,,,,,,,,,,,,,,,,,,,,,,,,,,,,,,,,,,,,94.94543051719666,False
1737650386.0404165,2025-01-23 17:39:46,OTHER,PAUSE,,,,,,,,,,,,,,,,,,,,,,,,,,,,,,,,,,,,,,,95.02643537521362,False
1737650386.1144207,2025-01-23 17:39:46,OTHER,PAUSE,,,,,,,,,,,,,,,,,,,,,,,,,,,,,,,,,,,,,,,95.10043954849243,False
1737650386.1694238,2025-01-23 17:39:46,OTHER,PAUSE,,,,,,,,,,,,,,,,,,,,,,,,,,,,,,,,,,,,,,,95.15544271469116,False
1737650386.243428,2025-01-23 17:39:46,OTHER,PAUSE,,,,,,,,,,,,,,,,,,,,,,,,,,,,,,,,,,,,,,,95.22944688796997,False
1737650386.3034315,2025-01-23 17:39:46,OTHER,PAUSE,,,,,,,,,,,,,,,,,,,,,,,,,,,,,,,,,,,,,,,95.2894504070282,False
1737650386.3654351,2025-01-23 17:39:46,OTHER,PAUSE,,,,,,,,,,,,,,,,,,,,,,,,,,,,,,,,,,,,,,,95.35145401954651,False
1737650386.4294388,2025-01-23 17:39:46,OTHER,PAUSE,,,,,,,,,,,,,,,,,,,,,,,,,,,,,,,,,,,,,,,95.4154577255249,False
1737650386.4954424,2025-01-23 17:39:46,OTHER,PAUSE,,,,,,,,,,,,,,,,,,,,,,,,,,,,,,,,,,,,,,,95.4814612865448,False
1737650386.578447,2025-01-23 17:39:46,OTHER,PAUSE,,,,,,,,,,,,,,,,,,,,,,,,,,,,,,,,,,,,,,,95.56446599960327,False
1737650386.6444511,2025-01-23 17:39:46,OTHER,PAUSE,,,,,,,,,,,,,,,,,,,,,,,,,,,,,,,,,,,,,,,95.63047003746033,False
1737650386.7104547,2025-01-23 17:39:46,OTHER,PAUSE,,,,,,,,,,,,,,,,,,,,,,,,,,,,,,,,,,,,,,,95.69647359848022,False
1737650386.7744584,2025-01-23 17:39:46,OTHER,PAUSE,,,,,,,,,,,,,,,,,,,,,,,,,,,,,,,,,,,,,,,95.76047730445862,False
1737650386.837462,2025-01-23 17:39:46,OTHER,PAUSE,,,,,,,,,,,,,,,,,,,,,,,,,,,,,,,,,,,,,,,95.82348084449768,False
1737650386.9014657,2025-01-23 17:39:46,OTHER,PAUSE,,,,,,,,,,,,,,,,,,,,,,,,,,,,,,,,,,,,,,,95.88748455047607,False
1737650386.962469,2025-01-23 17:39:46,OTHER,PAUSE,,,,,,,,,,,,,,,,,,,,,,,,,,,,,,,,,,,,,,,95.94848799705505,False
1737650387.0254729,2025-01-23 17:39:47,OTHER,PAUSE,,,,,,,,,,,,,,,,,,,,,,,,,,,,,,,,,,,,,,,96.0114917755127,False
1737650387.0924766,2025-01-23 17:39:47,OTHER,PAUSE,,,,,,,,,,,,,,,,,,,,,,,,,,,,,,,,,,,,,,,96.07849550247192,False
1737650387.1574805,2025-01-23 17:39:47,OTHER,PAUSE,,,,,,,,,,,,,,,,,,,,,,,,,,,,,,,,,,,,,,,96.14349937438965,False
1737650387.2244842,2025-01-23 17:39:47,OTHER,PAUSE,,,,,,,,,,,,,,,,,,,,,,,,,,,,,,,,,,,,,,,96.21050310134888,False
1737650387.2994885,2025-01-23 17:39:47,OTHER,PAUSE,,,,,,,,,,,,,,,,,,,,,,,,,,,,,,,,,,,,,,,96.28550744056702,False
1737650387.365492,2025-01-23 17:39:47,OTHER,PAUSE,,,,,,,,,,,,,,,,,,,,,,,,,,,,,,,,,,,,,,,96.35151100158691,False
1737650387.4234958,2025-01-23 17:39:47,OTHER,PAUSE,,,,,,,,,,,,,,,,,,,,,,,,,,,,,,,,,,,,,,,96.40951466560364,False
1737650387.4864993,2025-01-23 17:39:47,OTHER,PAUSE,,,,,,,,,,,,,,,,,,,,,,,,,,,,,,,,,,,,,,,96.4725182056427,False
1737650387.553503,2025-01-23 17:39:47,OTHER,PAUSE,,,,,,,,,,,,,,,,,,,,,,,,,,,,,,,,,,,,,,,96.53952193260193,False
1737650387.6195066,2025-01-23 17:39:47,OTHER,PAUSE,,,,,,,,,,,,,,,,,,,,,,,,,,,,,,,,,,,,,,,96.60552549362183,False
1737650387.6875107,2025-01-23 17:39:47,OTHER,PAUSE,,,,,,,,,,,,,,,,,,,,,,,,,,,,,,,,,,,,,,,96.67352962493896,False
1737650387.7535145,2025-01-23 17:39:47,OTHER,PAUSE,,,,,,,,,,,,,,,,,,,,,,,,,,,,,,,,,,,,,,,96.73953342437744,False
1737650387.8185182,2025-01-23 17:39:47,OTHER,PAUSE,,,,,,,,,,,,,,,,,,,,,,,,,,,,,,,,,,,,,,,96.80453705787659,False
1737650387.884522,2025-01-23 17:39:47,OTHER,PAUSE,,,,,,,,,,,,,,,,,,,,,,,,,,,,,,,,,,,,,,,96.87054085731506,False
1737650387.951526,2025-01-23 17:39:47,OTHER,PAUSE,,,,,,,,,,,,,,,,,,,,,,,,,,,,,,,,,,,,,,,96.93754482269287,False
1737650388.0135293,2025-01-23 17:39:48,OTHER,PAUSE,,,,,,,,,,,,,,,,,,,,,,,,,,,,,,,,,,,,,,,96.9995481967926,False
1737650388.0815332,2025-01-23 17:39:48,OTHER,PAUSE,,,,,,,,,,,,,,,,,,,,,,,,,,,,,,,,,,,,,,,97.06755208969116,False
1737650388.1515372,2025-01-23 17:39:48,OTHER,PAUSE,,,,,,,,,,,,,,,,,,,,,,,,,,,,,,,,,,,,,,,97.1375560760498,False
1737650388.2165408,2025-01-23 17:39:48,OTHER,PAUSE,,,,,,,,,,,,,,,,,,,,,,,,,,,,,,,,,,,,,,,97.20255970954895,False
1737650388.304546,2025-01-23 17:39:48,OTHER,PAUSE,,,,,,,,,,,,,,,,,,,,,,,,,,,,,,,,,,,,,,,97.2905650138855,False
1737650388.3715496,2025-01-23 17:39:48,OTHER,PAUSE,,,,,,,,,,,,,,,,,,,,,,,,,,,,,,,,,,,,,,,97.35756850242615,False
1737650388.4425538,2025-01-23 17:39:48,OTHER,PAUSE,,,,,,,,,,,,,,,,,,,,,,,,,,,,,,,,,,,,,,,97.42857265472412,False
1737650388.5085576,2025-01-23 17:39:48,OTHER,PAUSE,,,,,,,,,,,,,,,,,,,,,,,,,,,,,,,,,,,,,,,97.4945764541626,False
1737650388.5725615,2025-01-23 17:39:48,OTHER,PAUSE,,,,,,,,,,,,,,,,,,,,,,,,,,,,,,,,,,,,,,,97.55858039855957,False
1737650388.639565,2025-01-23 17:39:48,OTHER,PAUSE,,,,,,,,,,,,,,,,,,,,,,,,,,,,,,,,,,,,,,,97.62558388710022,False
1737650388.706569,2025-01-23 17:39:48,OTHER,PAUSE,,,,,,,,,,,,,,,,,,,,,,,,,,,,,,,,,,,,,,,97.69258785247803,False
1737650388.7645724,2025-01-23 17:39:48,OTHER,PAUSE,,,,,,,,,,,,,,,,,,,,,,,,,,,,,,,,,,,,,,,97.75059127807617,False
1737650388.8225756,2025-01-23 17:39:48,OTHER,PAUSE,,,,,,,,,,,,,,,,,,,,,,,,,,,,,,,,,,,,,,,97.80859446525574,False
1737650388.9005802,2025-01-23 17:39:48,OTHER,PAUSE,,,,,,,,,,,,,,,,,,,,,,,,,,,,,,,,,,,,,,,97.88659906387329,False
1737650388.9605834,2025-01-23 17:39:48,OTHER,PAUSE,,,,,,,,,,,,,,,,,,,,,,,,,,,,,,,,,,,,,,,97.94660234451294,False
1737650389.0315876,2025-01-23 17:39:49,OTHER,PAUSE,,,,,,,,,,,,,,,,,,,,,,,,,,,,,,,,,,,,,,,98.01760649681091,False
1737650389.0965915,2025-01-23 17:39:49,OTHER,PAUSE,,,,,,,,,,,,,,,,,,,,,,,,,,,,,,,,,,,,,,,98.08261036872864,False
1737650389.159595,2025-01-23 17:39:49,OTHER,PAUSE,,,,,,,,,,,,,,,,,,,,,,,,,,,,,,,,,,,,,,,98.1456139087677,False
1737650389.227599,2025-01-23 17:39:49,OTHER,PAUSE,,,,,,,,,,,,,,,,,,,,,,,,,,,,,,,,,,,,,,,98.21361780166626,False
1737650389.2906024,2025-01-23 17:39:49,OTHER,PAUSE,,,,,,,,,,,,,,,,,,,,,,,,,,,,,,,,,,,,,,,98.27662134170532,False
1737650389.3656065,2025-01-23 17:39:49,OTHER,PAUSE,,,,,,,,,,,,,,,,,,,,,,,,,,,,,,,,,,,,,,,98.35162544250488,False
1737650389.4336104,2025-01-23 17:39:49,OTHER,PAUSE,,,,,,,,,,,,,,,,,,,,,,,,,,,,,,,,,,,,,,,98.41962933540344,False
1737650389.511615,2025-01-23 17:39:49,OTHER,PAUSE,,,,,,,,,,,,,,,,,,,,,,,,,,,,,,,,,,,,,,,98.497633934021,False
1737650389.5746186,2025-01-23 17:39:49,OTHER,PAUSE,,,,,,,,,,,,,,,,,,,,,,,,,,,,,,,,,,,,,,,98.56063747406006,False
1737650389.6416225,2025-01-23 17:39:49,OTHER,PAUSE,,,,,,,,,,,,,,,,,,,,,,,,,,,,,,,,,,,,,,,98.62764143943787,False
1737650389.7066264,2025-01-23 17:39:49,OTHER,PAUSE,,,,,,,,,,,,,,,,,,,,,,,,,,,,,,,,,,,,,,,98.69264531135559,False
1737650389.77063,2025-01-23 17:39:49,OTHER,PAUSE,,,,,,,,,,,,,,,,,,,,,,,,,,,,,,,,,,,,,,,98.7566487789154,False
1737650389.8326333,2025-01-23 17:39:49,OTHER,PAUSE,,,,,,,,,,,,,,,,,,,,,,,,,,,,,,,,,,,,,,,98.81865215301514,False
1737650389.909638,2025-01-23 17:39:49,OTHER,PAUSE,,,,,,,,,,,,,,,,,,,,,,,,,,,,,,,,,,,,,,,98.89565682411194,False
1737650389.9766417,2025-01-23 17:39:49,OTHER,PAUSE,,,,,,,,,,,,,,,,,,,,,,,,,,,,,,,,,,,,,,,98.96266055107117,False
1737650390.053646,2025-01-23 17:39:50,OTHER,PAUSE,,,,,,,,,,,,,,,,,,,,,,,,,,,,,,,,,,,,,,,99.03966498374939,False
1737650390.11965,2025-01-23 17:39:50,OTHER,PAUSE,,,,,,,,,,,,,,,,,,,,,,,,,,,,,,,,,,,,,,,99.10566878318787,False
1737650390.1886537,2025-01-23 17:39:50,OTHER,PAUSE,,,,,,,,,,,,,,,,,,,,,,,,,,,,,,,,,,,,,,,99.17467260360718,False
1737650390.2516572,2025-01-23 17:39:50,OTHER,PAUSE,,,,,,,,,,,,,,,,,,,,,,,,,,,,,,,,,,,,,,,99.23767614364624,False
1737650390.3146608,2025-01-23 17:39:50,OTHER,PAUSE,,,,,,,,,,,,,,,,,,,,,,,,,,,,,,,,,,,,,,,99.3006796836853,False
1737650390.3836648,2025-01-23 17:39:50,OTHER,PAUSE,,,,,,,,,,,,,,,,,,,,,,,,,,,,,,,,,,,,,,,99.3696837425232,False
1737650390.4476686,2025-01-23 17:39:50,OTHER,PAUSE,,,,,,,,,,,,,,,,,,,,,,,,,,,,,,,,,,,,,,,99.43368744850159,False
1737650390.5146723,2025-01-23 17:39:50,OTHER,PAUSE,,,,,,,,,,,,,,,,,,,,,,,,,,,,,,,,,,,,,,,99.50069117546082,False
1737650390.5826762,2025-01-23 17:39:50,OTHER,PAUSE,,,,,,,,,,,,,,,,,,,,,,,,,,,,,,,,,,,,,,,99.56869506835938,False
1737650390.6556804,2025-01-23 17:39:50,OTHER,PAUSE,,,,,,,,,,,,,,,,,,,,,,,,,,,,,,,,,,,,,,,99.64169931411743,False
1737650390.7226844,2025-01-23 17:39:50,OTHER,PAUSE,,,,,,,,,,,,,,,,,,,,,,,,,,,,,,,,,,,,,,,99.70870327949524,False
1737650390.7836876,2025-01-23 17:39:50,OTHER,PAUSE,,,,,,,,,,,,,,,,,,,,,,,,,,,,,,,,,,,,,,,99.76970648765564,False
1737650390.8476915,2025-01-23 17:39:50,OTHER,PAUSE,,,,,,,,,,,,,,,,,,,,,,,,,,,,,,,,,,,,,,,99.83371043205261,False
1737650390.909695,2025-01-23 17:39:50,OTHER,PAUSE,,,,,,,,,,,,,,,,,,,,,,,,,,,,,,,,,,,,,,,99.89571380615234,False
1737650390.9756987,2025-01-23 17:39:50,OTHER,PAUSE,,,,,,,,,,,,,,,,,,,,,,,,,,,,,,,,,,,,,,,99.96171760559082,False
1737650391.0417025,2025-01-23 17:39:51,OTHER,PAUSE,,,,,,,,,,,,,,,,,,,,,,,,,,,,,,,,,,,,,,,100.0277214050293,False
1737650391.1037061,2025-01-23 17:39:51,OTHER,PAUSE,,,,,,,,,,,,,,,,,,,,,,,,,,,,,,,,,,,,,,,100.08972501754761,False
1737650391.1847107,2025-01-23 17:39:51,OTHER,PAUSE,,,,,,,,,,,,,,,,,,,,,,,,,,,,,,,,,,,,,,,100.170729637146,False
1737650391.257715,2025-01-23 17:39:51,OTHER,PAUSE,,,,,,,,,,,,,,,,,,,,,,,,,,,,,,,,,,,,,,,100.24373388290405,False
1737650391.3317192,2025-01-23 17:39:51,OTHER,PAUSE,,,,,,,,,,,,,,,,,,,,,,,,,,,,,,,,,,,,,,,100.31773805618286,False
1737650391.397723,2025-01-23 17:39:51,OTHER,PAUSE,,,,,,,,,,,,,,,,,,,,,,,,,,,,,,,,,,,,,,,100.38374185562134,False
1737650391.4577262,2025-01-23 17:39:51,OTHER,PAUSE,,,,,,,,,,,,,,,,,,,,,,,,,,,,,,,,,,,,,,,100.44374513626099,False
1737650391.5247302,2025-01-23 17:39:51,OTHER,PAUSE,,,,,,,,,,,,,,,,,,,,,,,,,,,,,,,,,,,,,,,100.5107491016388,False
1737650391.5867338,2025-01-23 17:39:51,OTHER,PAUSE,,,,,,,,,,,,,,,,,,,,,,,,,,,,,,,,,,,,,,,100.5727527141571,False
1737650391.6527376,2025-01-23 17:39:51,OTHER,PAUSE,,,,,,,,,,,,,,,,,,,,,,,,,,,,,,,,,,,,,,,100.63875651359558,False
1737650391.713741,2025-01-23 17:39:51,OTHER,PAUSE,,,,,,,,,,,,,,,,,,,,,,,,,,,,,,,,,,,,,,,100.69975996017456,False
1737650391.7937455,2025-01-23 17:39:51,OTHER,PAUSE,,,,,,,,,,,,,,,,,,,,,,,,,,,,,,,,,,,,,,,100.77976441383362,False
1737650391.8587492,2025-01-23 17:39:51,OTHER,PAUSE,,,,,,,,,,,,,,,,,,,,,,,,,,,,,,,,,,,,,,,100.84476804733276,False
1737650391.922753,2025-01-23 17:39:51,OTHER,PAUSE,,,,,,,,,,,,,,,,,,,,,,,,,,,,,,,,,,,,,,,100.90877199172974,False
1737650391.996757,2025-01-23 17:39:51,OTHER,PAUSE,,,,,,,,,,,,,,,,,,,,,,,,,,,,,,,,,,,,,,,100.98277592658997,False
1737650392.0747616,2025-01-23 17:39:52,OTHER,PAUSE,,,,,,,,,,,,,,,,,,,,,,,,,,,,,,,,,,,,,,,101.06078052520752,False
1737650392.1407654,2025-01-23 17:39:52,OTHER,PAUSE,,,,,,,,,,,,,,,,,,,,,,,,,,,,,,,,,,,,,,,101.126784324646,False
1737650392.2017689,2025-01-23 17:39:52,OTHER,PAUSE,,,,,,,,,,,,,,,,,,,,,,,,,,,,,,,,,,,,,,,101.18778777122498,False
1737650392.2677727,2025-01-23 17:39:52,OTHER,PAUSE,,,,,,,,,,,,,,,,,,,,,,,,,,,,,,,,,,,,,,,101.25379157066345,False
1737650392.3497775,2025-01-23 17:39:52,OTHER,PAUSE,,,,,,,,,,,,,,,,,,,,,,,,,,,,,,,,,,,,,,,101.33579635620117,False
1737650392.4267817,2025-01-23 17:39:52,OTHER,PAUSE,,,,,,,,,,,,,,,,,,,,,,,,,,,,,,,,,,,,,,,101.41280055046082,False
1737650392.4917855,2025-01-23 17:39:52,OTHER,PAUSE,,,,,,,,,,,,,,,,,,,,,,,,,,,,,,,,,,,,,,,101.47780442237854,False
1737650392.552789,2025-01-23 17:39:52,OTHER,PAUSE,,,,,,,,,,,,,,,,,,,,,,,,,,,,,,,,,,,,,,,101.53880786895752,False
1737650392.6177928,2025-01-23 17:39:52,OTHER,PAUSE,,,,,,,,,,,,,,,,,,,,,,,,,,,,,,,,,,,,,,,101.60381174087524,False
1737650392.6907969,2025-01-23 17:39:52,OTHER,PAUSE,,,,,,,,,,,,,,,,,,,,,,,,,,,,,,,,,,,,,,,101.67681574821472,False
1737650392.7518003,2025-01-23 17:39:52,OTHER,PAUSE,,,,,,,,,,,,,,,,,,,,,,,,,,,,,,,,,,,,,,,101.7378191947937,False
1737650392.8268044,2025-01-23 17:39:52,OTHER,PAUSE,,,,,,,,,,,,,,,,,,,,,,,,,,,,,,,,,,,,,,,101.81282329559326,False
1737650392.9108093,2025-01-23 17:39:52,OTHER,PAUSE,,,,,,,,,,,,,,,,,,,,,,,,,,,,,,,,,,,,,,,101.89682817459106,False
1737650392.990814,2025-01-23 17:39:52,OTHER,PAUSE,,,,,,,,,,,,,,,,,,,,,,,,,,,,,,,,,,,,,,,101.9768328666687,False
1737650393.057818,2025-01-23 17:39:53,OTHER,PAUSE,,,,,,,,,,,,,,,,,,,,,,,,,,,,,,,,,,,,,,,102.04383683204651,False
1737650393.126822,2025-01-23 17:39:53,OTHER,PAUSE,,,,,,,,,,,,,,,,,,,,,,,,,,,,,,,,,,,,,,,102.1128408908844,False
1737650393.1968257,2025-01-23 17:39:53,OTHER,PAUSE,,,,,,,,,,,,,,,,,,,,,,,,,,,,,,,,,,,,,,,102.18284463882446,False
1737650393.2638295,2025-01-23 17:39:53,OTHER,PAUSE,,,,,,,,,,,,,,,,,,,,,,,,,,,,,,,,,,,,,,,102.24984836578369,False
1737650393.323833,2025-01-23 17:39:53,OTHER,PAUSE,,,,,,,,,,,,,,,,,,,,,,,,,,,,,,,,,,,,,,,102.30985188484192,False
1737650393.3848367,2025-01-23 17:39:53,OTHER,PAUSE,,,,,,,,,,,,,,,,,,,,,,,,,,,,,,,,,,,,,,,102.37085556983948,False
1737650393.466841,2025-01-23 17:39:53,OTHER,PAUSE,,,,,,,,,,,,,,,,,,,,,,,,,,,,,,,,,,,,,,,102.45285987854004,False
1737650393.532845,2025-01-23 17:39:53,OTHER,PAUSE,,,,,,,,,,,,,,,,,,,,,,,,,,,,,,,,,,,,,,,102.5188639163971,False
1737650393.5948484,2025-01-23 17:39:53,OTHER,PAUSE,,,,,,,,,,,,,,,,,,,,,,,,,,,,,,,,,,,,,,,102.58086729049683,False
1737650393.658852,2025-01-23 17:39:53,OTHER,PAUSE,,,,,,,,,,,,,,,,,,,,,,,,,,,,,,,,,,,,,,,102.64487099647522,False
1737650393.723856,2025-01-23 17:39:53,OTHER,PAUSE,,,,,,,,,,,,,,,,,,,,,,,,,,,,,,,,,,,,,,,102.70987486839294,False
1737650393.7898595,2025-01-23 17:39:53,OTHER,PAUSE,,,,,,,,,,,,,,,,,,,,,,,,,,,,,,,,,,,,,,,102.77587842941284,False
1737650393.8548634,2025-01-23 17:39:53,OTHER,PAUSE,,,,,,,,,,,,,,,,,,,,,,,,,,,,,,,,,,,,,,,102.84088230133057,False
1737650393.9138668,2025-01-23 17:39:53,OTHER,PAUSE,,,,,,,,,,,,,,,,,,,,,,,,,,,,,,,,,,,,,,,102.89988565444946,False
1737650393.9748702,2025-01-23 17:39:53,OTHER,PAUSE,,,,,,,,,,,,,,,,,,,,,,,,,,,,,,,,,,,,,,,102.96088910102844,False
1737650394.0518749,2025-01-23 17:39:54,OTHER,PAUSE,,,,,,,,,,,,,,,,,,,,,,,,,,,,,,,,,,,,,,,103.03789377212524,False
1737650394.1158783,2025-01-23 17:39:54,OTHER,PAUSE,,,,,,,,,,,,,,,,,,,,,,,,,,,,,,,,,,,,,,,103.10189723968506,False
1737650394.1848822,2025-01-23 17:39:54,OTHER,PAUSE,,,,,,,,,,,,,,,,,,,,,,,,,,,,,,,,,,,,,,,103.17090106010437,False
1737650394.248886,2025-01-23 17:39:54,OTHER,PAUSE,,,,,,,,,,,,,,,,,,,,,,,,,,,,,,,,,,,,,,,103.23490500450134,False
1737650394.3098893,2025-01-23 17:39:54,OTHER,PAUSE,,,,,,,,,,,,,,,,,,,,,,,,,,,,,,,,,,,,,,,103.29590821266174,False
1737650394.3778934,2025-01-23 17:39:54,OTHER,PAUSE,,,,,,,,,,,,,,,,,,,,,,,,,,,,,,,,,,,,,,,103.36391234397888,False
1737650394.442897,2025-01-23 17:39:54,OTHER,PAUSE,,,,,,,,,,,,,,,,,,,,,,,,,,,,,,,,,,,,,,,103.42891597747803,False
1737650394.5189016,2025-01-23 17:39:54,OTHER,PAUSE,,,,,,,,,,,,,,,,,,,,,,,,,,,,,,,,,,,,,,,103.5049204826355,False
1737650394.600906,2025-01-23 17:39:54,OTHER,PAUSE,,,,,,,,,,,,,,,,,,,,,,,,,,,,,,,,,,,,,,,103.58692479133606,False
1737650394.67191,2025-01-23 17:39:54,OTHER,PAUSE,,,,,,,,,,,,,,,,,,,,,,,,,,,,,,,,,,,,,,,103.65792894363403,False
1737650394.7339137,2025-01-23 17:39:54,OTHER,PAUSE,,,,,,,,,,,,,,,,,,,,,,,,,,,,,,,,,,,,,,,103.71993255615234,False
1737650394.8029177,2025-01-23 17:39:54,OTHER,PAUSE,,,,,,,,,,,,,,,,,,,,,,,,,,,,,,,,,,,,,,,103.78893661499023,False
1737650394.8659213,2025-01-23 17:39:54,OTHER,PAUSE,,,,,,,,,,,,,,,,,,,,,,,,,,,,,,,,,,,,,,,103.8519401550293,False
1737650394.9359252,2025-01-23 17:39:54,OTHER,PAUSE,,,,,,,,,,,,,,,,,,,,,,,,,,,,,,,,,,,,,,,103.92194414138794,False
1737650395.0069294,2025-01-23 17:39:55,OTHER,PAUSE,,,,,,,,,,,,,,,,,,,,,,,,,,,,,,,,,,,,,,,103.99294829368591,False
1737650395.071933,2025-01-23 17:39:55,OTHER,PAUSE,,,,,,,,,,,,,,,,,,,,,,,,,,,,,,,,,,,,,,,104.05795192718506,False
1737650395.1649384,2025-01-23 17:39:55,OTHER,PAUSE,,,,,,,,,,,,,,,,,,,,,,,,,,,,,,,,,,,,,,,104.15095734596252,False
1737650395.2289422,2025-01-23 17:39:55,OTHER,PAUSE,,,,,,,,,,,,,,,,,,,,,,,,,,,,,,,,,,,,,,,104.21496105194092,False
1737650395.2949457,2025-01-23 17:39:55,OTHER,PAUSE,,,,,,,,,,,,,,,,,,,,,,,,,,,,,,,,,,,,,,,104.28096461296082,False
1737650395.3569493,2025-01-23 17:39:55,OTHER,PAUSE,,,,,,,,,,,,,,,,,,,,,,,,,,,,,,,,,,,,,,,104.34296822547913,False
1737650395.423953,2025-01-23 17:39:55,OTHER,PAUSE,,,,,,,,,,,,,,,,,,,,,,,,,,,,,,,,,,,,,,,104.40997195243835,False
1737650395.4949572,2025-01-23 17:39:55,OTHER,PAUSE,,,,,,,,,,,,,,,,,,,,,,,,,,,,,,,,,,,,,,,104.48097610473633,False
1737650395.5709617,2025-01-23 17:39:55,OTHER,PAUSE,,,,,,,,,,,,,,,,,,,,,,,,,,,,,,,,,,,,,,,104.5569806098938,False
1737650395.649966,2025-01-23 17:39:55,OTHER,PAUSE,,,,,,,,,,,,,,,,,,,,,,,,,,,,,,,,,,,,,,,104.63598489761353,False
1737650395.7259705,2025-01-23 17:39:55,OTHER,PAUSE,,,,,,,,,,,,,,,,,,,,,,,,,,,,,,,,,,,,,,,104.711989402771,False
1737650395.7969747,2025-01-23 17:39:55,OTHER,PAUSE,,,,,,,,,,,,,,,,,,,,,,,,,,,,,,,,,,,,,,,104.78299355506897,False
1737650395.855978,2025-01-23 17:39:55,OTHER,PAUSE,,,,,,,,,,,,,,,,,,,,,,,,,,,,,,,,,,,,,,,104.84199690818787,False
1737650395.9169815,2025-01-23 17:39:55,OTHER,PAUSE,,,,,,,,,,,,,,,,,,,,,,,,,,,,,,,,,,,,,,,104.90300035476685,False
1737650395.9909856,2025-01-23 17:39:55,OTHER,PAUSE,,,,,,,,,,,,,,,,,,,,,,,,,,,,,,,,,,,,,,,104.97700452804565,False
1737650396.0549893,2025-01-23 17:39:56,OTHER,PAUSE,,,,,,,,,,,,,,,,,,,,,,,,,,,,,,,,,,,,,,,105.04100823402405,False
1737650396.119993,2025-01-23 17:39:56,OTHER,PAUSE,,,,,,,,,,,,,,,,,,,,,,,,,,,,,,,,,,,,,,,105.1060118675232,False
1737650396.1849966,2025-01-23 17:39:56,OTHER,PAUSE,,,,,,,,,,,,,,,,,,,,,,,,,,,,,,,,,,,,,,,105.17101550102234,False
1737650396.2670014,2025-01-23 17:39:56,OTHER,PAUSE,,,,,,,,,,,,,,,,,,,,,,,,,,,,,,,,,,,,,,,105.25302028656006,False
1737650396.3330054,2025-01-23 17:39:56,OTHER,PAUSE,,,,,,,,,,,,,,,,,,,,,,,,,,,,,,,,,,,,,,,105.31902432441711,False
1737650396.4080095,2025-01-23 17:39:56,OTHER,PAUSE,,,,,,,,,,,,,,,,,,,,,,,,,,,,,,,,,,,,,,,105.39402842521667,False
1737650396.470013,2025-01-23 17:39:56,OTHER,PAUSE,,,,,,,,,,,,,,,,,,,,,,,,,,,,,,,,,,,,,,,105.4560317993164,False
1737650396.5350168,2025-01-23 17:39:56,OTHER,PAUSE,,,,,,,,,,,,,,,,,,,,,,,,,,,,,,,,,,,,,,,105.52103567123413,False
1737650396.6150212,2025-01-23 17:39:56,OTHER,PAUSE,,,,,,,,,,,,,,,,,,,,,,,,,,,,,,,,,,,,,,,105.60104012489319,False
1737650396.681025,2025-01-23 17:39:56,OTHER,PAUSE,,,,,,,,,,,,,,,,,,,,,,,,,,,,,,,,,,,,,,,105.66704392433167,False
1737650396.7490292,2025-01-23 17:39:56,OTHER,PAUSE,,,,,,,,,,,,,,,,,,,,,,,,,,,,,,,,,,,,,,,105.7350480556488,False
1737650396.8190331,2025-01-23 17:39:56,OTHER,PAUSE,,,,,,,,,,,,,,,,,,,,,,,,,,,,,,,,,,,,,,,105.80505204200745,False
1737650396.9120383,2025-01-23 17:39:56,OTHER,PAUSE,,,,,,,,,,,,,,,,,,,,,,,,,,,,,,,,,,,,,,,105.89805722236633,False
1737650396.976042,2025-01-23 17:39:56,OTHER,PAUSE,,,,,,,,,,,,,,,,,,,,,,,,,,,,,,,,,,,,,,,105.96206092834473,False
1737650397.043046,2025-01-23 17:39:57,OTHER,PAUSE,,,,,,,,,,,,,,,,,,,,,,,,,,,,,,,,,,,,,,,106.02906489372253,False
1737650397.11605,2025-01-23 17:39:57,OTHER,PAUSE,,,,,,,,,,,,,,,,,,,,,,,,,,,,,,,,,,,,,,,106.10206890106201,False
1737650397.1750534,2025-01-23 17:39:57,OTHER,PAUSE,,,,,,,,,,,,,,,,,,,,,,,,,,,,,,,,,,,,,,,106.16107225418091,False
1737650397.2420573,2025-01-23 17:39:57,OTHER,PAUSE,,,,,,,,,,,,,,,,,,,,,,,,,,,,,,,,,,,,,,,106.22807621955872,False
1737650397.3020606,2025-01-23 17:39:57,OTHER,PAUSE,,,,,,,,,,,,,,,,,,,,,,,,,,,,,,,,,,,,,,,106.28807950019836,False
1737650397.3840654,2025-01-23 17:39:57,OTHER,PAUSE,,,,,,,,,,,,,,,,,,,,,,,,,,,,,,,,,,,,,,,106.37008428573608,False
1737650397.455069,2025-01-23 17:39:57,OTHER,PAUSE,,,,,,,,,,,,,,,,,,,,,,,,,,,,,,,,,,,,,,,106.4410879611969,False
1737650397.5250733,2025-01-23 17:39:57,OTHER,PAUSE,,,,,,,,,,,,,,,,,,,,,,,,,,,,,,,,,,,,,,,106.51109218597412,False
1737650397.6010778,2025-01-23 17:39:57,OTHER,PAUSE,,,,,,,,,,,,,,,,,,,,,,,,,,,,,,,,,,,,,,,106.58709669113159,False
1737650397.6710818,2025-01-23 17:39:57,OTHER,PAUSE,,,,,,,,,,,,,,,,,,,,,,,,,,,,,,,,,,,,,,,106.65710067749023,False
1737650397.7360854,2025-01-23 17:39:57,OTHER,PAUSE,,,,,,,,,,,,,,,,,,,,,,,,,,,,,,,,,,,,,,,106.72210431098938,False
1737650397.8070893,2025-01-23 17:39:57,OTHER,PAUSE,,,,,,,,,,,,,,,,,,,,,,,,,,,,,,,,,,,,,,,106.79310822486877,False
1737650397.8690932,2025-01-23 17:39:57,OTHER,PAUSE,,,,,,,,,,,,,,,,,,,,,,,,,,,,,,,,,,,,,,,106.85511207580566,False
1737650397.952098,2025-01-23 17:39:57,OTHER,PAUSE,,,,,,,,,,,,,,,,,,,,,,,,,,,,,,,,,,,,,,,106.93811678886414,False
1737650398.0161014,2025-01-23 17:39:58,OTHER,PAUSE,,,,,,,,,,,,,,,,,,,,,,,,,,,,,,,,,,,,,,,107.00212025642395,False
1737650398.0851054,2025-01-23 17:39:58,OTHER,PAUSE,,,,,,,,,,,,,,,,,,,,,,,,,,,,,,,,,,,,,,,107.07112431526184,False
1737650398.149109,2025-01-23 17:39:58,OTHER,PAUSE,,,,,,,,,,,,,,,,,,,,,,,,,,,,,,,,,,,,,,,107.13512778282166,False
1737650398.2111127,2025-01-23 17:39:58,OTHER,PAUSE,,,,,,,,,,,,,,,,,,,,,,,,,,,,,,,,,,,,,,,107.19713163375854,False
1737650398.2801166,2025-01-23 17:39:58,OTHER,PAUSE,,,,,,,,,,,,,,,,,,,,,,,,,,,,,,,,,,,,,,,107.26613545417786,False
1737650398.34012,2025-01-23 17:39:58,OTHER,PAUSE,,,,,,,,,,,,,,,,,,,,,,,,,,,,,,,,,,,,,,,107.32613897323608,False
1737650398.4011235,2025-01-23 17:39:58,OTHER,PAUSE,,,,,,,,,,,,,,,,,,,,,,,,,,,,,,,,,,,,,,,107.38714241981506,False
1737650398.4761279,2025-01-23 17:39:58,OTHER,PAUSE,,,,,,,,,,,,,,,,,,,,,,,,,,,,,,,,,,,,,,,107.4621467590332,False
1737650398.5571322,2025-01-23 17:39:58,OTHER,PAUSE,,,,,,,,,,,,,,,,,,,,,,,,,,,,,,,,,,,,,,,107.54315114021301,False
1737650398.6291363,2025-01-23 17:39:58,OTHER,PAUSE,,,,,,,,,,,,,,,,,,,,,,,,,,,,,,,,,,,,,,,107.61515522003174,False
1737650398.6911402,2025-01-23 17:39:58,OTHER,PAUSE,,,,,,,,,,,,,,,,,,,,,,,,,,,,,,,,,,,,,,,107.67715907096863,False
1737650398.7541435,2025-01-23 17:39:58,OTHER,PAUSE,,,,,,,,,,,,,,,,,,,,,,,,,,,,,,,,,,,,,,,107.74016237258911,False
1737650398.828148,2025-01-23 17:39:58,OTHER,PAUSE,,,,,,,,,,,,,,,,,,,,,,,,,,,,,,,,,,,,,,,107.8141667842865,False
1737650398.8881514,2025-01-23 17:39:58,OTHER,PAUSE,,,,,,,,,,,,,,,,,,,,,,,,,,,,,,,,,,,,,,,107.87417030334473,False
1737650398.9681559,2025-01-23 17:39:58,OTHER,PAUSE,,,,,,,,,,,,,,,,,,,,,,,,,,,,,,,,,,,,,,,107.95417475700378,False
1737650399.0691617,2025-01-23 17:39:59,OTHER,PAUSE,,,,,,,,,,,,,,,,,,,,,,,,,,,,,,,,,,,,,,,108.05518054962158,False
1737650399.160167,2025-01-23 17:39:59,OTHER,PAUSE,,,,,,,,,,,,,,,,,,,,,,,,,,,,,,,,,,,,,,,108.14618587493896,False
1737650399.2561722,2025-01-23 17:39:59,OTHER,PAUSE,,,,,,,,,,,,,,,,,,,,,,,,,,,,,,,,,,,,,,,108.24219107627869,False
1737650399.3281765,2025-01-23 17:39:59,OTHER,PAUSE,,,,,,,,,,,,,,,,,,,,,,,,,,,,,,,,,,,,,,,108.31419539451599,False
1737650399.4111812,2025-01-23 17:39:59,OTHER,PAUSE,,,,,,,,,,,,,,,,,,,,,,,,,,,,,,,,,,,,,,,108.39720010757446,False
1737650399.4951859,2025-01-23 17:39:59,OTHER,PAUSE,,,,,,,,,,,,,,,,,,,,,,,,,,,,,,,,,,,,,,,108.48120474815369,False
1737650399.5861912,2025-01-23 17:39:59,OTHER,PAUSE,,,,,,,,,,,,,,,,,,,,,,,,,,,,,,,,,,,,,,,108.57221007347107,False
1737650399.704198,2025-01-23 17:39:59,OTHER,PAUSE,,,,,,,,,,,,,,,,,,,,,,,,,,,,,,,,,,,,,,,108.69021677970886,False
1737650399.7962034,2025-01-23 17:39:59,OTHER,PAUSE,,,,,,,,,,,,,,,,,,,,,,,,,,,,,,,,,,,,,,,108.78222227096558,False
1737650399.878208,2025-01-23 17:39:59,OTHER,PAUSE,,,,,,,,,,,,,,,,,,,,,,,,,,,,,,,,,,,,,,,108.86422681808472,False
1737650399.9582126,2025-01-23 17:39:59,OTHER,PAUSE,,,,,,,,,,,,,,,,,,,,,,,,,,,,,,,,,,,,,,,108.94423151016235,False
1737650400.0282166,2025-01-23 17:40:00,OTHER,PAUSE,,,,,,,,,,,,,,,,,,,,,,,,,,,,,,,,,,,,,,,109.014235496521,False
1737650400.09022,2025-01-23 17:40:00,OTHER,PAUSE,,,,,,,,,,,,,,,,,,,,,,,,,,,,,,,,,,,,,,,109.07623887062073,False
1737650400.1542237,2025-01-23 17:40:00,OTHER,PAUSE,,,,,,,,,,,,,,,,,,,,,,,,,,,,,,,,,,,,,,,109.14024257659912,False
1737650400.2432287,2025-01-23 17:40:00,OTHER,PAUSE,,,,,,,,,,,,,,,,,,,,,,,,,,,,,,,,,,,,,,,109.22924757003784,False
1737650400.3092327,2025-01-23 17:40:00,OTHER,PAUSE,,,,,,,,,,,,,,,,,,,,,,,,,,,,,,,,,,,,,,,109.2952516078949,False
1737650400.3842368,2025-01-23 17:40:00,OTHER,PAUSE,,,,,,,,,,,,,,,,,,,,,,,,,,,,,,,,,,,,,,,109.37025570869446,False
1737650400.4492407,2025-01-23 17:40:00,OTHER,PAUSE,,,,,,,,,,,,,,,,,,,,,,,,,,,,,,,,,,,,,,,109.43525958061218,False
1737650400.5172443,2025-01-23 17:40:00,OTHER,PAUSE,,,,,,,,,,,,,,,,,,,,,,,,,,,,,,,,,,,,,,,109.50326323509216,False
1737650400.5902488,2025-01-23 17:40:00,OTHER,PAUSE,,,,,,,,,,,,,,,,,,,,,,,,,,,,,,,,,,,,,,,109.5762677192688,False
1737650400.6522522,2025-01-23 17:40:00,OTHER,PAUSE,,,,,,,,,,,,,,,,,,,,,,,,,,,,,,,,,,,,,,,109.63827109336853,False
1737650400.7142558,2025-01-23 17:40:00,OTHER,PAUSE,,,,,,,,,,,,,,,,,,,,,,,,,,,,,,,,,,,,,,,109.70027470588684,False
1737650400.7922602,2025-01-23 17:40:00,OTHER,PAUSE,,,,,,,,,,,,,,,,,,,,,,,,,,,,,,,,,,,,,,,109.77827906608582,False
1737650400.8572638,2025-01-23 17:40:00,OTHER,PAUSE,,,,,,,,,,,,,,,,,,,,,,,,,,,,,,,,,,,,,,,109.84328269958496,False
1737650400.9222677,2025-01-23 17:40:00,OTHER,PAUSE,,,,,,,,,,,,,,,,,,,,,,,,,,,,,,,,,,,,,,,109.90828657150269,False
1737650400.9922717,2025-01-23 17:40:00,OTHER,PAUSE,,,,,,,,,,,,,,,,,,,,,,,,,,,,,,,,,,,,,,,109.97829055786133,False
1737650401.0632758,2025-01-23 17:40:01,OTHER,PAUSE,,,,,,,,,,,,,,,,,,,,,,,,,,,,,,,,,,,,,,,110.0492947101593,False
1737650401.13528,2025-01-23 17:40:01,OTHER,PAUSE,,,,,,,,,,,,,,,,,,,,,,,,,,,,,,,,,,,,,,,110.12129878997803,False
1737650401.207284,2025-01-23 17:40:01,OTHER,PAUSE,,,,,,,,,,,,,,,,,,,,,,,,,,,,,,,,,,,,,,,110.19330286979675,False
1737650401.277288,2025-01-23 17:40:01,OTHER,PAUSE,,,,,,,,,,,,,,,,,,,,,,,,,,,,,,,,,,,,,,,110.2633068561554,False
1737650401.3542924,2025-01-23 17:40:01,OTHER,PAUSE,,,,,,,,,,,,,,,,,,,,,,,,,,,,,,,,,,,,,,,110.34031128883362,False
1737650401.4242964,2025-01-23 17:40:01,OTHER,PAUSE,,,,,,,,,,,,,,,,,,,,,,,,,,,,,,,,,,,,,,,110.41031527519226,False
1737650401.4893003,2025-01-23 17:40:01,OTHER,PAUSE,,,,,,,,,,,,,,,,,,,,,,,,,,,,,,,,,,,,,,,110.47531914710999,False
1737650401.5623043,2025-01-23 17:40:01,OTHER,PAUSE,,,,,,,,,,,,,,,,,,,,,,,,,,,,,,,,,,,,,,,110.54832315444946,False
1737650401.628308,2025-01-23 17:40:01,OTHER,PAUSE,,,,,,,,,,,,,,,,,,,,,,,,,,,,,,,,,,,,,,,110.61432695388794,False
1737650401.6963117,2025-01-23 17:40:01,OTHER,PAUSE,,,,,,,,,,,,,,,,,,,,,,,,,,,,,,,,,,,,,,,110.68233060836792,False
1737650401.7633157,2025-01-23 17:40:01,OTHER,PAUSE,,,,,,,,,,,,,,,,,,,,,,,,,,,,,,,,,,,,,,,110.74933457374573,False
1737650401.8353198,2025-01-23 17:40:01,OTHER,PAUSE,,,,,,,,,,,,,,,,,,,,,,,,,,,,,,,,,,,,,,,110.82133865356445,False
1737650401.9103243,2025-01-23 17:40:01,OTHER,PAUSE,,,,,,,,,,,,,,,,,,,,,,,,,,,,,,,,,,,,,,,110.89634323120117,False
1737650401.994329,2025-01-23 17:40:01,OTHER,PAUSE,,,,,,,,,,,,,,,,,,,,,,,,,,,,,,,,,,,,,,,110.9803478717804,False
1737650402.0713334,2025-01-23 17:40:02,OTHER,PAUSE,,,,,,,,,,,,,,,,,,,,,,,,,,,,,,,,,,,,,,,111.05735230445862,False
1737650402.1333368,2025-01-23 17:40:02,OTHER,PAUSE,,,,,,,,,,,,,,,,,,,,,,,,,,,,,,,,,,,,,,,111.11935567855835,False
1737650402.1973407,2025-01-23 17:40:02,OTHER,PAUSE,,,,,,,,,,,,,,,,,,,,,,,,,,,,,,,,,,,,,,,111.18335962295532,False
1737650402.2723448,2025-01-23 17:40:02,OTHER,PAUSE,,,,,,,,,,,,,,,,,,,,,,,,,,,,,,,,,,,,,,,111.25836372375488,False
1737650402.348349,2025-01-23 17:40:02,OTHER,PAUSE,,,,,,,,,,,,,,,,,,,,,,,,,,,,,,,,,,,,,,,111.33436799049377,False
1737650402.4113529,2025-01-23 17:40:02,OTHER,PAUSE,,,,,,,,,,,,,,,,,,,,,,,,,,,,,,,,,,,,,,,111.39737176895142,False
1737650402.4933577,2025-01-23 17:40:02,OTHER,PAUSE,,,,,,,,,,,,,,,,,,,,,,,,,,,,,,,,,,,,,,,111.47937655448914,False
1737650402.572362,2025-01-23 17:40:02,OTHER,PAUSE,,,,,,,,,,,,,,,,,,,,,,,,,,,,,,,,,,,,,,,111.55838084220886,False
1737650402.6343658,2025-01-23 17:40:02,OTHER,PAUSE,,,,,,,,,,,,,,,,,,,,,,,,,,,,,,,,,,,,,,,111.62038469314575,False
1737650402.7023695,2025-01-23 17:40:02,OTHER,PAUSE,,,,,,,,,,,,,,,,,,,,,,,,,,,,,,,,,,,,,,,111.68838834762573,False
1737650402.7693732,2025-01-23 17:40:02,OTHER,PAUSE,,,,,,,,,,,,,,,,,,,,,,,,,,,,,,,,,,,,,,,111.75539207458496,False
1737650402.8383772,2025-01-23 17:40:02,OTHER,PAUSE,,,,,,,,,,,,,,,,,,,,,,,,,,,,,,,,,,,,,,,111.82439613342285,False
1737650402.9073813,2025-01-23 17:40:02,OTHER,PAUSE,,,,,,,,,,,,,,,,,,,,,,,,,,,,,,,,,,,,,,,111.89340019226074,False
1737650402.9743848,2025-01-23 17:40:02,OTHER,PAUSE,,,,,,,,,,,,,,,,,,,,,,,,,,,,,,,,,,,,,,,111.96040368080139,False
1737650403.0483894,2025-01-23 17:40:03,OTHER,PAUSE,,,,,,,,,,,,,,,,,,,,,,,,,,,,,,,,,,,,,,,112.03440833091736,False
1737650403.1373944,2025-01-23 17:40:03,OTHER,PAUSE,,,,,,,,,,,,,,,,,,,,,,,,,,,,,,,,,,,,,,,112.12341332435608,False
1737650403.2143986,2025-01-23 17:40:03,OTHER,PAUSE,,,,,,,,,,,,,,,,,,,,,,,,,,,,,,,,,,,,,,,112.20041751861572,False
1737650403.2784023,2025-01-23 17:40:03,OTHER,PAUSE,,,,,,,,,,,,,,,,,,,,,,,,,,,,,,,,,,,,,,,112.26442122459412,False
1737650403.3464065,2025-01-23 17:40:03,OTHER,PAUSE,,,,,,,,,,,,,,,,,,,,,,,,,,,,,,,,,,,,,,,112.33242535591125,False
1737650403.41341,2025-01-23 17:40:03,OTHER,PAUSE,,,,,,,,,,,,,,,,,,,,,,,,,,,,,,,,,,,,,,,112.3994288444519,False
1737650403.483414,2025-01-23 17:40:03,OTHER,PAUSE,,,,,,,,,,,,,,,,,,,,,,,,,,,,,,,,,,,,,,,112.46943283081055,False
1737650403.5474179,2025-01-23 17:40:03,OTHER,PAUSE,,,,,,,,,,,,,,,,,,,,,,,,,,,,,,,,,,,,,,,112.53343677520752,False
1737650403.6134217,2025-01-23 17:40:03,OTHER,PAUSE,,,,,,,,,,,,,,,,,,,,,,,,,,,,,,,,,,,,,,,112.599440574646,False
1737650403.6874259,2025-01-23 17:40:03,OTHER,PAUSE,,,,,,,,,,,,,,,,,,,,,,,,,,,,,,,,,,,,,,,112.6734447479248,False
1737650403.7554297,2025-01-23 17:40:03,OTHER,PAUSE,,,,,,,,,,,,,,,,,,,,,,,,,,,,,,,,,,,,,,,112.74144864082336,False
1737650403.830434,2025-01-23 17:40:03,OTHER,PAUSE,,,,,,,,,,,,,,,,,,,,,,,,,,,,,,,,,,,,,,,112.8164529800415,False
1737650403.9044383,2025-01-23 17:40:03,OTHER,PAUSE,,,,,,,,,,,,,,,,,,,,,,,,,,,,,,,,,,,,,,,112.89045715332031,False
1737650403.9764423,2025-01-23 17:40:03,OTHER,PAUSE,,,,,,,,,,,,,,,,,,,,,,,,,,,,,,,,,,,,,,,112.96246123313904,False
1737650404.0464463,2025-01-23 17:40:04,OTHER,PAUSE,,,,,,,,,,,,,,,,,,,,,,,,,,,,,,,,,,,,,,,113.03246521949768,False
1737650404.11045,2025-01-23 17:40:04,OTHER,PAUSE,,,,,,,,,,,,,,,,,,,,,,,,,,,,,,,,,,,,,,,113.09646892547607,False
1737650404.1724536,2025-01-23 17:40:04,OTHER,PAUSE,,,,,,,,,,,,,,,,,,,,,,,,,,,,,,,,,,,,,,,113.15847253799438,False
1737650404.2594585,2025-01-23 17:40:04,OTHER,PAUSE,,,,,,,,,,,,,,,,,,,,,,,,,,,,,,,,,,,,,,,113.24547743797302,False
1737650404.3294625,2025-01-23 17:40:04,OTHER,PAUSE,,,,,,,,,,,,,,,,,,,,,,,,,,,,,,,,,,,,,,,113.31548142433167,False
1737650404.4024668,2025-01-23 17:40:04,OTHER,PAUSE,,,,,,,,,,,,,,,,,,,,,,,,,,,,,,,,,,,,,,,113.38848567008972,False
1737650404.4804714,2025-01-23 17:40:04,OTHER,PAUSE,,,,,,,,,,,,,,,,,,,,,,,,,,,,,,,,,,,,,,,113.46649026870728,False
1737650404.5554755,2025-01-23 17:40:04,OTHER,PAUSE,,,,,,,,,,,,,,,,,,,,,,,,,,,,,,,,,,,,,,,113.54149436950684,False
1737650404.6314797,2025-01-23 17:40:04,OTHER,PAUSE,,,,,,,,,,,,,,,,,,,,,,,,,,,,,,,,,,,,,,,113.61749863624573,False
1737650404.7064843,2025-01-23 17:40:04,OTHER,PAUSE,,,,,,,,,,,,,,,,,,,,,,,,,,,,,,,,,,,,,,,113.69250321388245,False
1737650404.7874887,2025-01-23 17:40:04,OTHER,PAUSE,,,,,,,,,,,,,,,,,,,,,,,,,,,,,,,,,,,,,,,113.77350759506226,False
1737650404.8714933,2025-01-23 17:40:04,OTHER,PAUSE,,,,,,,,,,,,,,,,,,,,,,,,,,,,,,,,,,,,,,,113.85751223564148,False
1737650404.9414976,2025-01-23 17:40:04,OTHER,PAUSE,,,,,,,,,,,,,,,,,,,,,,,,,,,,,,,,,,,,,,,113.9275164604187,False
1737650405.0135016,2025-01-23 17:40:05,OTHER,PAUSE,,,,,,,,,,,,,,,,,,,,,,,,,,,,,,,,,,,,,,,113.99952054023743,False
1737650405.0785055,2025-01-23 17:40:05,OTHER,PAUSE,,,,,,,,,,,,,,,,,,,,,,,,,,,,,,,,,,,,,,,114.06452441215515,False
1737650405.140509,2025-01-23 17:40:05,OTHER,PAUSE,,,,,,,,,,,,,,,,,,,,,,,,,,,,,,,,,,,,,,,114.12652778625488,False
1737650405.211513,2025-01-23 17:40:05,OTHER,PAUSE,,,,,,,,,,,,,,,,,,,,,,,,,,,,,,,,,,,,,,,114.19753193855286,False
1737650405.2725165,2025-01-23 17:40:05,OTHER,PAUSE,,,,,,,,,,,,,,,,,,,,,,,,,,,,,,,,,,,,,,,114.25853538513184,False
1737650405.3445208,2025-01-23 17:40:05,OTHER,PAUSE,,,,,,,,,,,,,,,,,,,,,,,,,,,,,,,,,,,,,,,114.33053970336914,False
1737650405.4275253,2025-01-23 17:40:05,OTHER,PAUSE,,,,,,,,,,,,,,,,,,,,,,,,,,,,,,,,,,,,,,,114.41354417800903,False
1737650405.490529,2025-01-23 17:40:05,OTHER,PAUSE,,,,,,,,,,,,,,,,,,,,,,,,,,,,,,,,,,,,,,,114.47654795646667,False
1737650405.5595329,2025-01-23 17:40:05,OTHER,PAUSE,,,,,,,,,,,,,,,,,,,,,,,,,,,,,,,,,,,,,,,114.54555177688599,False
1737650405.631537,2025-01-23 17:40:05,OTHER,PAUSE,,,,,,,,,,,,,,,,,,,,,,,,,,,,,,,,,,,,,,,114.61755585670471,False
1737650405.7015412,2025-01-23 17:40:05,OTHER,PAUSE,,,,,,,,,,,,,,,,,,,,,,,,,,,,,,,,,,,,,,,114.68756008148193,False
1737650405.7745452,2025-01-23 17:40:05,OTHER,PAUSE,,,,,,,,,,,,,,,,,,,,,,,,,,,,,,,,,,,,,,,114.76056408882141,False
1737650405.8555498,2025-01-23 17:40:05,OTHER,PAUSE,,,,,,,,,,,,,,,,,,,,,,,,,,,,,,,,,,,,,,,114.8415687084198,False
1737650405.9365544,2025-01-23 17:40:05,OTHER,PAUSE,,,,,,,,,,,,,,,,,,,,,,,,,,,,,,,,,,,,,,,114.92257332801819,False
1737650406.0075583,2025-01-23 17:40:06,OTHER,PAUSE,,,,,,,,,,,,,,,,,,,,,,,,,,,,,,,,,,,,,,,114.99357724189758,False
1737650406.0735624,2025-01-23 17:40:06,OTHER,PAUSE,,,,,,,,,,,,,,,,,,,,,,,,,,,,,,,,,,,,,,,115.05958127975464,False
1737650406.1465664,2025-01-23 17:40:06,OTHER,PAUSE,,,,,,,,,,,,,,,,,,,,,,,,,,,,,,,,,,,,,,,115.13258528709412,False
1737650406.2155704,2025-01-23 17:40:06,OTHER,PAUSE,,,,,,,,,,,,,,,,,,,,,,,,,,,,,,,,,,,,,,,115.201589345932,False
1737650406.2805743,2025-01-23 17:40:06,OTHER,PAUSE,,,,,,,,,,,,,,,,,,,,,,,,,,,,,,,,,,,,,,,115.26659321784973,False
1737650406.3425777,2025-01-23 17:40:06,OTHER,PAUSE,,,,,,,,,,,,,,,,,,,,,,,,,,,,,,,,,,,,,,,115.32859659194946,False
1737650406.4085813,2025-01-23 17:40:06,OTHER,PAUSE,,,,,,,,,,,,,,,,,,,,,,,,,,,,,,,,,,,,,,,115.39460015296936,False
1737650406.474585,2025-01-23 17:40:06,OTHER,PAUSE,,,,,,,,,,,,,,,,,,,,,,,,,,,,,,,,,,,,,,,115.46060395240784,False
1737650406.55259,2025-01-23 17:40:06,OTHER,PAUSE,,,,,,,,,,,,,,,,,,,,,,,,,,,,,,,,,,,,,,,115.53860878944397,False
1737650406.6215937,2025-01-23 17:40:06,OTHER,PAUSE,,,,,,,,,,,,,,,,,,,,,,,,,,,,,,,,,,,,,,,115.60761260986328,False
1737650406.6895974,2025-01-23 17:40:06,OTHER,PAUSE,,,,,,,,,,,,,,,,,,,,,,,,,,,,,,,,,,,,,,,115.67561626434326,False
1737650406.7546012,2025-01-23 17:40:06,OTHER,PAUSE,,,,,,,,,,,,,,,,,,,,,,,,,,,,,,,,,,,,,,,115.74062013626099,False
1737650406.8216052,2025-01-23 17:40:06,OTHER,PAUSE,,,,,,,,,,,,,,,,,,,,,,,,,,,,,,,,,,,,,,,115.8076241016388,False
1737650406.9076102,2025-01-23 17:40:06,OTHER,PAUSE,,,,,,,,,,,,,,,,,,,,,,,,,,,,,,,,,,,,,,,115.89362907409668,False
1737650406.9706135,2025-01-23 17:40:06,OTHER,PAUSE,,,,,,,,,,,,,,,,,,,,,,,,,,,,,,,,,,,,,,,115.95663237571716,False
1737650407.0346174,2025-01-23 17:40:07,OTHER,PAUSE,,,,,,,,,,,,,,,,,,,,,,,,,,,,,,,,,,,,,,,116.02063632011414,False
1737650407.1246223,2025-01-23 17:40:07,OTHER,PAUSE,,,,,,,,,,,,,,,,,,,,,,,,,,,,,,,,,,,,,,,116.11064124107361,False
1737650407.1896262,2025-01-23 17:40:07,OTHER,PAUSE,,,,,,,,,,,,,,,,,,,,,,,,,,,,,,,,,,,,,,,116.17564511299133,False
1737650407.25863,2025-01-23 17:40:07,OTHER,PAUSE,,,,,,,,,,,,,,,,,,,,,,,,,,,,,,,,,,,,,,,116.24464893341064,False
1737650407.3246338,2025-01-23 17:40:07,OTHER,PAUSE,,,,,,,,,,,,,,,,,,,,,,,,,,,,,,,,,,,,,,,116.31065273284912,False
1737650407.395638,2025-01-23 17:40:07,OTHER,PAUSE,,,,,,,,,,,,,,,,,,,,,,,,,,,,,,,,,,,,,,,116.3816568851471,False
1737650407.4606416,2025-01-23 17:40:07,OTHER,PAUSE,,,,,,,,,,,,,,,,,,,,,,,,,,,,,,,,,,,,,,,116.44666051864624,False
1737650407.521645,2025-01-23 17:40:07,OTHER,PAUSE,,,,,,,,,,,,,,,,,,,,,,,,,,,,,,,,,,,,,,,116.50766396522522,False
1737650407.589649,2025-01-23 17:40:07,OTHER,PAUSE,,,,,,,,,,,,,,,,,,,,,,,,,,,,,,,,,,,,,,,116.57566785812378,False
1737650407.672654,2025-01-23 17:40:07,OTHER,PAUSE,,,,,,,,,,,,,,,,,,,,,,,,,,,,,,,,,,,,,,,116.65867280960083,False
1737650407.744658,2025-01-23 17:40:07,OTHER,PAUSE,,,,,,,,,,,,,,,,,,,,,,,,,,,,,,,,,,,,,,,116.73067688941956,False
1737650407.815662,2025-01-23 17:40:07,OTHER,PAUSE,,,,,,,,,,,,,,,,,,,,,,,,,,,,,,,,,,,,,,,116.80168080329895,False
1737650407.8806655,2025-01-23 17:40:07,OTHER,PAUSE,,,,,,,,,,,,,,,,,,,,,,,,,,,,,,,,,,,,,,,116.8666844367981,False
1737650407.9526696,2025-01-23 17:40:07,OTHER,PAUSE,,,,,,,,,,,,,,,,,,,,,,,,,,,,,,,,,,,,,,,116.93868851661682,False
1737650408.0256739,2025-01-23 17:40:08,OTHER,PAUSE,,,,,,,,,,,,,,,,,,,,,,,,,,,,,,,,,,,,,,,117.01169276237488,False
1737650408.1086786,2025-01-23 17:40:08,OTHER,PAUSE,,,,,,,,,,,,,,,,,,,,,,,,,,,,,,,,,,,,,,,117.09469747543335,False
1737650408.1786826,2025-01-23 17:40:08,OTHER,PAUSE,,,,,,,,,,,,,,,,,,,,,,,,,,,,,,,,,,,,,,,117.16470146179199,False
1737650408.2626874,2025-01-23 17:40:08,OTHER,PAUSE,,,,,,,,,,,,,,,,,,,,,,,,,,,,,,,,,,,,,,,117.2487063407898,False
1737650408.3306913,2025-01-23 17:40:08,OTHER,PAUSE,,,,,,,,,,,,,,,,,,,,,,,,,,,,,,,,,,,,,,,117.31671023368835,False
1737650408.4116962,2025-01-23 17:40:08,OTHER,PAUSE,,,,,,,,,,,,,,,,,,,,,,,,,,,,,,,,,,,,,,,117.39771509170532,False
1737650408.4897006,2025-01-23 17:40:08,OTHER,PAUSE,,,,,,,,,,,,,,,,,,,,,,,,,,,,,,,,,,,,,,,117.4757194519043,False
1737650408.5577044,2025-01-23 17:40:08,OTHER,PAUSE,,,,,,,,,,,,,,,,,,,,,,,,,,,,,,,,,,,,,,,117.54372334480286,False
1737650408.618708,2025-01-23 17:40:08,OTHER,PAUSE,,,,,,,,,,,,,,,,,,,,,,,,,,,,,,,,,,,,,,,117.60472679138184,False
1737650408.6897118,2025-01-23 17:40:08,OTHER,PAUSE,,,,,,,,,,,,,,,,,,,,,,,,,,,,,,,,,,,,,,,117.67573070526123,False
1737650408.761716,2025-01-23 17:40:08,OTHER,PAUSE,,,,,,,,,,,,,,,,,,,,,,,,,,,,,,,,,,,,,,,117.74773478507996,False
1737650408.8397205,2025-01-23 17:40:08,OTHER,PAUSE,,,,,,,,,,,,,,,,,,,,,,,,,,,,,,,,,,,,,,,117.82573938369751,False
1737650408.9147248,2025-01-23 17:40:08,OTHER,PAUSE,,,,,,,,,,,,,,,,,,,,,,,,,,,,,,,,,,,,,,,117.90074372291565,False
1737650408.9877288,2025-01-23 17:40:08,OTHER,PAUSE,,,,,,,,,,,,,,,,,,,,,,,,,,,,,,,,,,,,,,,117.97374773025513,False
1737650409.055733,2025-01-23 17:40:09,OTHER,PAUSE,,,,,,,,,,,,,,,,,,,,,,,,,,,,,,,,,,,,,,,118.04175186157227,False
1737650409.1267369,2025-01-23 17:40:09,OTHER,PAUSE,,,,,,,,,,,,,,,,,,,,,,,,,,,,,,,,,,,,,,,118.11275577545166,False
1737650409.1947408,2025-01-23 17:40:09,OTHER,PAUSE,,,,,,,,,,,,,,,,,,,,,,,,,,,,,,,,,,,,,,,118.18075966835022,False
1737650409.2617447,2025-01-23 17:40:09,OTHER,PAUSE,,,,,,,,,,,,,,,,,,,,,,,,,,,,,,,,,,,,,,,118.24776363372803,False
1737650409.3347487,2025-01-23 17:40:09,OTHER,PAUSE,,,,,,,,,,,,,,,,,,,,,,,,,,,,,,,,,,,,,,,118.3207676410675,False
1737650409.423754,2025-01-23 17:40:09,OTHER,PAUSE,,,,,,,,,,,,,,,,,,,,,,,,,,,,,,,,,,,,,,,118.4097728729248,False
1737650409.494758,2025-01-23 17:40:09,OTHER,PAUSE,,,,,,,,,,,,,,,,,,,,,,,,,,,,,,,,,,,,,,,118.4807767868042,False
1737650409.562762,2025-01-23 17:40:09,OTHER,PAUSE,,,,,,,,,,,,,,,,,,,,,,,,,,,,,,,,,,,,,,,118.54878091812134,False
1737650409.635766,2025-01-23 17:40:09,OTHER,PAUSE,,,,,,,,,,,,,,,,,,,,,,,,,,,,,,,,,,,,,,,118.62178492546082,False
1737650409.7127702,2025-01-23 17:40:09,OTHER,PAUSE,,,,,,,,,,,,,,,,,,,,,,,,,,,,,,,,,,,,,,,118.69878911972046,False
1737650409.7877748,2025-01-23 17:40:09,OTHER,PAUSE,,,,,,,,,,,,,,,,,,,,,,,,,,,,,,,,,,,,,,,118.77379369735718,False
1737650409.8567789,2025-01-23 17:40:09,OTHER,PAUSE,,,,,,,,,,,,,,,,,,,,,,,,,,,,,,,,,,,,,,,118.84279775619507,False
1737650409.9537842,2025-01-23 17:40:09,OTHER,PAUSE,,,,,,,,,,,,,,,,,,,,,,,,,,,,,,,,,,,,,,,118.93980312347412,False
1737650410.0287886,2025-01-23 17:40:10,OTHER,PAUSE,,,,,,,,,,,,,,,,,,,,,,,,,,,,,,,,,,,,,,,119.01480746269226,False
1737650410.0957923,2025-01-23 17:40:10,OTHER,PAUSE,,,,,,,,,,,,,,,,,,,,,,,,,,,,,,,,,,,,,,,119.08181118965149,False
1737650410.180797,2025-01-23 17:40:10,OTHER,PAUSE,,,,,,,,,,,,,,,,,,,,,,,,,,,,,,,,,,,,,,,119.16681599617004,False
1737650410.247801,2025-01-23 17:40:10,OTHER,PAUSE,,,,,,,,,,,,,,,,,,,,,,,,,,,,,,,,,,,,,,,119.23381996154785,False
1737650410.3228052,2025-01-23 17:40:10,OTHER,PAUSE,,,,,,,,,,,,,,,,,,,,,,,,,,,,,,,,,,,,,,,119.30882406234741,False
1737650410.3888092,2025-01-23 17:40:10,OTHER,PAUSE,,,,,,,,,,,,,,,,,,,,,,,,,,,,,,,,,,,,,,,119.37482810020447,False
1737650410.4638133,2025-01-23 17:40:10,OTHER,PAUSE,,,,,,,,,,,,,,,,,,,,,,,,,,,,,,,,,,,,,,,119.44983220100403,False
1737650410.5498183,2025-01-23 17:40:10,OTHER,PAUSE,,,,,,,,,,,,,,,,,,,,,,,,,,,,,,,,,,,,,,,119.53583717346191,False
1737650410.615822,2025-01-23 17:40:10,OTHER,PAUSE,,,,,,,,,,,,,,,,,,,,,,,,,,,,,,,,,,,,,,,119.60184097290039,False
1737650410.6878262,2025-01-23 17:40:10,OTHER,PAUSE,,,,,,,,,,,,,,,,,,,,,,,,,,,,,,,,,,,,,,,119.67384505271912,False
1737650410.75583,2025-01-23 17:40:10,OTHER,PAUSE,,,,,,,,,,,,,,,,,,,,,,,,,,,,,,,,,,,,,,,119.74184894561768,False
1737650410.8198338,2025-01-23 17:40:10,OTHER,PAUSE,,,,,,,,,,,,,,,,,,,,,,,,,,,,,,,,,,,,,,,119.80585265159607,False
1737650410.8888376,2025-01-23 17:40:10,OTHER,PAUSE,,,,,,,,,,,,,,,,,,,,,,,,,,,,,,,,,,,,,,,119.87485647201538,False
1737650410.9578416,2025-01-23 17:40:10,OTHER,PAUSE,,,,,,,,,,,,,,,,,,,,,,,,,,,,,,,,,,,,,,,119.94386053085327,False
1737650411.0438466,2025-01-23 17:40:11,OTHER,PAUSE,,,,,,,,,,,,,,,,,,,,,,,,,,,,,,,,,,,,,,,120.02986550331116,False
1737650411.1298513,2025-01-23 17:40:11,OTHER,PAUSE,,,,,,,,,,,,,,,,,,,,,,,,,,,,,,,,,,,,,,,120.11587023735046,False
1737650411.2008555,2025-01-23 17:40:11,OTHER,PAUSE,,,,,,,,,,,,,,,,,,,,,,,,,,,,,,,,,,,,,,,120.18687438964844,False
1737650411.2718596,2025-01-23 17:40:11,OTHER,PAUSE,,,,,,,,,,,,,,,,,,,,,,,,,,,,,,,,,,,,,,,120.25787854194641,False
1737650411.3408635,2025-01-23 17:40:11,OTHER,PAUSE,,,,,,,,,,,,,,,,,,,,,,,,,,,,,,,,,,,,,,,120.32688236236572,False
1737650411.4058673,2025-01-23 17:40:11,OTHER,PAUSE,,,,,,,,,,,,,,,,,,,,,,,,,,,,,,,,,,,,,,,120.39188623428345,False
1737650411.470871,2025-01-23 17:40:11,OTHER,PAUSE,,,,,,,,,,,,,,,,,,,,,,,,,,,,,,,,,,,,,,,120.45688986778259,False
1737650411.540875,2025-01-23 17:40:11,OTHER,PAUSE,,,,,,,,,,,,,,,,,,,,,,,,,,,,,,,,,,,,,,,120.52689385414124,False
1737650411.6138792,2025-01-23 17:40:11,OTHER,PAUSE,,,,,,,,,,,,,,,,,,,,,,,,,,,,,,,,,,,,,,,120.59989809989929,False
1737650411.7038844,2025-01-23 17:40:11,OTHER,PAUSE,,,,,,,,,,,,,,,,,,,,,,,,,,,,,,,,,,,,,,,120.68990325927734,False
1737650411.7728884,2025-01-23 17:40:11,OTHER,PAUSE,,,,,,,,,,,,,,,,,,,,,,,,,,,,,,,,,,,,,,,120.75890731811523,False
1737650411.8428922,2025-01-23 17:40:11,OTHER,PAUSE,,,,,,,,,,,,,,,,,,,,,,,,,,,,,,,,,,,,,,,120.8289110660553,False
1737650411.9128962,2025-01-23 17:40:11,OTHER,PAUSE,,,,,,,,,,,,,,,,,,,,,,,,,,,,,,,,,,,,,,,120.89891505241394,False
1737650411.9829001,2025-01-23 17:40:11,OTHER,PAUSE,,,,,,,,,,,,,,,,,,,,,,,,,,,,,,,,,,,,,,,120.96891903877258,False
1737650412.0709054,2025-01-23 17:40:12,OTHER,PAUSE,,,,,,,,,,,,,,,,,,,,,,,,,,,,,,,,,,,,,,,121.05692434310913,False
1737650412.1459095,2025-01-23 17:40:12,OTHER,PAUSE,,,,,,,,,,,,,,,,,,,,,,,,,,,,,,,,,,,,,,,121.13192844390869,False
1737650412.2379148,2025-01-23 17:40:12,OTHER,PAUSE,,,,,,,,,,,,,,,,,,,,,,,,,,,,,,,,,,,,,,,121.22393369674683,False
1737650412.3149195,2025-01-23 17:40:12,OTHER,PAUSE,,,,,,,,,,,,,,,,,,,,,,,,,,,,,,,,,,,,,,,121.30093836784363,False
1737650412.4039245,2025-01-23 17:40:12,OTHER,PAUSE,,,,,,,,,,,,,,,,,,,,,,,,,,,,,,,,,,,,,,,121.38994336128235,False
1737650412.4699283,2025-01-23 17:40:12,OTHER,PAUSE,,,,,,,,,,,,,,,,,,,,,,,,,,,,,,,,,,,,,,,121.45594716072083,False
1737650412.5449324,2025-01-23 17:40:12,OTHER,PAUSE,,,,,,,,,,,,,,,,,,,,,,,,,,,,,,,,,,,,,,,121.53095126152039,False
1737650412.6129363,2025-01-23 17:40:12,OTHER,PAUSE,,,,,,,,,,,,,,,,,,,,,,,,,,,,,,,,,,,,,,,121.59895515441895,False
1737650412.6759398,2025-01-23 17:40:12,OTHER,PAUSE,,,,,,,,,,,,,,,,,,,,,,,,,,,,,,,,,,,,,,,121.66195869445801,False
1737650412.7679453,2025-01-23 17:40:12,OTHER,PAUSE,,,,,,,,,,,,,,,,,,,,,,,,,,,,,,,,,,,,,,,121.75396418571472,False
1737650412.8389492,2025-01-23 17:40:12,OTHER,PAUSE,,,,,,,,,,,,,,,,,,,,,,,,,,,,,,,,,,,,,,,121.82496809959412,False
1737650412.9089534,2025-01-23 17:40:12,OTHER,PAUSE,,,,,,,,,,,,,,,,,,,,,,,,,,,,,,,,,,,,,,,121.89497232437134,False
1737650412.973957,2025-01-23 17:40:12,OTHER,PAUSE,,,,,,,,,,,,,,,,,,,,,,,,,,,,,,,,,,,,,,,121.95997595787048,False
1737650413.0459611,2025-01-23 17:40:13,OTHER,PAUSE,,,,,,,,,,,,,,,,,,,,,,,,,,,,,,,,,,,,,,,122.03198003768921,False
1737650413.1179652,2025-01-23 17:40:13,OTHER,PAUSE,,,,,,,,,,,,,,,,,,,,,,,,,,,,,,,,,,,,,,,122.10398411750793,False
1737650413.1889691,2025-01-23 17:40:13,OTHER,PAUSE,,,,,,,,,,,,,,,,,,,,,,,,,,,,,,,,,,,,,,,122.17498803138733,False
1737650413.2649736,2025-01-23 17:40:13,OTHER,PAUSE,,,,,,,,,,,,,,,,,,,,,,,,,,,,,,,,,,,,,,,122.2509925365448,False
1737650413.3519785,2025-01-23 17:40:13,OTHER,PAUSE,,,,,,,,,,,,,,,,,,,,,,,,,,,,,,,,,,,,,,,122.33799743652344,False
1737650413.4379835,2025-01-23 17:40:13,OTHER,PAUSE,,,,,,,,,,,,,,,,,,,,,,,,,,,,,,,,,,,,,,,122.42400240898132,False
1737650413.5099876,2025-01-23 17:40:13,OTHER,PAUSE,,,,,,,,,,,,,,,,,,,,,,,,,,,,,,,,,,,,,,,122.49600648880005,False
1737650413.5779915,2025-01-23 17:40:13,OTHER,PAUSE,,,,,,,,,,,,,,,,,,,,,,,,,,,,,,,,,,,,,,,122.56401038169861,False
1737650413.6469955,2025-01-23 17:40:13,OTHER,PAUSE,,,,,,,,,,,,,,,,,,,,,,,,,,,,,,,,,,,,,,,122.6330144405365,False
1737650413.7159996,2025-01-23 17:40:13,OTHER,PAUSE,,,,,,,,,,,,,,,,,,,,,,,,,,,,,,,,,,,,,,,122.70201849937439,False
1737650413.7860034,2025-01-23 17:40:13,OTHER,PAUSE,,,,,,,,,,,,,,,,,,,,,,,,,,,,,,,,,,,,,,,122.77202224731445,False
1737650413.8750086,2025-01-23 17:40:13,OTHER,PAUSE,,,,,,,,,,,,,,,,,,,,,,,,,,,,,,,,,,,,,,,122.86102747917175,False
1737650413.9450126,2025-01-23 17:40:13,OTHER,PAUSE,,,,,,,,,,,,,,,,,,,,,,,,,,,,,,,,,,,,,,,122.9310314655304,False
1737650414.0280175,2025-01-23 17:40:14,OTHER,PAUSE,,,,,,,,,,,,,,,,,,,,,,,,,,,,,,,,,,,,,,,123.01403641700745,False
1737650414.111022,2025-01-23 17:40:14,OTHER,PAUSE,,,,,,,,,,,,,,,,,,,,,,,,,,,,,,,,,,,,,,,123.09704089164734,False
1737650414.182026,2025-01-23 17:40:14,OTHER,PAUSE,,,,,,,,,,,,,,,,,,,,,,,,,,,,,,,,,,,,,,,123.16804480552673,False
1737650414.2590306,2025-01-23 17:40:14,OTHER,PAUSE,,,,,,,,,,,,,,,,,,,,,,,,,,,,,,,,,,,,,,,123.24504947662354,False
1737650414.3240342,2025-01-23 17:40:14,OTHER,PAUSE,,,,,,,,,,,,,,,,,,,,,,,,,,,,,,,,,,,,,,,123.31005311012268,False
1737650414.393038,2025-01-23 17:40:14,OTHER,PAUSE,,,,,,,,,,,,,,,,,,,,,,,,,,,,,,,,,,,,,,,123.37905693054199,False
1737650414.480043,2025-01-23 17:40:14,OTHER,PAUSE,,,,,,,,,,,,,,,,,,,,,,,,,,,,,,,,,,,,,,,123.46606183052063,False
1737650414.549047,2025-01-23 17:40:14,OTHER,PAUSE,,,,,,,,,,,,,,,,,,,,,,,,,,,,,,,,,,,,,,,123.53506588935852,False
1737650414.616051,2025-01-23 17:40:14,OTHER,PAUSE,,,,,,,,,,,,,,,,,,,,,,,,,,,,,,,,,,,,,,,123.60206985473633,False
1737650414.6830547,2025-01-23 17:40:14,OTHER,PAUSE,,,,,,,,,,,,,,,,,,,,,,,,,,,,,,,,,,,,,,,123.66907358169556,False
1737650414.7630591,2025-01-23 17:40:14,OTHER,PAUSE,,,,,,,,,,,,,,,,,,,,,,,,,,,,,,,,,,,,,,,123.74907803535461,False
1737650414.8330634,2025-01-23 17:40:14,OTHER,PAUSE,,,,,,,,,,,,,,,,,,,,,,,,,,,,,,,,,,,,,,,123.81908226013184,False
1737650414.9090679,2025-01-23 17:40:14,OTHER,PAUSE,,,,,,,,,,,,,,,,,,,,,,,,,,,,,,,,,,,,,,,123.8950867652893,False
1737650414.9850721,2025-01-23 17:40:14,OTHER,PAUSE,,,,,,,,,,,,,,,,,,,,,,,,,,,,,,,,,,,,,,,123.9710910320282,False
1737650415.0810776,2025-01-23 17:40:15,OTHER,PAUSE,,,,,,,,,,,,,,,,,,,,,,,,,,,,,,,,,,,,,,,124.0670964717865,False
1737650415.1820834,2025-01-23 17:40:15,OTHER,PAUSE,,,,,,,,,,,,,,,,,,,,,,,,,,,,,,,,,,,,,,,124.1681022644043,False
1737650415.263088,2025-01-23 17:40:15,OTHER,PAUSE,,,,,,,,,,,,,,,,,,,,,,,,,,,,,,,,,,,,,,,124.24910688400269,False
1737650415.349093,2025-01-23 17:40:15,OTHER,PAUSE,,,,,,,,,,,,,,,,,,,,,,,,,,,,,,,,,,,,,,,124.33511185646057,False
1737650415.4390981,2025-01-23 17:40:15,OTHER,PAUSE,,,,,,,,,,,,,,,,,,,,,,,,,,,,,,,,,,,,,,,124.42511701583862,False
1737650415.5341034,2025-01-23 17:40:15,OTHER,PAUSE,,,,,,,,,,,,,,,,,,,,,,,,,,,,,,,,,,,,,,,124.52012228965759,False
1737650415.6451097,2025-01-23 17:40:15,OTHER,PAUSE,,,,,,,,,,,,,,,,,,,,,,,,,,,,,,,,,,,,,,,124.6311285495758,False
1737650415.741115,2025-01-23 17:40:15,OTHER,PAUSE,,,,,,,,,,,,,,,,,,,,,,,,,,,,,,,,,,,,,,,124.7271339893341,False
1737650415.8341208,2025-01-23 17:40:15,OTHER,PAUSE,,,,,,,,,,,,,,,,,,,,,,,,,,,,,,,,,,,,,,,124.82013964653015,False
1737650415.911125,2025-01-23 17:40:15,OTHER,PAUSE,,,,,,,,,,,,,,,,,,,,,,,,,,,,,,,,,,,,,,,124.8971438407898,False
1737650416.0041304,2025-01-23 17:40:16,OTHER,PAUSE,,,,,,,,,,,,,,,,,,,,,,,,,,,,,,,,,,,,,,,124.99014925956726,False
1737650416.0731342,2025-01-23 17:40:16,OTHER,PAUSE,,,,,,,,,,,,,,,,,,,,,,,,,,,,,,,,,,,,,,,125.05915307998657,False
1737650416.1521387,2025-01-23 17:40:16,OTHER,PAUSE,,,,,,,,,,,,,,,,,,,,,,,,,,,,,,,,,,,,,,,125.13815760612488,False
1737650416.2501445,2025-01-23 17:40:16,OTHER,PAUSE,,,,,,,,,,,,,,,,,,,,,,,,,,,,,,,,,,,,,,,125.23616337776184,False
1737650416.3181481,2025-01-23 17:40:16,OTHER,PAUSE,,,,,,,,,,,,,,,,,,,,,,,,,,,,,,,,,,,,,,,125.30416703224182,False
1737650416.3871522,2025-01-23 17:40:16,OTHER,PAUSE,,,,,,,,,,,,,,,,,,,,,,,,,,,,,,,,,,,,,,,125.37317109107971,False
1737650416.453156,2025-01-23 17:40:16,OTHER,PAUSE,,,,,,,,,,,,,,,,,,,,,,,,,,,,,,,,,,,,,,,125.43917489051819,False
1737650416.5281603,2025-01-23 17:40:16,OTHER,PAUSE,,,,,,,,,,,,,,,,,,,,,,,,,,,,,,,,,,,,,,,125.51417922973633,False
1737650416.6001644,2025-01-23 17:40:16,OTHER,PAUSE,,,,,,,,,,,,,,,,,,,,,,,,,,,,,,,,,,,,,,,125.58618330955505,False
1737650416.6691685,2025-01-23 17:40:16,OTHER,PAUSE,,,,,,,,,,,,,,,,,,,,,,,,,,,,,,,,,,,,,,,125.65518736839294,False
1737650416.7651737,2025-01-23 17:40:16,OTHER,PAUSE,,,,,,,,,,,,,,,,,,,,,,,,,,,,,,,,,,,,,,,125.75119256973267,False
1737650416.8471785,2025-01-23 17:40:16,OTHER,PAUSE,,,,,,,,,,,,,,,,,,,,,,,,,,,,,,,,,,,,,,,125.83319735527039,False
1737650416.9151824,2025-01-23 17:40:16,OTHER,PAUSE,,,,,,,,,,,,,,,,,,,,,,,,,,,,,,,,,,,,,,,125.90120124816895,False
1737650416.9971871,2025-01-23 17:40:16,OTHER,PAUSE,,,,,,,,,,,,,,,,,,,,,,,,,,,,,,,,,,,,,,,125.98320603370667,False
1737650417.0761914,2025-01-23 17:40:17,OTHER,PAUSE,,,,,,,,,,,,,,,,,,,,,,,,,,,,,,,,,,,,,,,126.06221032142639,False
1737650417.1381953,2025-01-23 17:40:17,OTHER,PAUSE,,,,,,,,,,,,,,,,,,,,,,,,,,,,,,,,,,,,,,,126.12421417236328,False
1737650417.2161996,2025-01-23 17:40:17,OTHER,PAUSE,,,,,,,,,,,,,,,,,,,,,,,,,,,,,,,,,,,,,,,126.20221853256226,False
1737650417.2902038,2025-01-23 17:40:17,OTHER,PAUSE,,,,,,,,,,,,,,,,,,,,,,,,,,,,,,,,,,,,,,,126.27622270584106,False
1737650417.3682084,2025-01-23 17:40:17,OTHER,PAUSE,,,,,,,,,,,,,,,,,,,,,,,,,,,,,,,,,,,,,,,126.35422730445862,False
1737650417.4382124,2025-01-23 17:40:17,OTHER,PAUSE,,,,,,,,,,,,,,,,,,,,,,,,,,,,,,,,,,,,,,,126.42423129081726,False
1737650417.5152166,2025-01-23 17:40:17,OTHER,PAUSE,,,,,,,,,,,,,,,,,,,,,,,,,,,,,,,,,,,,,,,126.5012354850769,False
1737650417.5932212,2025-01-23 17:40:17,OTHER,PAUSE,,,,,,,,,,,,,,,,,,,,,,,,,,,,,,,,,,,,,,,126.57924008369446,False
1737650417.6712255,2025-01-23 17:40:17,OTHER,PAUSE,,,,,,,,,,,,,,,,,,,,,,,,,,,,,,,,,,,,,,,126.65724444389343,False
1737650417.7382295,2025-01-23 17:40:17,OTHER,PAUSE,,,,,,,,,,,,,,,,,,,,,,,,,,,,,,,,,,,,,,,126.72424840927124,False
1737650417.8072333,2025-01-23 17:40:17,OTHER,PAUSE,,,,,,,,,,,,,,,,,,,,,,,,,,,,,,,,,,,,,,,126.79325222969055,False
1737650417.8872378,2025-01-23 17:40:17,OTHER,PAUSE,,,,,,,,,,,,,,,,,,,,,,,,,,,,,,,,,,,,,,,126.87325668334961,False
1737650417.9502416,2025-01-23 17:40:17,OTHER,PAUSE,,,,,,,,,,,,,,,,,,,,,,,,,,,,,,,,,,,,,,,126.93626046180725,False
1737650418.0212457,2025-01-23 17:40:18,OTHER,PAUSE,,,,,,,,,,,,,,,,,,,,,,,,,,,,,,,,,,,,,,,127.00726461410522,False
1737650418.0902498,2025-01-23 17:40:18,OTHER,PAUSE,,,,,,,,,,,,,,,,,,,,,,,,,,,,,,,,,,,,,,,127.07626867294312,False
1737650418.1642537,2025-01-23 17:40:18,OTHER,PAUSE,,,,,,,,,,,,,,,,,,,,,,,,,,,,,,,,,,,,,,,127.15027260780334,False
1737650418.2402582,2025-01-23 17:40:18,OTHER,PAUSE,,,,,,,,,,,,,,,,,,,,,,,,,,,,,,,,,,,,,,,127.22627711296082,False
1737650418.308262,2025-01-23 17:40:18,OTHER,PAUSE,,,,,,,,,,,,,,,,,,,,,,,,,,,,,,,,,,,,,,,127.29428100585938,False
1737650418.381266,2025-01-23 17:40:18,OTHER,PAUSE,,,,,,,,,,,,,,,,,,,,,,,,,,,,,,,,,,,,,,,127.36728501319885,False
1737650418.4562707,2025-01-23 17:40:18,OTHER,PAUSE,,,,,,,,,,,,,,,,,,,,,,,,,,,,,,,,,,,,,,,127.44228959083557,False
1737650418.5262744,2025-01-23 17:40:18,OTHER,PAUSE,,,,,,,,,,,,,,,,,,,,,,,,,,,,,,,,,,,,,,,127.51229333877563,False
1737650418.5952785,2025-01-23 17:40:18,OTHER,PAUSE,,,,,,,,,,,,,,,,,,,,,,,,,,,,,,,,,,,,,,,127.58129739761353,False
1737650418.6562822,2025-01-23 17:40:18,OTHER,PAUSE,,,,,,,,,,,,,,,,,,,,,,,,,,,,,,,,,,,,,,,127.64230108261108,False
1737650418.7332864,2025-01-23 17:40:18,OTHER,PAUSE,,,,,,,,,,,,,,,,,,,,,,,,,,,,,,,,,,,,,,,127.71930527687073,False
1737650418.8022902,2025-01-23 17:40:18,OTHER,PAUSE,,,,,,,,,,,,,,,,,,,,,,,,,,,,,,,,,,,,,,,127.78830909729004,False
1737650418.8712943,2025-01-23 17:40:18,OTHER,PAUSE,,,,,,,,,,,,,,,,,,,,,,,,,,,,,,,,,,,,,,,127.85731315612793,False
1737650418.9492986,2025-01-23 17:40:18,OTHER,PAUSE,,,,,,,,,,,,,,,,,,,,,,,,,,,,,,,,,,,,,,,127.9353175163269,False
1737650419.0273032,2025-01-23 17:40:19,OTHER,PAUSE,,,,,,,,,,,,,,,,,,,,,,,,,,,,,,,,,,,,,,,128.01332211494446,False
1737650419.0983074,2025-01-23 17:40:19,OTHER,PAUSE,,,,,,,,,,,,,,,,,,,,,,,,,,,,,,,,,,,,,,,128.08432626724243,False
1737650419.1663113,2025-01-23 17:40:19,OTHER,PAUSE,,,,,,,,,,,,,,,,,,,,,,,,,,,,,,,,,,,,,,,128.152330160141,False
1737650419.2363153,2025-01-23 17:40:19,OTHER,PAUSE,,,,,,,,,,,,,,,,,,,,,,,,,,,,,,,,,,,,,,,128.22233414649963,False
1737650419.3193197,2025-01-23 17:40:19,OTHER,PAUSE,,,,,,,,,,,,,,,,,,,,,,,,,,,,,,,,,,,,,,,128.30533862113953,False
1737650419.3883238,2025-01-23 17:40:19,OTHER,PAUSE,,,,,,,,,,,,,,,,,,,,,,,,,,,,,,,,,,,,,,,128.37434267997742,False
1737650419.462328,2025-01-23 17:40:19,OTHER,PAUSE,,,,,,,,,,,,,,,,,,,,,,,,,,,,,,,,,,,,,,,128.44834685325623,False
1737650419.5463328,2025-01-23 17:40:19,OTHER,PAUSE,,,,,,,,,,,,,,,,,,,,,,,,,,,,,,,,,,,,,,,128.53235173225403,False
1737650419.6203372,2025-01-23 17:40:19,OTHER,PAUSE,,,,,,,,,,,,,,,,,,,,,,,,,,,,,,,,,,,,,,,128.60635614395142,False
1737650419.6953413,2025-01-23 17:40:19,OTHER,PAUSE,,,,,,,,,,,,,,,,,,,,,,,,,,,,,,,,,,,,,,,128.68136024475098,False
1737650419.7683456,2025-01-23 17:40:19,OTHER,PAUSE,,,,,,,,,,,,,,,,,,,,,,,,,,,,,,,,,,,,,,,128.75436449050903,False
1737650419.8403497,2025-01-23 17:40:19,OTHER,PAUSE,,,,,,,,,,,,,,,,,,,,,,,,,,,,,,,,,,,,,,,128.82636857032776,False
1737650419.9083536,2025-01-23 17:40:19,OTHER,PAUSE,,,,,,,,,,,,,,,,,,,,,,,,,,,,,,,,,,,,,,,128.89437246322632,False
1737650419.9763575,2025-01-23 17:40:19,OTHER,PAUSE,,,,,,,,,,,,,,,,,,,,,,,,,,,,,,,,,,,,,,,128.96237635612488,False
1737650420.0593624,2025-01-23 17:40:20,OTHER,PAUSE,,,,,,,,,,,,,,,,,,,,,,,,,,,,,,,,,,,,,,,129.04538130760193,False
1737650420.1463673,2025-01-23 17:40:20,OTHER,PAUSE,,,,,,,,,,,,,,,,,,,,,,,,,,,,,,,,,,,,,,,129.13238620758057,False
1737650420.2243717,2025-01-23 17:40:20,OTHER,PAUSE,,,,,,,,,,,,,,,,,,,,,,,,,,,,,,,,,,,,,,,129.21039056777954,False
1737650420.3043764,2025-01-23 17:40:20,OTHER,PAUSE,,,,,,,,,,,,,,,,,,,,,,,,,,,,,,,,,,,,,,,129.29039525985718,False
1737650420.3803806,2025-01-23 17:40:20,OTHER,PAUSE,,,,,,,,,,,,,,,,,,,,,,,,,,,,,,,,,,,,,,,129.36639952659607,False
1737650420.4463844,2025-01-23 17:40:20,OTHER,PAUSE,,,,,,,,,,,,,,,,,,,,,,,,,,,,,,,,,,,,,,,129.43240332603455,False
1737650420.510388,2025-01-23 17:40:20,OTHER,PAUSE,,,,,,,,,,,,,,,,,,,,,,,,,,,,,,,,,,,,,,,129.49640679359436,False
1737650420.5903926,2025-01-23 17:40:20,OTHER,PAUSE,,,,,,,,,,,,,,,,,,,,,,,,,,,,,,,,,,,,,,,129.576411485672,False
1737650420.6603966,2025-01-23 17:40:20,OTHER,PAUSE,,,,,,,,,,,,,,,,,,,,,,,,,,,,,,,,,,,,,,,129.64641547203064,False
1737650420.7484016,2025-01-23 17:40:20,OTHER,PAUSE,,,,,,,,,,,,,,,,,,,,,,,,,,,,,,,,,,,,,,,129.7344205379486,False
1737650420.8304064,2025-01-23 17:40:20,OTHER,PAUSE,,,,,,,,,,,,,,,,,,,,,,,,,,,,,,,,,,,,,,,129.81642532348633,False
1737650420.9034104,2025-01-23 17:40:20,OTHER,PAUSE,,,,,,,,,,,,,,,,,,,,,,,,,,,,,,,,,,,,,,,129.8894293308258,False
1737650420.9764147,2025-01-23 17:40:20,OTHER,PAUSE,,,,,,,,,,,,,,,,,,,,,,,,,,,,,,,,,,,,,,,129.96243357658386,False
1737650421.0524192,2025-01-23 17:40:21,OTHER,PAUSE,,,,,,,,,,,,,,,,,,,,,,,,,,,,,,,,,,,,,,,130.03843808174133,False
1737650421.122423,2025-01-23 17:40:21,OTHER,PAUSE,,,,,,,,,,,,,,,,,,,,,,,,,,,,,,,,,,,,,,,130.1084418296814,False
1737650421.189427,2025-01-23 17:40:21,OTHER,PAUSE,,,,,,,,,,,,,,,,,,,,,,,,,,,,,,,,,,,,,,,130.1754457950592,False
1737650421.2754316,2025-01-23 17:40:21,OTHER,PAUSE,,,,,,,,,,,,,,,,,,,,,,,,,,,,,,,,,,,,,,,130.2614505290985,False
1737650421.3514361,2025-01-23 17:40:21,OTHER,PAUSE,,,,,,,,,,,,,,,,,,,,,,,,,,,,,,,,,,,,,,,130.33745503425598,False
1737650421.4284406,2025-01-23 17:40:21,OTHER,PAUSE,,,,,,,,,,,,,,,,,,,,,,,,,,,,,,,,,,,,,,,130.4144594669342,False
1737650421.5004447,2025-01-23 17:40:21,OTHER,PAUSE,,,,,,,,,,,,,,,,,,,,,,,,,,,,,,,,,,,,,,,130.48646354675293,False
1737650421.5844495,2025-01-23 17:40:21,OTHER,PAUSE,,,,,,,,,,,,,,,,,,,,,,,,,,,,,,,,,,,,,,,130.57046842575073,False
1737650421.6544535,2025-01-23 17:40:21,OTHER,PAUSE,,,,,,,,,,,,,,,,,,,,,,,,,,,,,,,,,,,,,,,130.64047241210938,False
1737650421.7364583,2025-01-23 17:40:21,OTHER,PAUSE,,,,,,,,,,,,,,,,,,,,,,,,,,,,,,,,,,,,,,,130.7224771976471,False
1737650421.8184626,2025-01-23 17:40:21,OTHER,PAUSE,,,,,,,,,,,,,,,,,,,,,,,,,,,,,,,,,,,,,,,130.80448150634766,False
1737650421.903468,2025-01-23 17:40:21,OTHER,PAUSE,,,,,,,,,,,,,,,,,,,,,,,,,,,,,,,,,,,,,,,130.88948678970337,False
1737650421.9704714,2025-01-23 17:40:21,OTHER,PAUSE,,,,,,,,,,,,,,,,,,,,,,,,,,,,,,,,,,,,,,,130.95649027824402,False
1737650422.050476,2025-01-23 17:40:22,OTHER,PAUSE,,,,,,,,,,,,,,,,,,,,,,,,,,,,,,,,,,,,,,,131.03649497032166,False
1737650422.1194801,2025-01-23 17:40:22,OTHER,PAUSE,,,,,,,,,,,,,,,,,,,,,,,,,,,,,,,,,,,,,,,131.10549902915955,False
1737650422.1914842,2025-01-23 17:40:22,OTHER,PAUSE,,,,,,,,,,,,,,,,,,,,,,,,,,,,,,,,,,,,,,,131.17750310897827,False
1737650422.2614882,2025-01-23 17:40:22,OTHER,PAUSE,,,,,,,,,,,,,,,,,,,,,,,,,,,,,,,,,,,,,,,131.2475070953369,False
1737650422.3334923,2025-01-23 17:40:22,OTHER,PAUSE,,,,,,,,,,,,,,,,,,,,,,,,,,,,,,,,,,,,,,,131.31951117515564,False
1737650422.432498,2025-01-23 17:40:22,OTHER,PAUSE,,,,,,,,,,,,,,,,,,,,,,,,,,,,,,,,,,,,,,,131.41851687431335,False
1737650422.5095024,2025-01-23 17:40:22,OTHER,PAUSE,,,,,,,,,,,,,,,,,,,,,,,,,,,,,,,,,,,,,,,131.49552130699158,False
1737650422.5845065,2025-01-23 17:40:22,OTHER,PAUSE,,,,,,,,,,,,,,,,,,,,,,,,,,,,,,,,,,,,,,,131.57052540779114,False
1737650422.6615112,2025-01-23 17:40:22,OTHER,PAUSE,,,,,,,,,,,,,,,,,,,,,,,,,,,,,,,,,,,,,,,131.64753007888794,False
1737650422.732515,2025-01-23 17:40:22,OTHER,PAUSE,,,,,,,,,,,,,,,,,,,,,,,,,,,,,,,,,,,,,,,131.71853399276733,False
1737650422.798519,2025-01-23 17:40:22,OTHER,PAUSE,,,,,,,,,,,,,,,,,,,,,,,,,,,,,,,,,,,,,,,131.7845377922058,False
1737650422.8715231,2025-01-23 17:40:22,OTHER,PAUSE,,,,,,,,,,,,,,,,,,,,,,,,,,,,,,,,,,,,,,,131.85754203796387,False
1737650422.9625282,2025-01-23 17:40:22,OTHER,PAUSE,,,,,,,,,,,,,,,,,,,,,,,,,,,,,,,,,,,,,,,131.94854712486267,False
1737650423.065534,2025-01-23 17:40:23,OTHER,PAUSE,,,,,,,,,,,,,,,,,,,,,,,,,,,,,,,,,,,,,,,132.05155301094055,False
1737650423.151539,2025-01-23 17:40:23,OTHER,PAUSE,,,,,,,,,,,,,,,,,,,,,,,,,,,,,,,,,,,,,,,132.13755798339844,False
1737650423.2345438,2025-01-23 17:40:23,OTHER,PAUSE,,,,,,,,,,,,,,,,,,,,,,,,,,,,,,,,,,,,,,,132.2205626964569,False
1737650423.3105483,2025-01-23 17:40:23,OTHER,PAUSE,,,,,,,,,,,,,,,,,,,,,,,,,,,,,,,,,,,,,,,132.29656720161438,False
1737650423.3895526,2025-01-23 17:40:23,OTHER,PAUSE,,,,,,,,,,,,,,,,,,,,,,,,,,,,,,,,,,,,,,,132.3755714893341,False
1737650423.4595566,2025-01-23 17:40:23,OTHER,PAUSE,,,,,,,,,,,,,,,,,,,,,,,,,,,,,,,,,,,,,,,132.44557547569275,False
1737650423.5495617,2025-01-23 17:40:23,OTHER,PAUSE,,,,,,,,,,,,,,,,,,,,,,,,,,,,,,,,,,,,,,,132.5355806350708,False
1737650423.6275663,2025-01-23 17:40:23,OTHER,PAUSE,,,,,,,,,,,,,,,,,,,,,,,,,,,,,,,,,,,,,,,132.61358523368835,False
1737650423.710571,2025-01-23 17:40:23,OTHER,PAUSE,,,,,,,,,,,,,,,,,,,,,,,,,,,,,,,,,,,,,,,132.69658994674683,False
1737650423.7735746,2025-01-23 17:40:23,OTHER,PAUSE,,,,,,,,,,,,,,,,,,,,,,,,,,,,,,,,,,,,,,,132.7595934867859,False
1737650423.8535793,2025-01-23 17:40:23,OTHER,PAUSE,,,,,,,,,,,,,,,,,,,,,,,,,,,,,,,,,,,,,,,132.83959817886353,False
1737650423.9285834,2025-01-23 17:40:23,OTHER,PAUSE,,,,,,,,,,,,,,,,,,,,,,,,,,,,,,,,,,,,,,,132.9146022796631,False
1737650423.9955873,2025-01-23 17:40:23,OTHER,PAUSE,,,,,,,,,,,,,,,,,,,,,,,,,,,,,,,,,,,,,,,132.9816062450409,False
1737650424.0645914,2025-01-23 17:40:24,OTHER,PAUSE,,,,,,,,,,,,,,,,,,,,,,,,,,,,,,,,,,,,,,,133.05061030387878,False
1737650424.1555965,2025-01-23 17:40:24,OTHER,PAUSE,,,,,,,,,,,,,,,,,,,,,,,,,,,,,,,,,,,,,,,133.1416153907776,False
1737650424.2306006,2025-01-23 17:40:24,OTHER,PAUSE,,,,,,,,,,,,,,,,,,,,,,,,,,,,,,,,,,,,,,,133.21661949157715,False
1737650424.2966046,2025-01-23 17:40:24,OTHER,PAUSE,,,,,,,,,,,,,,,,,,,,,,,,,,,,,,,,,,,,,,,133.2826235294342,False
1737650424.3666086,2025-01-23 17:40:24,OTHER,PAUSE,,,,,,,,,,,,,,,,,,,,,,,,,,,,,,,,,,,,,,,133.35262751579285,False
1737650424.4466133,2025-01-23 17:40:24,OTHER,PAUSE,,,,,,,,,,,,,,,,,,,,,,,,,,,,,,,,,,,,,,,133.43263220787048,False
1737650424.5166173,2025-01-23 17:40:24,OTHER,PAUSE,,,,,,,,,,,,,,,,,,,,,,,,,,,,,,,,,,,,,,,133.50263619422913,False
1737650424.5946217,2025-01-23 17:40:24,OTHER,PAUSE,,,,,,,,,,,,,,,,,,,,,,,,,,,,,,,,,,,,,,,133.5806405544281,False
1737650424.6636257,2025-01-23 17:40:24,OTHER,PAUSE,,,,,,,,,,,,,,,,,,,,,,,,,,,,,,,,,,,,,,,133.649644613266,False
1737650424.7546308,2025-01-23 17:40:24,OTHER,PAUSE,,,,,,,,,,,,,,,,,,,,,,,,,,,,,,,,,,,,,,,133.7406497001648,False
1737650424.8236346,2025-01-23 17:40:24,OTHER,PAUSE,,,,,,,,,,,,,,,,,,,,,,,,,,,,,,,,,,,,,,,133.8096535205841,False
1737650424.8936386,2025-01-23 17:40:24,OTHER,PAUSE,,,,,,,,,,,,,,,,,,,,,,,,,,,,,,,,,,,,,,,133.87965750694275,False
1737650424.983644,2025-01-23 17:40:24,OTHER,PAUSE,,,,,,,,,,,,,,,,,,,,,,,,,,,,,,,,,,,,,,,133.96966290473938,False
1737650425.0576482,2025-01-23 17:40:25,OTHER,PAUSE,,,,,,,,,,,,,,,,,,,,,,,,,,,,,,,,,,,,,,,134.0436670780182,False
1737650425.1376526,2025-01-23 17:40:25,OTHER,PAUSE,,,,,,,,,,,,,,,,,,,,,,,,,,,,,,,,,,,,,,,134.12367153167725,False
1737650425.2026565,2025-01-23 17:40:25,OTHER,PAUSE,,,,,,,,,,,,,,,,,,,,,,,,,,,,,,,,,,,,,,,134.18867540359497,False
1737650425.2856612,2025-01-23 17:40:25,OTHER,PAUSE,,,,,,,,,,,,,,,,,,,,,,,,,,,,,,,,,,,,,,,134.27168011665344,False
1737650425.3626654,2025-01-23 17:40:25,OTHER,PAUSE,,,,,,,,,,,,,,,,,,,,,,,,,,,,,,,,,,,,,,,134.3486843109131,False
1737650425.43867,2025-01-23 17:40:25,OTHER,PAUSE,,,,,,,,,,,,,,,,,,,,,,,,,,,,,,,,,,,,,,,134.42468881607056,False
1737650425.5176744,2025-01-23 17:40:25,OTHER,PAUSE,,,,,,,,,,,,,,,,,,,,,,,,,,,,,,,,,,,,,,,134.50369334220886,False
1737650425.5886784,2025-01-23 17:40:25,OTHER,PAUSE,,,,,,,,,,,,,,,,,,,,,,,,,,,,,,,,,,,,,,,134.57469725608826,False
1737650425.6536822,2025-01-23 17:40:25,OTHER,PAUSE,,,,,,,,,,,,,,,,,,,,,,,,,,,,,,,,,,,,,,,134.63970112800598,False
1737650425.7246864,2025-01-23 17:40:25,OTHER,PAUSE,,,,,,,,,,,,,,,,,,,,,,,,,,,,,,,,,,,,,,,134.71070528030396,False
1737650425.7996905,2025-01-23 17:40:25,OTHER,PAUSE,,,,,,,,,,,,,,,,,,,,,,,,,,,,,,,,,,,,,,,134.78570938110352,False
1737650425.8896956,2025-01-23 17:40:25,OTHER,PAUSE,,,,,,,,,,,,,,,,,,,,,,,,,,,,,,,,,,,,,,,134.87571454048157,False
1737650425.9616997,2025-01-23 17:40:25,OTHER,PAUSE,,,,,,,,,,,,,,,,,,,,,,,,,,,,,,,,,,,,,,,134.9477186203003,False
1737650426.0467045,2025-01-23 17:40:26,OTHER,PAUSE,,,,,,,,,,,,,,,,,,,,,,,,,,,,,,,,,,,,,,,135.03272342681885,False
1737650426.120709,2025-01-23 17:40:26,OTHER,PAUSE,,,,,,,,,,,,,,,,,,,,,,,,,,,,,,,,,,,,,,,135.10672783851624,False
1737650426.1987133,2025-01-23 17:40:26,OTHER,PAUSE,,,,,,,,,,,,,,,,,,,,,,,,,,,,,,,,,,,,,,,135.1847321987152,False
1737650426.277718,2025-01-23 17:40:26,OTHER,PAUSE,,,,,,,,,,,,,,,,,,,,,,,,,,,,,,,,,,,,,,,135.2637369632721,False
1737650426.348722,2025-01-23 17:40:26,OTHER,PAUSE,,,,,,,,,,,,,,,,,,,,,,,,,,,,,,,,,,,,,,,135.3347408771515,False
1737650426.4327269,2025-01-23 17:40:26,OTHER,PAUSE,,,,,,,,,,,,,,,,,,,,,,,,,,,,,,,,,,,,,,,135.4187457561493,False
1737650426.5107312,2025-01-23 17:40:26,OTHER,PAUSE,,,,,,,,,,,,,,,,,,,,,,,,,,,,,,,,,,,,,,,135.49675011634827,False
1737650426.5807352,2025-01-23 17:40:26,OTHER,PAUSE,,,,,,,,,,,,,,,,,,,,,,,,,,,,,,,,,,,,,,,135.5667541027069,False
1737650426.66274,2025-01-23 17:40:26,OTHER,PAUSE,,,,,,,,,,,,,,,,,,,,,,,,,,,,,,,,,,,,,,,135.64875888824463,False
1737650426.731744,2025-01-23 17:40:26,OTHER,PAUSE,,,,,,,,,,,,,,,,,,,,,,,,,,,,,,,,,,,,,,,135.71776294708252,False
1737650426.8037481,2025-01-23 17:40:26,OTHER,PAUSE,,,,,,,,,,,,,,,,,,,,,,,,,,,,,,,,,,,,,,,135.78976702690125,False
1737650426.8817525,2025-01-23 17:40:26,OTHER,PAUSE,,,,,,,,,,,,,,,,,,,,,,,,,,,,,,,,,,,,,,,135.86777138710022,False
1737650426.9537566,2025-01-23 17:40:26,OTHER,PAUSE,,,,,,,,,,,,,,,,,,,,,,,,,,,,,,,,,,,,,,,135.93977546691895,False
1737650427.032761,2025-01-23 17:40:27,OTHER,PAUSE,,,,,,,,,,,,,,,,,,,,,,,,,,,,,,,,,,,,,,,136.01877999305725,False
1737650427.102765,2025-01-23 17:40:27,OTHER,PAUSE,,,,,,,,,,,,,,,,,,,,,,,,,,,,,,,,,,,,,,,136.0887839794159,False
1737650427.1747692,2025-01-23 17:40:27,OTHER,PAUSE,,,,,,,,,,,,,,,,,,,,,,,,,,,,,,,,,,,,,,,136.16078805923462,False
1737650427.2547739,2025-01-23 17:40:27,OTHER,PAUSE,,,,,,,,,,,,,,,,,,,,,,,,,,,,,,,,,,,,,,,136.24079275131226,False
1737650427.327778,2025-01-23 17:40:27,OTHER,PAUSE,,,,,,,,,,,,,,,,,,,,,,,,,,,,,,,,,,,,,,,136.3137969970703,False
1737650427.3997822,2025-01-23 17:40:27,OTHER,PAUSE,,,,,,,,,,,,,,,,,,,,,,,,,,,,,,,,,,,,,,,136.38580107688904,False
1737650427.4737864,2025-01-23 17:40:27,OTHER,PAUSE,,,,,,,,,,,,,,,,,,,,,,,,,,,,,,,,,,,,,,,136.45980525016785,False
1737650427.5697918,2025-01-23 17:40:27,OTHER,PAUSE,,,,,,,,,,,,,,,,,,,,,,,,,,,,,,,,,,,,,,,136.55581068992615,False
1737650427.6477962,2025-01-23 17:40:27,OTHER,PAUSE,,,,,,,,,,,,,,,,,,,,,,,,,,,,,,,,,,,,,,,136.63381505012512,False
1737650427.7218006,2025-01-23 17:40:27,OTHER,PAUSE,,,,,,,,,,,,,,,,,,,,,,,,,,,,,,,,,,,,,,,136.7078194618225,False
1737650427.7938046,2025-01-23 17:40:27,OTHER,PAUSE,,,,,,,,,,,,,,,,,,,,,,,,,,,,,,,,,,,,,,,136.77982354164124,False
1737650427.871809,2025-01-23 17:40:27,OTHER,PAUSE,,,,,,,,,,,,,,,,,,,,,,,,,,,,,,,,,,,,,,,136.8578279018402,False
1737650427.9398131,2025-01-23 17:40:27,OTHER,PAUSE,,,,,,,,,,,,,,,,,,,,,,,,,,,,,,,,,,,,,,,136.92583203315735,False
1737650428.0168173,2025-01-23 17:40:28,OTHER,PAUSE,,,,,,,,,,,,,,,,,,,,,,,,,,,,,,,,,,,,,,,137.002836227417,False
1737650428.0958219,2025-01-23 17:40:28,OTHER,PAUSE,,,,,,,,,,,,,,,,,,,,,,,,,,,,,,,,,,,,,,,137.0818407535553,False
1737650428.182827,2025-01-23 17:40:28,OTHER,PAUSE,,,,,,,,,,,,,,,,,,,,,,,,,,,,,,,,,,,,,,,137.16884589195251,False
1737650428.250831,2025-01-23 17:40:28,OTHER,PAUSE,,,,,,,,,,,,,,,,,,,,,,,,,,,,,,,,,,,,,,,137.23684978485107,False
1737650428.325835,2025-01-23 17:40:28,OTHER,PAUSE,,,,,,,,,,,,,,,,,,,,,,,,,,,,,,,,,,,,,,,137.31185388565063,False
1737650428.3998392,2025-01-23 17:40:28,OTHER,PAUSE,,,,,,,,,,,,,,,,,,,,,,,,,,,,,,,,,,,,,,,137.38585805892944,False
1737650428.4718432,2025-01-23 17:40:28,OTHER,PAUSE,,,,,,,,,,,,,,,,,,,,,,,,,,,,,,,,,,,,,,,137.45786213874817,False
1737650428.5388472,2025-01-23 17:40:28,OTHER,PAUSE,,,,,,,,,,,,,,,,,,,,,,,,,,,,,,,,,,,,,,,137.52486610412598,False
1737650428.6128514,2025-01-23 17:40:28,OTHER,PAUSE,,,,,,,,,,,,,,,,,,,,,,,,,,,,,,,,,,,,,,,137.59887027740479,False
1737650428.6948562,2025-01-23 17:40:28,OTHER,PAUSE,,,,,,,,,,,,,,,,,,,,,,,,,,,,,,,,,,,,,,,137.6808750629425,False
1737650428.7758608,2025-01-23 17:40:28,OTHER,PAUSE,,,,,,,,,,,,,,,,,,,,,,,,,,,,,,,,,,,,,,,137.7618796825409,False
1737650428.8528652,2025-01-23 17:40:28,OTHER,PAUSE,,,,,,,,,,,,,,,,,,,,,,,,,,,,,,,,,,,,,,,137.83888411521912,False
1737650428.9248693,2025-01-23 17:40:28,OTHER,PAUSE,,,,,,,,,,,,,,,,,,,,,,,,,,,,,,,,,,,,,,,137.91088819503784,False
1737650428.9948733,2025-01-23 17:40:28,OTHER,PAUSE,,,,,,,,,,,,,,,,,,,,,,,,,,,,,,,,,,,,,,,137.98089218139648,False
1737650429.0858786,2025-01-23 17:40:29,OTHER,PAUSE,,,,,,,,,,,,,,,,,,,,,,,,,,,,,,,,,,,,,,,138.07189750671387,False
1737650429.164883,2025-01-23 17:40:29,OTHER,PAUSE,,,,,,,,,,,,,,,,,,,,,,,,,,,,,,,,,,,,,,,138.1509017944336,False
1737650429.249888,2025-01-23 17:40:29,OTHER,PAUSE,,,,,,,,,,,,,,,,,,,,,,,,,,,,,,,,,,,,,,,138.23590683937073,False
1737650429.3338926,2025-01-23 17:40:29,OTHER,PAUSE,,,,,,,,,,,,,,,,,,,,,,,,,,,,,,,,,,,,,,,138.31991147994995,False
1737650429.408897,2025-01-23 17:40:29,OTHER,PAUSE,,,,,,,,,,,,,,,,,,,,,,,,,,,,,,,,,,,,,,,138.3949158191681,False
1737650429.479901,2025-01-23 17:40:29,OTHER,PAUSE,,,,,,,,,,,,,,,,,,,,,,,,,,,,,,,,,,,,,,,138.46591997146606,False
1737650429.547905,2025-01-23 17:40:29,OTHER,PAUSE,,,,,,,,,,,,,,,,,,,,,,,,,,,,,,,,,,,,,,,138.53392386436462,False
1737650429.618909,2025-01-23 17:40:29,OTHER,PAUSE,,,,,,,,,,,,,,,,,,,,,,,,,,,,,,,,,,,,,,,138.60492777824402,False
1737650429.6889129,2025-01-23 17:40:29,OTHER,PAUSE,,,,,,,,,,,,,,,,,,,,,,,,,,,,,,,,,,,,,,,138.67493176460266,False
1737650429.758917,2025-01-23 17:40:29,OTHER,PAUSE,,,,,,,,,,,,,,,,,,,,,,,,,,,,,,,,,,,,,,,138.74493598937988,False
1737650429.8519223,2025-01-23 17:40:29,OTHER,PAUSE,,,,,,,,,,,,,,,,,,,,,,,,,,,,,,,,,,,,,,,138.83794116973877,False
1737650429.9249265,2025-01-23 17:40:29,OTHER,PAUSE,,,,,,,,,,,,,,,,,,,,,,,,,,,,,,,,,,,,,,,138.91094541549683,False
1737650430.0079315,2025-01-23 17:40:30,OTHER,PAUSE,,,,,,,,,,,,,,,,,,,,,,,,,,,,,,,,,,,,,,,138.99395036697388,False
1737650430.0869358,2025-01-23 17:40:30,OTHER,PAUSE,,,,,,,,,,,,,,,,,,,,,,,,,,,,,,,,,,,,,,,139.0729546546936,False
1737650430.1539397,2025-01-23 17:40:30,OTHER,PAUSE,,,,,,,,,,,,,,,,,,,,,,,,,,,,,,,,,,,,,,,139.1399586200714,False
1737650430.2339444,2025-01-23 17:40:30,OTHER,PAUSE,,,,,,,,,,,,,,,,,,,,,,,,,,,,,,,,,,,,,,,139.21996331214905,False
1737650430.3119485,2025-01-23 17:40:30,OTHER,PAUSE,,,,,,,,,,,,,,,,,,,,,,,,,,,,,,,,,,,,,,,139.29796743392944,False
1737650430.4109542,2025-01-23 17:40:30,OTHER,PAUSE,,,,,,,,,,,,,,,,,,,,,,,,,,,,,,,,,,,,,,,139.39697313308716,False
1737650430.490959,2025-01-23 17:40:30,OTHER,PAUSE,,,,,,,,,,,,,,,,,,,,,,,,,,,,,,,,,,,,,,,139.4769778251648,False
1737650430.5709634,2025-01-23 17:40:30,OTHER,PAUSE,,,,,,,,,,,,,,,,,,,,,,,,,,,,,,,,,,,,,,,139.55698227882385,False
1737650430.648968,2025-01-23 17:40:30,OTHER,PAUSE,,,,,,,,,,,,,,,,,,,,,,,,,,,,,,,,,,,,,,,139.6349868774414,False
1737650430.720972,2025-01-23 17:40:30,OTHER,PAUSE,,,,,,,,,,,,,,,,,,,,,,,,,,,,,,,,,,,,,,,139.70699095726013,False
1737650430.787976,2025-01-23 17:40:30,OTHER,PAUSE,,,,,,,,,,,,,,,,,,,,,,,,,,,,,,,,,,,,,,,139.77399492263794,False
1737650430.8609803,2025-01-23 17:40:30,OTHER,PAUSE,,,,,,,,,,,,,,,,,,,,,,,,,,,,,,,,,,,,,,,139.846999168396,False
1737650430.9369843,2025-01-23 17:40:30,OTHER,PAUSE,,,,,,,,,,,,,,,,,,,,,,,,,,,,,,,,,,,,,,,139.9230031967163,False
1737650431.03299,2025-01-23 17:40:31,OTHER,PAUSE,,,,,,,,,,,,,,,,,,,,,,,,,,,,,,,,,,,,,,,140.0190088748932,False
1737650431.1429963,2025-01-23 17:40:31,OTHER,PAUSE,,,,,,,,,,,,,,,,,,,,,,,,,,,,,,,,,,,,,,,140.12901520729065,False
1737650431.2390015,2025-01-23 17:40:31,OTHER,PAUSE,,,,,,,,,,,,,,,,,,,,,,,,,,,,,,,,,,,,,,,140.22502040863037,False
1737650431.329007,2025-01-23 17:40:31,OTHER,PAUSE,,,,,,,,,,,,,,,,,,,,,,,,,,,,,,,,,,,,,,,140.315025806427,False
1737650431.4160118,2025-01-23 17:40:31,OTHER,PAUSE,,,,,,,,,,,,,,,,,,,,,,,,,,,,,,,,,,,,,,,140.40203070640564,False
1737650431.5240178,2025-01-23 17:40:31,OTHER,PAUSE,,,,,,,,,,,,,,,,,,,,,,,,,,,,,,,,,,,,,,,140.51003670692444,False
1737650431.6320243,2025-01-23 17:40:31,OTHER,PAUSE,,,,,,,,,,,,,,,,,,,,,,,,,,,,,,,,,,,,,,,140.6180431842804,False
1737650431.7290297,2025-01-23 17:40:31,OTHER,PAUSE,,,,,,,,,,,,,,,,,,,,,,,,,,,,,,,,,,,,,,,140.71504855155945,False
1737650431.8290355,2025-01-23 17:40:31,OTHER,PAUSE,,,,,,,,,,,,,,,,,,,,,,,,,,,,,,,,,,,,,,,140.8150544166565,False
1737650431.9260411,2025-01-23 17:40:31,OTHER,PAUSE,,,,,,,,,,,,,,,,,,,,,,,,,,,,,,,,,,,,,,,140.91206002235413,False
1737650432.0100458,2025-01-23 17:40:32,OTHER,PAUSE,,,,,,,,,,,,,,,,,,,,,,,,,,,,,,,,,,,,,,,140.99606466293335,False
1737650432.1060514,2025-01-23 17:40:32,OTHER,PAUSE,,,,,,,,,,,,,,,,,,,,,,,,,,,,,,,,,,,,,,,141.09207034111023,False
1737650432.1970565,2025-01-23 17:40:32,OTHER,PAUSE,,,,,,,,,,,,,,,,,,,,,,,,,,,,,,,,,,,,,,,141.18307542800903,False
1737650432.2730608,2025-01-23 17:40:32,OTHER,PAUSE,,,,,,,,,,,,,,,,,,,,,,,,,,,,,,,,,,,,,,,141.25907969474792,False
1737650432.3490653,2025-01-23 17:40:32,OTHER,PAUSE,,,,,,,,,,,,,,,,,,,,,,,,,,,,,,,,,,,,,,,141.3350841999054,False
1737650432.4240694,2025-01-23 17:40:32,OTHER,PAUSE,,,,,,,,,,,,,,,,,,,,,,,,,,,,,,,,,,,,,,,141.41008830070496,False
1737650432.5000737,2025-01-23 17:40:32,OTHER,PAUSE,,,,,,,,,,,,,,,,,,,,,,,,,,,,,,,,,,,,,,,141.48609256744385,False
1737650432.5650775,2025-01-23 17:40:32,OTHER,PAUSE,,,,,,,,,,,,,,,,,,,,,,,,,,,,,,,,,,,,,,,141.55109643936157,False
1737650432.643082,2025-01-23 17:40:32,OTHER,PAUSE,,,,,,,,,,,,,,,,,,,,,,,,,,,,,,,,,,,,,,,141.62910079956055,False
1737650432.7400875,2025-01-23 17:40:32,OTHER,PAUSE,,,,,,,,,,,,,,,,,,,,,,,,,,,,,,,,,,,,,,,141.72610640525818,False
1737650432.8100915,2025-01-23 17:40:32,OTHER,PAUSE,,,,,,,,,,,,,,,,,,,,,,,,,,,,,,,,,,,,,,,141.79611039161682,False
1737650432.8950963,2025-01-23 17:40:32,OTHER,PAUSE,,,,,,,,,,,,,,,,,,,,,,,,,,,,,,,,,,,,,,,141.88111519813538,False
1737650432.9801013,2025-01-23 17:40:32,OTHER,PAUSE,,,,,,,,,,,,,,,,,,,,,,,,,,,,,,,,,,,,,,,141.9661202430725,False
1737650433.0571058,2025-01-23 17:40:33,OTHER,PAUSE,,,,,,,,,,,,,,,,,,,,,,,,,,,,,,,,,,,,,,,142.04312467575073,False
1737650433.1291099,2025-01-23 17:40:33,OTHER,PAUSE,,,,,,,,,,,,,,,,,,,,,,,,,,,,,,,,,,,,,,,142.11512875556946,False
1737650433.201114,2025-01-23 17:40:33,OTHER,PAUSE,,,,,,,,,,,,,,,,,,,,,,,,,,,,,,,,,,,,,,,142.18713283538818,False
1737650433.2931192,2025-01-23 17:40:33,OTHER,PAUSE,,,,,,,,,,,,,,,,,,,,,,,,,,,,,,,,,,,,,,,142.27913808822632,False
1737650433.3661232,2025-01-23 17:40:33,OTHER,PAUSE,,,,,,,,,,,,,,,,,,,,,,,,,,,,,,,,,,,,,,,142.3521420955658,False
1737650433.4391274,2025-01-23 17:40:33,OTHER,PAUSE,,,,,,,,,,,,,,,,,,,,,,,,,,,,,,,,,,,,,,,142.42514634132385,False
1737650433.5121317,2025-01-23 17:40:33,OTHER,PAUSE,,,,,,,,,,,,,,,,,,,,,,,,,,,,,,,,,,,,,,,142.4981505870819,False
1737650433.5781355,2025-01-23 17:40:33,OTHER,PAUSE,,,,,,,,,,,,,,,,,,,,,,,,,,,,,,,,,,,,,,,142.56415438652039,False
1737650433.6501396,2025-01-23 17:40:33,OTHER,PAUSE,,,,,,,,,,,,,,,,,,,,,,,,,,,,,,,,,,,,,,,142.6361584663391,False
1737650433.7201436,2025-01-23 17:40:33,OTHER,PAUSE,,,,,,,,,,,,,,,,,,,,,,,,,,,,,,,,,,,,,,,142.70616245269775,False
1737650433.8051484,2025-01-23 17:40:33,OTHER,PAUSE,,,,,,,,,,,,,,,,,,,,,,,,,,,,,,,,,,,,,,,142.7911672592163,False
1737650433.888153,2025-01-23 17:40:33,OTHER,PAUSE,,,,,,,,,,,,,,,,,,,,,,,,,,,,,,,,,,,,,,,142.87417197227478,False
1737650433.9571571,2025-01-23 17:40:33,OTHER,PAUSE,,,,,,,,,,,,,,,,,,,,,,,,,,,,,,,,,,,,,,,142.94317603111267,False
1737650434.041162,2025-01-23 17:40:34,OTHER,PAUSE,,,,,,,,,,,,,,,,,,,,,,,,,,,,,,,,,,,,,,,143.02718091011047,False
1737650434.114166,2025-01-23 17:40:34,OTHER,PAUSE,,,,,,,,,,,,,,,,,,,,,,,,,,,,,,,,,,,,,,,143.10018491744995,False
1737650434.1881704,2025-01-23 17:40:34,OTHER,PAUSE,,,,,,,,,,,,,,,,,,,,,,,,,,,,,,,,,,,,,,,143.17418932914734,False
1737650434.2601745,2025-01-23 17:40:34,OTHER,PAUSE,,,,,,,,,,,,,,,,,,,,,,,,,,,,,,,,,,,,,,,143.24619340896606,False
1737650434.3321786,2025-01-23 17:40:34,OTHER,PAUSE,,,,,,,,,,,,,,,,,,,,,,,,,,,,,,,,,,,,,,,143.3181974887848,False
1737650434.4341846,2025-01-23 17:40:34,OTHER,PAUSE,,,,,,,,,,,,,,,,,,,,,,,,,,,,,,,,,,,,,,,143.42020344734192,False
1737650434.512189,2025-01-23 17:40:34,OTHER,PAUSE,,,,,,,,,,,,,,,,,,,,,,,,,,,,,,,,,,,,,,,143.4982078075409,False
1737650434.5911934,2025-01-23 17:40:34,OTHER,PAUSE,,,,,,,,,,,,,,,,,,,,,,,,,,,,,,,,,,,,,,,143.5772123336792,False
1737650434.6691978,2025-01-23 17:40:34,OTHER,PAUSE,,,,,,,,,,,,,,,,,,,,,,,,,,,,,,,,,,,,,,,143.65521669387817,False
1737650434.7412019,2025-01-23 17:40:34,OTHER,PAUSE,,,,,,,,,,,,,,,,,,,,,,,,,,,,,,,,,,,,,,,143.7272207736969,False
1737650434.8242066,2025-01-23 17:40:34,OTHER,PAUSE,,,,,,,,,,,,,,,,,,,,,,,,,,,,,,,,,,,,,,,143.81022548675537,False
1737650434.8972108,2025-01-23 17:40:34,OTHER,PAUSE,,,,,,,,,,,,,,,,,,,,,,,,,,,,,,,,,,,,,,,143.88322973251343,False
1737650434.9922163,2025-01-23 17:40:34,OTHER,PAUSE,,,,,,,,,,,,,,,,,,,,,,,,,,,,,,,,,,,,,,,143.97823524475098,False
1737650435.0692205,2025-01-23 17:40:35,OTHER,PAUSE,,,,,,,,,,,,,,,,,,,,,,,,,,,,,,,,,,,,,,,144.05523943901062,False
1737650435.1392248,2025-01-23 17:40:35,OTHER,PAUSE,,,,,,,,,,,,,,,,,,,,,,,,,,,,,,,,,,,,,,,144.12524366378784,False
1737650435.213229,2025-01-23 17:40:35,OTHER,PAUSE,,,,,,,,,,,,,,,,,,,,,,,,,,,,,,,,,,,,,,,144.19924783706665,False
1737650435.2882333,2025-01-23 17:40:35,OTHER,PAUSE,,,,,,,,,,,,,,,,,,,,,,,,,,,,,,,,,,,,,,,144.2742521762848,False
1737650435.3592374,2025-01-23 17:40:35,OTHER,PAUSE,,,,,,,,,,,,,,,,,,,,,,,,,,,,,,,,,,,,,,,144.34525632858276,False
1737650435.425241,2025-01-23 17:40:35,OTHER,PAUSE,,,,,,,,,,,,,,,,,,,,,,,,,,,,,,,,,,,,,,,144.41125988960266,False
1737650435.5152464,2025-01-23 17:40:35,OTHER,PAUSE,,,,,,,,,,,,,,,,,,,,,,,,,,,,,,,,,,,,,,,144.5012652873993,False
1737650435.6022513,2025-01-23 17:40:35,OTHER,PAUSE,,,,,,,,,,,,,,,,,,,,,,,,,,,,,,,,,,,,,,,144.58827018737793,False
1737650435.6772554,2025-01-23 17:40:35,OTHER,PAUSE,,,,,,,,,,,,,,,,,,,,,,,,,,,,,,,,,,,,,,,144.6632742881775,False
1737650435.7482595,2025-01-23 17:40:35,OTHER,PAUSE,,,,,,,,,,,,,,,,,,,,,,,,,,,,,,,,,,,,,,,144.73427844047546,False
1737650435.8252642,2025-01-23 17:40:35,OTHER,PAUSE,,,,,,,,,,,,,,,,,,,,,,,,,,,,,,,,,,,,,,,144.81128311157227,False
1737650435.9072685,2025-01-23 17:40:35,OTHER,PAUSE,,,,,,,,,,,,,,,,,,,,,,,,,,,,,,,,,,,,,,,144.89328742027283,False
1737650435.980273,2025-01-23 17:40:35,OTHER,PAUSE,,,,,,,,,,,,,,,,,,,,,,,,,,,,,,,,,,,,,,,144.96629190444946,False
1737650436.0612774,2025-01-23 17:40:36,OTHER,PAUSE,,,,,,,,,,,,,,,,,,,,,,,,,,,,,,,,,,,,,,,145.04729628562927,False
1737650436.1502824,2025-01-23 17:40:36,OTHER,PAUSE,,,,,,,,,,,,,,,,,,,,,,,,,,,,,,,,,,,,,,,145.136301279068,False
1737650436.2312872,2025-01-23 17:40:36,OTHER,PAUSE,,,,,,,,,,,,,,,,,,,,,,,,,,,,,,,,,,,,,,,145.21730613708496,False
1737650436.3062913,2025-01-23 17:40:36,OTHER,PAUSE,,,,,,,,,,,,,,,,,,,,,,,,,,,,,,,,,,,,,,,145.29231023788452,False
1737650436.3892963,2025-01-23 17:40:36,OTHER,PAUSE,,,,,,,,,,,,,,,,,,,,,,,,,,,,,,,,,,,,,,,145.37531518936157,False
1737650436.4573002,2025-01-23 17:40:36,OTHER,PAUSE,,,,,,,,,,,,,,,,,,,,,,,,,,,,,,,,,,,,,,,145.44331908226013,False
1737650436.5323043,2025-01-23 17:40:36,OTHER,PAUSE,,,,,,,,,,,,,,,,,,,,,,,,,,,,,,,,,,,,,,,145.5183231830597,False
1737650436.6043084,2025-01-23 17:40:36,OTHER,PAUSE,,,,,,,,,,,,,,,,,,,,,,,,,,,,,,,,,,,,,,,145.59032726287842,False
1737650436.698314,2025-01-23 17:40:36,OTHER,PAUSE,,,,,,,,,,,,,,,,,,,,,,,,,,,,,,,,,,,,,,,145.68433284759521,False
1737650436.7753184,2025-01-23 17:40:36,OTHER,PAUSE,,,,,,,,,,,,,,,,,,,,,,,,,,,,,,,,,,,,,,,145.76133728027344,False
1737650436.8603234,2025-01-23 17:40:36,OTHER,PAUSE,,,,,,,,,,,,,,,,,,,,,,,,,,,,,,,,,,,,,,,145.84634232521057,False
1737650436.9343274,2025-01-23 17:40:36,OTHER,PAUSE,,,,,,,,,,,,,,,,,,,,,,,,,,,,,,,,,,,,,,,145.9203462600708,False
1737650437.0093317,2025-01-23 17:40:37,OTHER,PAUSE,,,,,,,,,,,,,,,,,,,,,,,,,,,,,,,,,,,,,,,145.99535059928894,False
1737650437.0893364,2025-01-23 17:40:37,OTHER,PAUSE,,,,,,,,,,,,,,,,,,,,,,,,,,,,,,,,,,,,,,,146.07535529136658,False
1737650437.1813416,2025-01-23 17:40:37,OTHER,PAUSE,,,,,,,,,,,,,,,,,,,,,,,,,,,,,,,,,,,,,,,146.1673605442047,False
1737650437.2983482,2025-01-23 17:40:37,OTHER,PAUSE,,,,,,,,,,,,,,,,,,,,,,,,,,,,,,,,,,,,,,,146.28436708450317,False
1737650437.369352,2025-01-23 17:40:37,OTHER,PAUSE,,,,,,,,,,,,,,,,,,,,,,,,,,,,,,,,,,,,,,,146.35537099838257,False
1737650437.447357,2025-01-23 17:40:37,OTHER,PAUSE,,,,,,,,,,,,,,,,,,,,,,,,,,,,,,,,,,,,,,,146.4333758354187,False
1737650437.522361,2025-01-23 17:40:37,OTHER,PAUSE,,,,,,,,,,,,,,,,,,,,,,,,,,,,,,,,,,,,,,,146.50837993621826,False
1737650437.5963652,2025-01-23 17:40:37,OTHER,PAUSE,,,,,,,,,,,,,,,,,,,,,,,,,,,,,,,,,,,,,,,146.58238410949707,False
1737650437.6743698,2025-01-23 17:40:37,OTHER,PAUSE,,,,,,,,,,,,,,,,,,,,,,,,,,,,,,,,,,,,,,,146.66038870811462,False
1737650437.750374,2025-01-23 17:40:37,OTHER,PAUSE,,,,,,,,,,,,,,,,,,,,,,,,,,,,,,,,,,,,,,,146.73639297485352,False
1737650437.837379,2025-01-23 17:40:37,OTHER,PAUSE,,,,,,,,,,,,,,,,,,,,,,,,,,,,,,,,,,,,,,,146.82339787483215,False
1737650437.9313846,2025-01-23 17:40:37,OTHER,PAUSE,,,,,,,,,,,,,,,,,,,,,,,,,,,,,,,,,,,,,,,146.91740345954895,False
1737650438.0053887,2025-01-23 17:40:38,OTHER,PAUSE,,,,,,,,,,,,,,,,,,,,,,,,,,,,,,,,,,,,,,,146.99140763282776,False
1737650438.096394,2025-01-23 17:40:38,OTHER,PAUSE,,,,,,,,,,,,,,,,,,,,,,,,,,,,,,,,,,,,,,,147.08241295814514,False
1737650438.1813989,2025-01-23 17:40:38,OTHER,PAUSE,,,,,,,,,,,,,,,,,,,,,,,,,,,,,,,,,,,,,,,147.1674177646637,False
1737650438.250403,2025-01-23 17:40:38,OTHER,PAUSE,,,,,,,,,,,,,,,,,,,,,,,,,,,,,,,,,,,,,,,147.2364218235016,False
1737650438.3324072,2025-01-23 17:40:38,OTHER,PAUSE,,,,,,,,,,,,,,,,,,,,,,,,,,,,,,,,,,,,,,,147.31842613220215,False
1737650438.433413,2025-01-23 17:40:38,OTHER,PAUSE,,,,,,,,,,,,,,,,,,,,,,,,,,,,,,,,,,,,,,,147.41943192481995,False
1737650438.5084176,2025-01-23 17:40:38,OTHER,PAUSE,,,,,,,,,,,,,,,,,,,,,,,,,,,,,,,,,,,,,,,147.49443650245667,False
1737650438.586422,2025-01-23 17:40:38,OTHER,PAUSE,,,,,,,,,,,,,,,,,,,,,,,,,,,,,,,,,,,,,,,147.57244086265564,False
1737650438.6654265,2025-01-23 17:40:38,OTHER,PAUSE,,,,,,,,,,,,,,,,,,,,,,,,,,,,,,,,,,,,,,,147.65144538879395,False
1737650438.7394307,2025-01-23 17:40:38,OTHER,PAUSE,,,,,,,,,,,,,,,,,,,,,,,,,,,,,,,,,,,,,,,147.72544956207275,False
1737650438.8134348,2025-01-23 17:40:38,OTHER,PAUSE,,,,,,,,,,,,,,,,,,,,,,,,,,,,,,,,,,,,,,,147.79945373535156,False
1737650438.8814387,2025-01-23 17:40:38,OTHER,PAUSE,,,,,,,,,,,,,,,,,,,,,,,,,,,,,,,,,,,,,,,147.86745762825012,False
1737650438.9764442,2025-01-23 17:40:38,OTHER,PAUSE,,,,,,,,,,,,,,,,,,,,,,,,,,,,,,,,,,,,,,,147.96246314048767,False
1737650439.0554485,2025-01-23 17:40:39,OTHER,PAUSE,,,,,,,,,,,,,,,,,,,,,,,,,,,,,,,,,,,,,,,148.0414674282074,False
1737650439.1384535,2025-01-23 17:40:39,OTHER,PAUSE,,,,,,,,,,,,,,,,,,,,,,,,,,,,,,,,,,,,,,,148.12447237968445,False
1737650439.217458,2025-01-23 17:40:39,OTHER,PAUSE,,,,,,,,,,,,,,,,,,,,,,,,,,,,,,,,,,,,,,,148.20347690582275,False
1737650439.289462,2025-01-23 17:40:39,OTHER,PAUSE,,,,,,,,,,,,,,,,,,,,,,,,,,,,,,,,,,,,,,,148.27548098564148,False
1737650439.3634665,2025-01-23 17:40:39,OTHER,PAUSE,,,,,,,,,,,,,,,,,,,,,,,,,,,,,,,,,,,,,,,148.34948539733887,False
1737650439.4494712,2025-01-23 17:40:39,OTHER,PAUSE,,,,,,,,,,,,,,,,,,,,,,,,,,,,,,,,,,,,,,,148.43549013137817,False
1737650439.531476,2025-01-23 17:40:39,OTHER,PAUSE,,,,,,,,,,,,,,,,,,,,,,,,,,,,,,,,,,,,,,,148.5174949169159,False
1737650439.6324818,2025-01-23 17:40:39,OTHER,PAUSE,,,,,,,,,,,,,,,,,,,,,,,,,,,,,,,,,,,,,,,148.6185007095337,False
1737650439.709486,2025-01-23 17:40:39,OTHER,PAUSE,,,,,,,,,,,,,,,,,,,,,,,,,,,,,,,,,,,,,,,148.69550490379333,False
1737650439.7854905,2025-01-23 17:40:39,OTHER,PAUSE,,,,,,,,,,,,,,,,,,,,,,,,,,,,,,,,,,,,,,,148.7715094089508,False
1737650439.8554945,2025-01-23 17:40:39,OTHER,PAUSE,,,,,,,,,,,,,,,,,,,,,,,,,,,,,,,,,,,,,,,148.84151339530945,False
1737650439.9494998,2025-01-23 17:40:39,OTHER,PAUSE,,,,,,,,,,,,,,,,,,,,,,,,,,,,,,,,,,,,,,,148.93551874160767,False
1737650440.0295045,2025-01-23 17:40:40,OTHER,PAUSE,,,,,,,,,,,,,,,,,,,,,,,,,,,,,,,,,,,,,,,149.0155234336853,False
1737650440.1045089,2025-01-23 17:40:40,OTHER,PAUSE,,,,,,,,,,,,,,,,,,,,,,,,,,,,,,,,,,,,,,,149.09052777290344,False
1737650440.1895137,2025-01-23 17:40:40,OTHER,PAUSE,,,,,,,,,,,,,,,,,,,,,,,,,,,,,,,,,,,,,,,149.175532579422,False
1737650440.2645178,2025-01-23 17:40:40,OTHER,PAUSE,,,,,,,,,,,,,,,,,,,,,,,,,,,,,,,,,,,,,,,149.25053668022156,False
1737650440.3395224,2025-01-23 17:40:40,OTHER,PAUSE,,,,,,,,,,,,,,,,,,,,,,,,,,,,,,,,,,,,,,,149.32554125785828,False
1737650440.4155264,2025-01-23 17:40:40,OTHER,PAUSE,,,,,,,,,,,,,,,,,,,,,,,,,,,,,,,,,,,,,,,149.4015452861786,False
1737650440.4855306,2025-01-23 17:40:40,OTHER,PAUSE,,,,,,,,,,,,,,,,,,,,,,,,,,,,,,,,,,,,,,,149.4715495109558,False
1737650440.565535,2025-01-23 17:40:40,OTHER,PAUSE,,,,,,,,,,,,,,,,,,,,,,,,,,,,,,,,,,,,,,,149.55155396461487,False
1737650440.6415396,2025-01-23 17:40:40,OTHER,PAUSE,,,,,,,,,,,,,,,,,,,,,,,,,,,,,,,,,,,,,,,149.62755846977234,False
1737650440.7335446,2025-01-23 17:40:40,OTHER,PAUSE,,,,,,,,,,,,,,,,,,,,,,,,,,,,,,,,,,,,,,,149.7195634841919,False
1737650440.807549,2025-01-23 17:40:40,OTHER,PAUSE,,,,,,,,,,,,,,,,,,,,,,,,,,,,,,,,,,,,,,,149.79356789588928,False
1737650440.8835533,2025-01-23 17:40:40,OTHER,PAUSE,,,,,,,,,,,,,,,,,,,,,,,,,,,,,,,,,,,,,,,149.86957216262817,False
1737650440.9625578,2025-01-23 17:40:40,OTHER,PAUSE,,,,,,,,,,,,,,,,,,,,,,,,,,,,,,,,,,,,,,,149.94857668876648,False
1737650441.0445623,2025-01-23 17:40:41,OTHER,PAUSE,,,,,,,,,,,,,,,,,,,,,,,,,,,,,,,,,,,,,,,150.03058123588562,False
1737650441.1305673,2025-01-23 17:40:41,OTHER,PAUSE,,,,,,,,,,,,,,,,,,,,,,,,,,,,,,,,,,,,,,,150.1165862083435,False
1737650441.209572,2025-01-23 17:40:41,OTHER,PAUSE,,,,,,,,,,,,,,,,,,,,,,,,,,,,,,,,,,,,,,,150.1955909729004,False
1737650441.3055775,2025-01-23 17:40:41,OTHER,PAUSE,,,,,,,,,,,,,,,,,,,,,,,,,,,,,,,,,,,,,,,150.2915964126587,False
1737650441.385582,2025-01-23 17:40:41,OTHER,PAUSE,,,,,,,,,,,,,,,,,,,,,,,,,,,,,,,,,,,,,,,150.37160086631775,False
1737650441.4625864,2025-01-23 17:40:41,OTHER,PAUSE,,,,,,,,,,,,,,,,,,,,,,,,,,,,,,,,,,,,,,,150.44860529899597,False
1737650441.542591,2025-01-23 17:40:41,OTHER,PAUSE,,,,,,,,,,,,,,,,,,,,,,,,,,,,,,,,,,,,,,,150.5286099910736,False
1737650441.6145952,2025-01-23 17:40:41,OTHER,PAUSE,,,,,,,,,,,,,,,,,,,,,,,,,,,,,,,,,,,,,,,150.60061407089233,False
1737650441.6875994,2025-01-23 17:40:41,OTHER,PAUSE,,,,,,,,,,,,,,,,,,,,,,,,,,,,,,,,,,,,,,,150.6736183166504,False
1737650441.7606034,2025-01-23 17:40:41,OTHER,PAUSE,,,,,,,,,,,,,,,,,,,,,,,,,,,,,,,,,,,,,,,150.74662232398987,False
1737650441.8606093,2025-01-23 17:40:41,OTHER,PAUSE,,,,,,,,,,,,,,,,,,,,,,,,,,,,,,,,,,,,,,,150.8466281890869,False
1737650441.9286132,2025-01-23 17:40:41,OTHER,PAUSE,,,,,,,,,,,,,,,,,,,,,,,,,,,,,,,,,,,,,,,150.91463208198547,False
1737650442.0026174,2025-01-23 17:40:42,OTHER,PAUSE,,,,,,,,,,,,,,,,,,,,,,,,,,,,,,,,,,,,,,,150.98863625526428,False
1737650442.0936224,2025-01-23 17:40:42,OTHER,PAUSE,,,,,,,,,,,,,,,,,,,,,,,,,,,,,,,,,,,,,,,151.0796413421631,False
1737650442.1806273,2025-01-23 17:40:42,OTHER,PAUSE,,,,,,,,,,,,,,,,,,,,,,,,,,,,,,,,,,,,,,,151.16664624214172,False
1737650442.2516315,2025-01-23 17:40:42,OTHER,PAUSE,,,,,,,,,,,,,,,,,,,,,,,,,,,,,,,,,,,,,,,151.2376503944397,False
1737650442.329636,2025-01-23 17:40:42,OTHER,PAUSE,,,,,,,,,,,,,,,,,,,,,,,,,,,,,,,,,,,,,,,151.31565499305725,False
1737650442.4256415,2025-01-23 17:40:42,OTHER,PAUSE,,,,,,,,,,,,,,,,,,,,,,,,,,,,,,,,,,,,,,,151.41166043281555,False
1737650442.5086465,2025-01-23 17:40:42,OTHER,PAUSE,,,,,,,,,,,,,,,,,,,,,,,,,,,,,,,,,,,,,,,151.4946653842926,False
1737650442.5876508,2025-01-23 17:40:42,OTHER,PAUSE,,,,,,,,,,,,,,,,,,,,,,,,,,,,,,,,,,,,,,,151.57366967201233,False
1737650442.6676555,2025-01-23 17:40:42,OTHER,PAUSE,,,,,,,,,,,,,,,,,,,,,,,,,,,,,,,,,,,,,,,151.65367436408997,False
1737650442.7536604,2025-01-23 17:40:42,OTHER,PAUSE,,,,,,,,,,,,,,,,,,,,,,,,,,,,,,,,,,,,,,,151.73967933654785,False
1737650442.8226643,2025-01-23 17:40:42,OTHER,PAUSE,,,,,,,,,,,,,,,,,,,,,,,,,,,,,,,,,,,,,,,151.80868315696716,False
1737650442.8976686,2025-01-23 17:40:42,OTHER,PAUSE,,,,,,,,,,,,,,,,,,,,,,,,,,,,,,,,,,,,,,,151.8836874961853,False
1737650442.9946742,2025-01-23 17:40:42,OTHER,PAUSE,,,,,,,,,,,,,,,,,,,,,,,,,,,,,,,,,,,,,,,151.98069310188293,False
1737650443.077679,2025-01-23 17:40:43,OTHER,PAUSE,,,,,,,,,,,,,,,,,,,,,,,,,,,,,,,,,,,,,,,152.0636978149414,False
1737650443.1636837,2025-01-23 17:40:43,OTHER,PAUSE,,,,,,,,,,,,,,,,,,,,,,,,,,,,,,,,,,,,,,,152.1497025489807,False
1737650443.2516887,2025-01-23 17:40:43,OTHER,PAUSE,,,,,,,,,,,,,,,,,,,,,,,,,,,,,,,,,,,,,,,152.23770761489868,False
1737650443.3316934,2025-01-23 17:40:43,OTHER,PAUSE,,,,,,,,,,,,,,,,,,,,,,,,,,,,,,,,,,,,,,,152.31771230697632,False
1737650443.413698,2025-01-23 17:40:43,OTHER,PAUSE,,,,,,,,,,,,,,,,,,,,,,,,,,,,,,,,,,,,,,,152.39971685409546,False
1737650443.4917026,2025-01-23 17:40:43,OTHER,PAUSE,,,,,,,,,,,,,,,,,,,,,,,,,,,,,,,,,,,,,,,152.477721452713,False
1737650443.5807076,2025-01-23 17:40:43,OTHER,PAUSE,,,,,,,,,,,,,,,,,,,,,,,,,,,,,,,,,,,,,,,152.56672644615173,False
1737650443.6687126,2025-01-23 17:40:43,OTHER,PAUSE,,,,,,,,,,,,,,,,,,,,,,,,,,,,,,,,,,,,,,,152.6547315120697,False
1737650443.7467172,2025-01-23 17:40:43,OTHER,PAUSE,,,,,,,,,,,,,,,,,,,,,,,,,,,,,,,,,,,,,,,152.73273611068726,False
1737650443.832722,2025-01-23 17:40:43,OTHER,PAUSE,,,,,,,,,,,,,,,,,,,,,,,,,,,,,,,,,,,,,,,152.81874084472656,False
1737650443.901726,2025-01-23 17:40:43,OTHER,PAUSE,,,,,,,,,,,,,,,,,,,,,,,,,,,,,,,,,,,,,,,152.88774490356445,False
1737650443.9827304,2025-01-23 17:40:43,OTHER,PAUSE,,,,,,,,,,,,,,,,,,,,,,,,,,,,,,,,,,,,,,,152.96874928474426,False
1737650444.0527346,2025-01-23 17:40:44,OTHER,PAUSE,,,,,,,,,,,,,,,,,,,,,,,,,,,,,,,,,,,,,,,153.03875350952148,False
1737650444.14374,2025-01-23 17:40:44,OTHER,PAUSE,,,,,,,,,,,,,,,,,,,,,,,,,,,,,,,,,,,,,,,153.12975883483887,False
1737650444.221744,2025-01-23 17:40:44,OTHER,PAUSE,,,,,,,,,,,,,,,,,,,,,,,,,,,,,,,,,,,,,,,153.20776295661926,False
1737650444.302749,2025-01-23 17:40:44,OTHER,PAUSE,,,,,,,,,,,,,,,,,,,,,,,,,,,,,,,,,,,,,,,153.28876781463623,False
1737650444.3787532,2025-01-23 17:40:44,OTHER,PAUSE,,,,,,,,,,,,,,,,,,,,,,,,,,,,,,,,,,,,,,,153.36477208137512,False
1737650444.4587579,2025-01-23 17:40:44,OTHER,PAUSE,,,,,,,,,,,,,,,,,,,,,,,,,,,,,,,,,,,,,,,153.44477677345276,False
1737650444.5277617,2025-01-23 17:40:44,OTHER,PAUSE,,,,,,,,,,,,,,,,,,,,,,,,,,,,,,,,,,,,,,,153.51378059387207,False
1737650444.599766,2025-01-23 17:40:44,OTHER,PAUSE,,,,,,,,,,,,,,,,,,,,,,,,,,,,,,,,,,,,,,,153.58578491210938,False
1737650444.688771,2025-01-23 17:40:44,OTHER,PAUSE,,,,,,,,,,,,,,,,,,,,,,,,,,,,,,,,,,,,,,,153.6747899055481,False
1737650444.7717757,2025-01-23 17:40:44,OTHER,PAUSE,,,,,,,,,,,,,,,,,,,,,,,,,,,,,,,,,,,,,,,153.75779461860657,False
1737650444.8497803,2025-01-23 17:40:44,OTHER,PAUSE,,,,,,,,,,,,,,,,,,,,,,,,,,,,,,,,,,,,,,,153.83579921722412,False
1737650444.9277847,2025-01-23 17:40:44,OTHER,PAUSE,,,,,,,,,,,,,,,,,,,,,,,,,,,,,,,,,,,,,,,153.9138035774231,False
1737650445.0167897,2025-01-23 17:40:45,OTHER,PAUSE,,,,,,,,,,,,,,,,,,,,,,,,,,,,,,,,,,,,,,,154.00280857086182,False
1737650445.0867937,2025-01-23 17:40:45,OTHER,PAUSE,,,,,,,,,,,,,,,,,,,,,,,,,,,,,,,,,,,,,,,154.07281255722046,False
1737650445.1667984,2025-01-23 17:40:45,OTHER,PAUSE,,,,,,,,,,,,,,,,,,,,,,,,,,,,,,,,,,,,,,,154.1528172492981,False
1737650445.2518032,2025-01-23 17:40:45,OTHER,PAUSE,,,,,,,,,,,,,,,,,,,,,,,,,,,,,,,,,,,,,,,154.23782205581665,False
1737650445.338808,2025-01-23 17:40:45,OTHER,PAUSE,,,,,,,,,,,,,,,,,,,,,,,,,,,,,,,,,,,,,,,154.3248269557953,False
1737650445.4148123,2025-01-23 17:40:45,OTHER,PAUSE,,,,,,,,,,,,,,,,,,,,,,,,,,,,,,,,,,,,,,,154.40083122253418,False
1737650445.492817,2025-01-23 17:40:45,OTHER,PAUSE,,,,,,,,,,,,,,,,,,,,,,,,,,,,,,,,,,,,,,,154.47883582115173,False
1737650445.5688212,2025-01-23 17:40:45,OTHER,PAUSE,,,,,,,,,,,,,,,,,,,,,,,,,,,,,,,,,,,,,,,154.55484008789062,False
1737650445.6408253,2025-01-23 17:40:45,OTHER,PAUSE,,,,,,,,,,,,,,,,,,,,,,,,,,,,,,,,,,,,,,,154.62684416770935,False
1737650445.7168298,2025-01-23 17:40:45,OTHER,PAUSE,,,,,,,,,,,,,,,,,,,,,,,,,,,,,,,,,,,,,,,154.70284867286682,False
1737650445.792834,2025-01-23 17:40:45,OTHER,PAUSE,,,,,,,,,,,,,,,,,,,,,,,,,,,,,,,,,,,,,,,154.7788529396057,False
1737650445.8828392,2025-01-23 17:40:45,OTHER,PAUSE,,,,,,,,,,,,,,,,,,,,,,,,,,,,,,,,,,,,,,,154.86885809898376,False
1737650445.9598436,2025-01-23 17:40:45,OTHER,PAUSE,,,,,,,,,,,,,,,,,,,,,,,,,,,,,,,,,,,,,,,154.945862531662,False
1737650446.037848,2025-01-23 17:40:46,OTHER,PAUSE,,,,,,,,,,,,,,,,,,,,,,,,,,,,,,,,,,,,,,,155.02386689186096,False
1737650446.1138525,2025-01-23 17:40:46,OTHER,PAUSE,,,,,,,,,,,,,,,,,,,,,,,,,,,,,,,,,,,,,,,155.09987139701843,False
1737650446.1858566,2025-01-23 17:40:46,OTHER,PAUSE,,,,,,,,,,,,,,,,,,,,,,,,,,,,,,,,,,,,,,,155.17187547683716,False
1737650446.2588608,2025-01-23 17:40:46,OTHER,PAUSE,,,,,,,,,,,,,,,,,,,,,,,,,,,,,,,,,,,,,,,155.24487972259521,False
1737650446.330865,2025-01-23 17:40:46,OTHER,PAUSE,,,,,,,,,,,,,,,,,,,,,,,,,,,,,,,,,,,,,,,155.31688380241394,False
1737650446.4268703,2025-01-23 17:40:46,OTHER,PAUSE,,,,,,,,,,,,,,,,,,,,,,,,,,,,,,,,,,,,,,,155.41288924217224,False
1737650446.5038748,2025-01-23 17:40:46,OTHER,PAUSE,,,,,,,,,,,,,,,,,,,,,,,,,,,,,,,,,,,,,,,155.48989367485046,False
1737650446.5788789,2025-01-23 17:40:46,OTHER,PAUSE,,,,,,,,,,,,,,,,,,,,,,,,,,,,,,,,,,,,,,,155.56489777565002,False
1737650446.6608837,2025-01-23 17:40:46,OTHER,PAUSE,,,,,,,,,,,,,,,,,,,,,,,,,,,,,,,,,,,,,,,155.64690256118774,False
1737650446.733888,2025-01-23 17:40:46,OTHER,PAUSE,,,,,,,,,,,,,,,,,,,,,,,,,,,,,,,,,,,,,,,155.7199068069458,False
1737650446.8138926,2025-01-23 17:40:46,OTHER,PAUSE,,,,,,,,,,,,,,,,,,,,,,,,,,,,,,,,,,,,,,,155.79991149902344,False
1737650446.8898969,2025-01-23 17:40:46,OTHER,PAUSE,,,,,,,,,,,,,,,,,,,,,,,,,,,,,,,,,,,,,,,155.87591576576233,False
1737650446.9859023,2025-01-23 17:40:46,OTHER,PAUSE,,,,,,,,,,,,,,,,,,,,,,,,,,,,,,,,,,,,,,,155.97192120552063,False
1737650447.070907,2025-01-23 17:40:47,OTHER,PAUSE,,,,,,,,,,,,,,,,,,,,,,,,,,,,,,,,,,,,,,,156.05692601203918,False
1737650447.1869137,2025-01-23 17:40:47,OTHER,PAUSE,,,,,,,,,,,,,,,,,,,,,,,,,,,,,,,,,,,,,,,156.1729326248169,False
1737650447.2999203,2025-01-23 17:40:47,OTHER,PAUSE,,,,,,,,,,,,,,,,,,,,,,,,,,,,,,,,,,,,,,,156.28593921661377,False
1737650447.398926,2025-01-23 17:40:47,OTHER,PAUSE,,,,,,,,,,,,,,,,,,,,,,,,,,,,,,,,,,,,,,,156.38494491577148,False
1737650447.5139325,2025-01-23 17:40:47,OTHER,PAUSE,,,,,,,,,,,,,,,,,,,,,,,,,,,,,,,,,,,,,,,156.49995136260986,False
1737650447.6329396,2025-01-23 17:40:47,OTHER,PAUSE,,,,,,,,,,,,,,,,,,,,,,,,,,,,,,,,,,,,,,,156.61895847320557,False
1737650447.7339451,2025-01-23 17:40:47,OTHER,PAUSE,,,,,,,,,,,,,,,,,,,,,,,,,,,,,,,,,,,,,,,156.71996402740479,False
1737650447.839951,2025-01-23 17:40:47,OTHER,PAUSE,,,,,,,,,,,,,,,,,,,,,,,,,,,,,,,,,,,,,,,156.8259699344635,False
1737650447.9369566,2025-01-23 17:40:47,OTHER,PAUSE,,,,,,,,,,,,,,,,,,,,,,,,,,,,,,,,,,,,,,,156.92297554016113,False
1737650448.0239615,2025-01-23 17:40:48,OTHER,PAUSE,,,,,,,,,,,,,,,,,,,,,,,,,,,,,,,,,,,,,,,157.00998044013977,False
1737650448.1239674,2025-01-23 17:40:48,OTHER,PAUSE,,,,,,,,,,,,,,,,,,,,,,,,,,,,,,,,,,,,,,,157.10998630523682,False
1737650448.2009718,2025-01-23 17:40:48,OTHER,PAUSE,,,,,,,,,,,,,,,,,,,,,,,,,,,,,,,,,,,,,,,157.18699073791504,False
1737650448.2789762,2025-01-23 17:40:48,OTHER,PAUSE,,,,,,,,,,,,,,,,,,,,,,,,,,,,,,,,,,,,,,,157.264995098114,False
1737650448.3539808,2025-01-23 17:40:48,OTHER,PAUSE,,,,,,,,,,,,,,,,,,,,,,,,,,,,,,,,,,,,,,,157.33999967575073,False
1737650448.4269848,2025-01-23 17:40:48,OTHER,PAUSE,,,,,,,,,,,,,,,,,,,,,,,,,,,,,,,,,,,,,,,157.4130036830902,False
1737650448.499989,2025-01-23 17:40:48,OTHER,PAUSE,,,,,,,,,,,,,,,,,,,,,,,,,,,,,,,,,,,,,,,157.48600792884827,False
1737650448.5789933,2025-01-23 17:40:48,OTHER,PAUSE,,,,,,,,,,,,,,,,,,,,,,,,,,,,,,,,,,,,,,,157.565012216568,False
1737650448.6849995,2025-01-23 17:40:48,OTHER,PAUSE,,,,,,,,,,,,,,,,,,,,,,,,,,,,,,,,,,,,,,,157.6710183620453,False
1737650448.7690043,2025-01-23 17:40:48,OTHER,PAUSE,,,,,,,,,,,,,,,,,,,,,,,,,,,,,,,,,,,,,,,157.7550232410431,False
1737650448.8500092,2025-01-23 17:40:48,OTHER,PAUSE,,,,,,,,,,,,,,,,,,,,,,,,,,,,,,,,,,,,,,,157.83602809906006,False
1737650448.9330137,2025-01-23 17:40:48,OTHER,PAUSE,,,,,,,,,,,,,,,,,,,,,,,,,,,,,,,,,,,,,,,157.91903257369995,False
1737650449.0060177,2025-01-23 17:40:49,OTHER,PAUSE,,,,,,,,,,,,,,,,,,,,,,,,,,,,,,,,,,,,,,,157.99203658103943,False
1737650449.078022,2025-01-23 17:40:49,OTHER,PAUSE,,,,,,,,,,,,,,,,,,,,,,,,,,,,,,,,,,,,,,,158.06404089927673,False
1737650449.1670272,2025-01-23 17:40:49,OTHER,PAUSE,,,,,,,,,,,,,,,,,,,,,,,,,,,,,,,,,,,,,,,158.15304613113403,False
1737650449.271033,2025-01-23 17:40:49,OTHER,PAUSE,,,,,,,,,,,,,,,,,,,,,,,,,,,,,,,,,,,,,,,158.25705194473267,False
1737650449.357038,2025-01-23 17:40:49,OTHER,PAUSE,,,,,,,,,,,,,,,,,,,,,,,,,,,,,,,,,,,,,,,158.34305691719055,False
1737650449.4380426,2025-01-23 17:40:49,OTHER,PAUSE,,,,,,,,,,,,,,,,,,,,,,,,,,,,,,,,,,,,,,,158.42406153678894,False
1737650449.517047,2025-01-23 17:40:49,OTHER,PAUSE,,,,,,,,,,,,,,,,,,,,,,,,,,,,,,,,,,,,,,,158.50306582450867,False
1737650449.6140525,2025-01-23 17:40:49,OTHER,PAUSE,,,,,,,,,,,,,,,,,,,,,,,,,,,,,,,,,,,,,,,158.6000714302063,False
1737650449.6950574,2025-01-23 17:40:49,OTHER,PAUSE,,,,,,,,,,,,,,,,,,,,,,,,,,,,,,,,,,,,,,,158.68107628822327,False
1737650449.797063,2025-01-23 17:40:49,OTHER,PAUSE,,,,,,,,,,,,,,,,,,,,,,,,,,,,,,,,,,,,,,,158.78308200836182,False
1737650449.8720672,2025-01-23 17:40:49,OTHER,PAUSE,,,,,,,,,,,,,,,,,,,,,,,,,,,,,,,,,,,,,,,158.85808610916138,False
1737650449.9460719,2025-01-23 17:40:49,OTHER,PAUSE,,,,,,,,,,,,,,,,,,,,,,,,,,,,,,,,,,,,,,,158.93209075927734,False
1737650450.0380769,2025-01-23 17:40:50,OTHER,PAUSE,,,,,,,,,,,,,,,,,,,,,,,,,,,,,,,,,,,,,,,159.0240957736969,False
1737650450.1190815,2025-01-23 17:40:50,OTHER,PAUSE,,,,,,,,,,,,,,,,,,,,,,,,,,,,,,,,,,,,,,,159.1051003932953,False
1737650450.1970859,2025-01-23 17:40:50,OTHER,PAUSE,,,,,,,,,,,,,,,,,,,,,,,,,,,,,,,,,,,,,,,159.18310475349426,False
1737650450.286091,2025-01-23 17:40:50,OTHER,PAUSE,,,,,,,,,,,,,,,,,,,,,,,,,,,,,,,,,,,,,,,159.27210998535156,False
1737650450.3760962,2025-01-23 17:40:50,OTHER,PAUSE,,,,,,,,,,,,,,,,,,,,,,,,,,,,,,,,,,,,,,,159.36211514472961,False
1737650450.4651012,2025-01-23 17:40:50,OTHER,PAUSE,,,,,,,,,,,,,,,,,,,,,,,,,,,,,,,,,,,,,,,159.45112013816833,False
1737650450.545106,2025-01-23 17:40:50,OTHER,PAUSE,,,,,,,,,,,,,,,,,,,,,,,,,,,,,,,,,,,,,,,159.53112483024597,False
1737650450.6221101,2025-01-23 17:40:50,OTHER,PAUSE,,,,,,,,,,,,,,,,,,,,,,,,,,,,,,,,,,,,,,,159.60812902450562,False
1737650450.703115,2025-01-23 17:40:50,OTHER,PAUSE,,,,,,,,,,,,,,,,,,,,,,,,,,,,,,,,,,,,,,,159.68913388252258,False
1737650450.778119,2025-01-23 17:40:50,OTHER,PAUSE,,,,,,,,,,,,,,,,,,,,,,,,,,,,,,,,,,,,,,,159.76413798332214,False
1737650450.8521235,2025-01-23 17:40:50,OTHER,PAUSE,,,,,,,,,,,,,,,,,,,,,,,,,,,,,,,,,,,,,,,159.83814239501953,False
1737650450.9491289,2025-01-23 17:40:50,OTHER,PAUSE,,,,,,,,,,,,,,,,,,,,,,,,,,,,,,,,,,,,,,,159.93514776229858,False
1737650451.0391343,2025-01-23 17:40:51,OTHER,PAUSE,,,,,,,,,,,,,,,,,,,,,,,,,,,,,,,,,,,,,,,160.02515316009521,False
1737650451.122139,2025-01-23 17:40:51,OTHER,PAUSE,,,,,,,,,,,,,,,,,,,,,,,,,,,,,,,,,,,,,,,160.1081578731537,False
1737650451.2171443,2025-01-23 17:40:51,OTHER,PAUSE,,,,,,,,,,,,,,,,,,,,,,,,,,,,,,,,,,,,,,,160.20316314697266,False
1737650451.300149,2025-01-23 17:40:51,OTHER,PAUSE,,,,,,,,,,,,,,,,,,,,,,,,,,,,,,,,,,,,,,,160.28616786003113,False
1737650451.3781536,2025-01-23 17:40:51,OTHER,PAUSE,,,,,,,,,,,,,,,,,,,,,,,,,,,,,,,,,,,,,,,160.36417245864868,False
1737650451.4771593,2025-01-23 17:40:51,OTHER,PAUSE,,,,,,,,,,,,,,,,,,,,,,,,,,,,,,,,,,,,,,,160.4631781578064,False
1737650451.5551636,2025-01-23 17:40:51,OTHER,PAUSE,,,,,,,,,,,,,,,,,,,,,,,,,,,,,,,,,,,,,,,160.54118251800537,False
1737650451.6411686,2025-01-23 17:40:51,OTHER,PAUSE,,,,,,,,,,,,,,,,,,,,,,,,,,,,,,,,,,,,,,,160.62718749046326,False
1737650451.7221732,2025-01-23 17:40:51,OTHER,PAUSE,,,,,,,,,,,,,,,,,,,,,,,,,,,,,,,,,,,,,,,160.70819211006165,False
1737650451.7991776,2025-01-23 17:40:51,OTHER,PAUSE,,,,,,,,,,,,,,,,,,,,,,,,,,,,,,,,,,,,,,,160.78519654273987,False
1737650451.879182,2025-01-23 17:40:51,OTHER,PAUSE,,,,,,,,,,,,,,,,,,,,,,,,,,,,,,,,,,,,,,,160.86520099639893,False
1737650451.9541864,2025-01-23 17:40:51,OTHER,PAUSE,,,,,,,,,,,,,,,,,,,,,,,,,,,,,,,,,,,,,,,160.94020533561707,False
1737650452.052192,2025-01-23 17:40:52,OTHER,PAUSE,,,,,,,,,,,,,,,,,,,,,,,,,,,,,,,,,,,,,,,161.03821086883545,False
1737650452.1311967,2025-01-23 17:40:52,OTHER,PAUSE,,,,,,,,,,,,,,,,,,,,,,,,,,,,,,,,,,,,,,,161.11721563339233,False
1737650452.2062008,2025-01-23 17:40:52,OTHER,PAUSE,,,,,,,,,,,,,,,,,,,,,,,,,,,,,,,,,,,,,,,161.1922197341919,False
1737650452.2882056,2025-01-23 17:40:52,OTHER,PAUSE,,,,,,,,,,,,,,,,,,,,,,,,,,,,,,,,,,,,,,,161.27422451972961,False
1737650452.36621,2025-01-23 17:40:52,OTHER,PAUSE,,,,,,,,,,,,,,,,,,,,,,,,,,,,,,,,,,,,,,,161.3522288799286,False
1737650452.4402142,2025-01-23 17:40:52,OTHER,PAUSE,,,,,,,,,,,,,,,,,,,,,,,,,,,,,,,,,,,,,,,161.4262330532074,False
1737650452.5252194,2025-01-23 17:40:52,OTHER,PAUSE,,,,,,,,,,,,,,,,,,,,,,,,,,,,,,,,,,,,,,,161.5112383365631,False
1737650452.6172245,2025-01-23 17:40:52,OTHER,PAUSE,,,,,,,,,,,,,,,,,,,,,,,,,,,,,,,,,,,,,,,161.60324335098267,False
1737650452.698229,2025-01-23 17:40:52,OTHER,PAUSE,,,,,,,,,,,,,,,,,,,,,,,,,,,,,,,,,,,,,,,161.68424797058105,False
1737650452.7762334,2025-01-23 17:40:52,OTHER,PAUSE,,,,,,,,,,,,,,,,,,,,,,,,,,,,,,,,,,,,,,,161.76225233078003,False
1737650452.853238,2025-01-23 17:40:52,OTHER,PAUSE,,,,,,,,,,,,,,,,,,,,,,,,,,,,,,,,,,,,,,,161.83925700187683,False
1737650452.9282422,2025-01-23 17:40:52,OTHER,PAUSE,,,,,,,,,,,,,,,,,,,,,,,,,,,,,,,,,,,,,,,161.9142611026764,False
1737650453.0052466,2025-01-23 17:40:53,OTHER,PAUSE,,,,,,,,,,,,,,,,,,,,,,,,,,,,,,,,,,,,,,,161.99126553535461,False
1737650453.1032522,2025-01-23 17:40:53,OTHER,PAUSE,,,,,,,,,,,,,,,,,,,,,,,,,,,,,,,,,,,,,,,162.089271068573,False
1737650453.2082584,2025-01-23 17:40:53,OTHER,PAUSE,,,,,,,,,,,,,,,,,,,,,,,,,,,,,,,,,,,,,,,162.19427728652954,False
1737650453.2912629,2025-01-23 17:40:53,OTHER,PAUSE,,,,,,,,,,,,,,,,,,,,,,,,,,,,,,,,,,,,,,,162.27728176116943,False
1737650453.380268,2025-01-23 17:40:53,OTHER,PAUSE,,,,,,,,,,,,,,,,,,,,,,,,,,,,,,,,,,,,,,,162.36628699302673,False
1737650453.462273,2025-01-23 17:40:53,OTHER,PAUSE,,,,,,,,,,,,,,,,,,,,,,,,,,,,,,,,,,,,,,,162.44829177856445,False
1737650453.5392773,2025-01-23 17:40:53,OTHER,PAUSE,,,,,,,,,,,,,,,,,,,,,,,,,,,,,,,,,,,,,,,162.52529621124268,False
1737650453.6292822,2025-01-23 17:40:53,OTHER,PAUSE,,,,,,,,,,,,,,,,,,,,,,,,,,,,,,,,,,,,,,,162.61530113220215,False
1737650453.7152872,2025-01-23 17:40:53,OTHER,PAUSE,,,,,,,,,,,,,,,,,,,,,,,,,,,,,,,,,,,,,,,162.70130610466003,False
1737650453.7972918,2025-01-23 17:40:53,OTHER,PAUSE,,,,,,,,,,,,,,,,,,,,,,,,,,,,,,,,,,,,,,,162.78331065177917,False
1737650453.8772964,2025-01-23 17:40:53,OTHER,PAUSE,,,,,,,,,,,,,,,,,,,,,,,,,,,,,,,,,,,,,,,162.8633153438568,False
1737650453.9683018,2025-01-23 17:40:53,OTHER,PAUSE,,,,,,,,,,,,,,,,,,,,,,,,,,,,,,,,,,,,,,,162.9543206691742,False
1737650454.0443063,2025-01-23 17:40:54,OTHER,PAUSE,,,,,,,,,,,,,,,,,,,,,,,,,,,,,,,,,,,,,,,163.03032517433167,False
1737650454.130311,2025-01-23 17:40:54,OTHER,PAUSE,,,,,,,,,,,,,,,,,,,,,,,,,,,,,,,,,,,,,,,163.11632990837097,False
1737650454.2103155,2025-01-23 17:40:54,OTHER,PAUSE,,,,,,,,,,,,,,,,,,,,,,,,,,,,,,,,,,,,,,,163.19633436203003,False
1737650454.303321,2025-01-23 17:40:54,OTHER,PAUSE,,,,,,,,,,,,,,,,,,,,,,,,,,,,,,,,,,,,,,,163.2893397808075,False
1737650454.3833253,2025-01-23 17:40:54,OTHER,PAUSE,,,,,,,,,,,,,,,,,,,,,,,,,,,,,,,,,,,,,,,163.36934423446655,False
1737650454.4673302,2025-01-23 17:40:54,OTHER,PAUSE,,,,,,,,,,,,,,,,,,,,,,,,,,,,,,,,,,,,,,,163.45334911346436,False
1737650454.5423346,2025-01-23 17:40:54,OTHER,PAUSE,,,,,,,,,,,,,,,,,,,,,,,,,,,,,,,,,,,,,,,163.5283534526825,False
1737650454.617339,2025-01-23 17:40:54,OTHER,PAUSE,,,,,,,,,,,,,,,,,,,,,,,,,,,,,,,,,,,,,,,163.60335779190063,False
1737650454.6993437,2025-01-23 17:40:54,OTHER,PAUSE,,,,,,,,,,,,,,,,,,,,,,,,,,,,,,,,,,,,,,,163.68536257743835,False
1737650454.8083496,2025-01-23 17:40:54,OTHER,PAUSE,,,,,,,,,,,,,,,,,,,,,,,,,,,,,,,,,,,,,,,163.7943685054779,False
1737650454.8863542,2025-01-23 17:40:54,OTHER,PAUSE,,,,,,,,,,,,,,,,,,,,,,,,,,,,,,,,,,,,,,,163.87237310409546,False
1737650454.968359,2025-01-23 17:40:54,OTHER,PAUSE,,,,,,,,,,,,,,,,,,,,,,,,,,,,,,,,,,,,,,,163.95437788963318,False
1737650455.0463634,2025-01-23 17:40:55,OTHER,PAUSE,,,,,,,,,,,,,,,,,,,,,,,,,,,,,,,,,,,,,,,164.03238224983215,False
1737650455.129368,2025-01-23 17:40:55,OTHER,PAUSE,,,,,,,,,,,,,,,,,,,,,,,,,,,,,,,,,,,,,,,164.11538696289062,False
1737650455.210373,2025-01-23 17:40:55,OTHER,PAUSE,,,,,,,,,,,,,,,,,,,,,,,,,,,,,,,,,,,,,,,164.1963918209076,False
1737650455.284377,2025-01-23 17:40:55,OTHER,PAUSE,,,,,,,,,,,,,,,,,,,,,,,,,,,,,,,,,,,,,,,164.2703959941864,False
1737650455.388383,2025-01-23 17:40:55,OTHER,PAUSE,,,,,,,,,,,,,,,,,,,,,,,,,,,,,,,,,,,,,,,164.37440180778503,False
1737650455.4813883,2025-01-23 17:40:55,OTHER,PAUSE,,,,,,,,,,,,,,,,,,,,,,,,,,,,,,,,,,,,,,,164.4674072265625,False
1737650455.5663931,2025-01-23 17:40:55,OTHER,PAUSE,,,,,,,,,,,,,,,,,,,,,,,,,,,,,,,,,,,,,,,164.55241203308105,False
1737650455.6543982,2025-01-23 17:40:55,OTHER,PAUSE,,,,,,,,,,,,,,,,,,,,,,,,,,,,,,,,,,,,,,,164.64041709899902,False
1737650455.742403,2025-01-23 17:40:55,OTHER,PAUSE,,,,,,,,,,,,,,,,,,,,,,,,,,,,,,,,,,,,,,,164.7284219264984,False
1737650455.8184075,2025-01-23 17:40:55,OTHER,PAUSE,,,,,,,,,,,,,,,,,,,,,,,,,,,,,,,,,,,,,,,164.80442643165588,False
1737650455.897412,2025-01-23 17:40:55,OTHER,PAUSE,,,,,,,,,,,,,,,,,,,,,,,,,,,,,,,,,,,,,,,164.8834309577942,False
1737650455.987417,2025-01-23 17:40:55,OTHER,PAUSE,,,,,,,,,,,,,,,,,,,,,,,,,,,,,,,,,,,,,,,164.97343587875366,False
1737650456.0634215,2025-01-23 17:40:56,OTHER,PAUSE,,,,,,,,,,,,,,,,,,,,,,,,,,,,,,,,,,,,,,,165.04944038391113,False
1737650456.1514266,2025-01-23 17:40:56,OTHER,PAUSE,,,,,,,,,,,,,,,,,,,,,,,,,,,,,,,,,,,,,,,165.1374454498291,False
1737650456.244432,2025-01-23 17:40:56,OTHER,PAUSE,,,,,,,,,,,,,,,,,,,,,,,,,,,,,,,,,,,,,,,165.23045086860657,False
1737650456.3174362,2025-01-23 17:40:56,OTHER,PAUSE,,,,,,,,,,,,,,,,,,,,,,,,,,,,,,,,,,,,,,,165.30345511436462,False
1737650456.3924403,2025-01-23 17:40:56,OTHER,PAUSE,,,,,,,,,,,,,,,,,,,,,,,,,,,,,,,,,,,,,,,165.37845921516418,False
1737650456.4964461,2025-01-23 17:40:56,OTHER,PAUSE,,,,,,,,,,,,,,,,,,,,,,,,,,,,,,,,,,,,,,,165.48246502876282,False
1737650456.579451,2025-01-23 17:40:56,OTHER,PAUSE,,,,,,,,,,,,,,,,,,,,,,,,,,,,,,,,,,,,,,,165.56546998023987,False
1737650456.666456,2025-01-23 17:40:56,OTHER,PAUSE,,,,,,,,,,,,,,,,,,,,,,,,,,,,,,,,,,,,,,,165.6524748802185,False
1737650456.7444606,2025-01-23 17:40:56,OTHER,PAUSE,,,,,,,,,,,,,,,,,,,,,,,,,,,,,,,,,,,,,,,165.73047947883606,False
1737650456.824465,2025-01-23 17:40:56,OTHER,PAUSE,,,,,,,,,,,,,,,,,,,,,,,,,,,,,,,,,,,,,,,165.81048393249512,False
1737650456.8994694,2025-01-23 17:40:56,OTHER,PAUSE,,,,,,,,,,,,,,,,,,,,,,,,,,,,,,,,,,,,,,,165.88548827171326,False
1737650456.9744737,2025-01-23 17:40:56,OTHER,PAUSE,,,,,,,,,,,,,,,,,,,,,,,,,,,,,,,,,,,,,,,165.9604926109314,False
1737650457.0714793,2025-01-23 17:40:57,OTHER,PAUSE,,,,,,,,,,,,,,,,,,,,,,,,,,,,,,,,,,,,,,,166.05749821662903,False
1737650457.1534839,2025-01-23 17:40:57,OTHER,PAUSE,,,,,,,,,,,,,,,,,,,,,,,,,,,,,,,,,,,,,,,166.13950276374817,False
1737650457.2324884,2025-01-23 17:40:57,OTHER,PAUSE,,,,,,,,,,,,,,,,,,,,,,,,,,,,,,,,,,,,,,,166.21850728988647,False
1737650457.3144932,2025-01-23 17:40:57,OTHER,PAUSE,,,,,,,,,,,,,,,,,,,,,,,,,,,,,,,,,,,,,,,166.3005120754242,False
1737650457.397498,2025-01-23 17:40:57,OTHER,PAUSE,,,,,,,,,,,,,,,,,,,,,,,,,,,,,,,,,,,,,,,166.38351678848267,False
1737650457.4845028,2025-01-23 17:40:57,OTHER,PAUSE,,,,,,,,,,,,,,,,,,,,,,,,,,,,,,,,,,,,,,,166.4705216884613,False
1737650457.5805085,2025-01-23 17:40:57,OTHER,PAUSE,,,,,,,,,,,,,,,,,,,,,,,,,,,,,,,,,,,,,,,166.56652736663818,False
1737650457.678514,2025-01-23 17:40:57,OTHER,PAUSE,,,,,,,,,,,,,,,,,,,,,,,,,,,,,,,,,,,,,,,166.66453289985657,False
1737650457.7555182,2025-01-23 17:40:57,OTHER,PAUSE,,,,,,,,,,,,,,,,,,,,,,,,,,,,,,,,,,,,,,,166.7415370941162,False
1737650457.839523,2025-01-23 17:40:57,OTHER,PAUSE,,,,,,,,,,,,,,,,,,,,,,,,,,,,,,,,,,,,,,,166.825541973114,False
1737650457.9115274,2025-01-23 17:40:57,OTHER,PAUSE,,,,,,,,,,,,,,,,,,,,,,,,,,,,,,,,,,,,,,,166.89754629135132,False
1737650457.9885318,2025-01-23 17:40:57,OTHER,PAUSE,,,,,,,,,,,,,,,,,,,,,,,,,,,,,,,,,,,,,,,166.97455072402954,False
1737650458.067536,2025-01-23 17:40:58,OTHER,PAUSE,,,,,,,,,,,,,,,,,,,,,,,,,,,,,,,,,,,,,,,167.05355501174927,False
1737650458.148541,2025-01-23 17:40:58,OTHER,PAUSE,,,,,,,,,,,,,,,,,,,,,,,,,,,,,,,,,,,,,,,167.13455986976624,False
1737650458.2455466,2025-01-23 17:40:58,OTHER,PAUSE,,,,,,,,,,,,,,,,,,,,,,,,,,,,,,,,,,,,,,,167.23156547546387,False
1737650458.3405516,2025-01-23 17:40:58,OTHER,PAUSE,,,,,,,,,,,,,,,,,,,,,,,,,,,,,,,,,,,,,,,167.32657051086426,False
1737650458.428557,2025-01-23 17:40:58,OTHER,PAUSE,,,,,,,,,,,,,,,,,,,,,,,,,,,,,,,,,,,,,,,167.4145758152008,False
1737650458.517562,2025-01-23 17:40:58,OTHER,PAUSE,,,,,,,,,,,,,,,,,,,,,,,,,,,,,,,,,,,,,,,167.50358080863953,False
1737650458.5985663,2025-01-23 17:40:58,OTHER,PAUSE,,,,,,,,,,,,,,,,,,,,,,,,,,,,,,,,,,,,,,,167.58458518981934,False
1737650458.675571,2025-01-23 17:40:58,OTHER,PAUSE,,,,,,,,,,,,,,,,,,,,,,,,,,,,,,,,,,,,,,,167.66158986091614,False
1737650458.7595758,2025-01-23 17:40:58,OTHER,PAUSE,,,,,,,,,,,,,,,,,,,,,,,,,,,,,,,,,,,,,,,167.74559473991394,False
1737650458.850581,2025-01-23 17:40:58,OTHER,PAUSE,,,,,,,,,,,,,,,,,,,,,,,,,,,,,,,,,,,,,,,167.83659982681274,False
1737650458.9375858,2025-01-23 17:40:58,OTHER,PAUSE,,,,,,,,,,,,,,,,,,,,,,,,,,,,,,,,,,,,,,,167.92360472679138,False
1737650459.0135903,2025-01-23 17:40:59,OTHER,PAUSE,,,,,,,,,,,,,,,,,,,,,,,,,,,,,,,,,,,,,,,167.99960923194885,False
1737650459.1025953,2025-01-23 17:40:59,OTHER,PAUSE,,,,,,,,,,,,,,,,,,,,,,,,,,,,,,,,,,,,,,,168.08861422538757,False
1737650459.1866002,2025-01-23 17:40:59,OTHER,PAUSE,,,,,,,,,,,,,,,,,,,,,,,,,,,,,,,,,,,,,,,168.17261910438538,False
1737650459.2646046,2025-01-23 17:40:59,OTHER,PAUSE,,,,,,,,,,,,,,,,,,,,,,,,,,,,,,,,,,,,,,,168.25062346458435,False
1737650459.373611,2025-01-23 17:40:59,OTHER,PAUSE,,,,,,,,,,,,,,,,,,,,,,,,,,,,,,,,,,,,,,,168.35962986946106,False
1737650459.4576156,2025-01-23 17:40:59,OTHER,PAUSE,,,,,,,,,,,,,,,,,,,,,,,,,,,,,,,,,,,,,,,168.44363451004028,False
1737650459.5436206,2025-01-23 17:40:59,OTHER,PAUSE,,,,,,,,,,,,,,,,,,,,,,,,,,,,,,,,,,,,,,,168.52963948249817,False
1737650459.6296256,2025-01-23 17:40:59,OTHER,PAUSE,,,,,,,,,,,,,,,,,,,,,,,,,,,,,,,,,,,,,,,168.61564445495605,False
1737650459.7076302,2025-01-23 17:40:59,OTHER,PAUSE,,,,,,,,,,,,,,,,,,,,,,,,,,,,,,,,,,,,,,,168.6936490535736,False
1737650459.7846344,2025-01-23 17:40:59,OTHER,PAUSE,,,,,,,,,,,,,,,,,,,,,,,,,,,,,,,,,,,,,,,168.77065324783325,False
1737650459.8726394,2025-01-23 17:40:59,OTHER,PAUSE,,,,,,,,,,,,,,,,,,,,,,,,,,,,,,,,,,,,,,,168.85865831375122,False
1737650459.9636447,2025-01-23 17:40:59,OTHER,PAUSE,,,,,,,,,,,,,,,,,,,,,,,,,,,,,,,,,,,,,,,168.9496636390686,False
1737650460.0516498,2025-01-23 17:41:00,OTHER,PAUSE,,,,,,,,,,,,,,,,,,,,,,,,,,,,,,,,,,,,,,,169.03766870498657,False
1737650460.1326544,2025-01-23 17:41:00,OTHER,PAUSE,,,,,,,,,,,,,,,,,,,,,,,,,,,,,,,,,,,,,,,169.11867332458496,False
1737650460.2186594,2025-01-23 17:41:00,OTHER,PAUSE,,,,,,,,,,,,,,,,,,,,,,,,,,,,,,,,,,,,,,,169.20467829704285,False
1737650460.2976637,2025-01-23 17:41:00,OTHER,PAUSE,,,,,,,,,,,,,,,,,,,,,,,,,,,,,,,,,,,,,,,169.28368258476257,False
1737650460.3736682,2025-01-23 17:41:00,OTHER,PAUSE,,,,,,,,,,,,,,,,,,,,,,,,,,,,,,,,,,,,,,,169.35968708992004,False
1737650460.4806743,2025-01-23 17:41:00,OTHER,PAUSE,,,,,,,,,,,,,,,,,,,,,,,,,,,,,,,,,,,,,,,169.4666931629181,False
1737650460.5676792,2025-01-23 17:41:00,OTHER,PAUSE,,,,,,,,,,,,,,,,,,,,,,,,,,,,,,,,,,,,,,,169.55369806289673,False
1737650460.651684,2025-01-23 17:41:00,OTHER,PAUSE,,,,,,,,,,,,,,,,,,,,,,,,,,,,,,,,,,,,,,,169.63770294189453,False
1737650460.7436893,2025-01-23 17:41:00,OTHER,PAUSE,,,,,,,,,,,,,,,,,,,,,,,,,,,,,,,,,,,,,,,169.72970819473267,False
1737650460.8256938,2025-01-23 17:41:00,OTHER,PAUSE,,,,,,,,,,,,,,,,,,,,,,,,,,,,,,,,,,,,,,,169.8117127418518,False
1737650460.9046986,2025-01-23 17:41:00,OTHER,PAUSE,,,,,,,,,,,,,,,,,,,,,,,,,,,,,,,,,,,,,,,169.8907175064087,False
1737650461.0127046,2025-01-23 17:41:01,OTHER,PAUSE,,,,,,,,,,,,,,,,,,,,,,,,,,,,,,,,,,,,,,,169.9987235069275,False
1737650461.1147106,2025-01-23 17:41:01,OTHER,PAUSE,,,,,,,,,,,,,,,,,,,,,,,,,,,,,,,,,,,,,,,170.10072946548462,False
1737650461.2067156,2025-01-23 17:41:01,OTHER,PAUSE,,,,,,,,,,,,,,,,,,,,,,,,,,,,,,,,,,,,,,,170.19273447990417,False
1737650461.2837203,2025-01-23 17:41:01,OTHER,PAUSE,,,,,,,,,,,,,,,,,,,,,,,,,,,,,,,,,,,,,,,170.26973915100098,False
1737650461.3727252,2025-01-23 17:41:01,OTHER,PAUSE,,,,,,,,,,,,,,,,,,,,,,,,,,,,,,,,,,,,,,,170.3587441444397,False
1737650461.45473,2025-01-23 17:41:01,OTHER,PAUSE,,,,,,,,,,,,,,,,,,,,,,,,,,,,,,,,,,,,,,,170.44074892997742,False
1737650461.563736,2025-01-23 17:41:01,OTHER,PAUSE,,,,,,,,,,,,,,,,,,,,,,,,,,,,,,,,,,,,,,,170.54975485801697,False
1737650461.6657422,2025-01-23 17:41:01,OTHER,PAUSE,,,,,,,,,,,,,,,,,,,,,,,,,,,,,,,,,,,,,,,170.65176105499268,False
1737650461.7477467,2025-01-23 17:41:01,OTHER,PAUSE,,,,,,,,,,,,,,,,,,,,,,,,,,,,,,,,,,,,,,,170.73376560211182,False
1737650461.836752,2025-01-23 17:41:01,OTHER,PAUSE,,,,,,,,,,,,,,,,,,,,,,,,,,,,,,,,,,,,,,,170.82277083396912,False
1737650461.9227567,2025-01-23 17:41:01,OTHER,PAUSE,,,,,,,,,,,,,,,,,,,,,,,,,,,,,,,,,,,,,,,170.90877556800842,False
1737650461.999761,2025-01-23 17:41:01,OTHER,PAUSE,,,,,,,,,,,,,,,,,,,,,,,,,,,,,,,,,,,,,,,170.98578000068665,False
1737650462.083766,2025-01-23 17:41:02,OTHER,PAUSE,,,,,,,,,,,,,,,,,,,,,,,,,,,,,,,,,,,,,,,171.06978487968445,False
1737650462.1947722,2025-01-23 17:41:02,OTHER,PAUSE,,,,,,,,,,,,,,,,,,,,,,,,,,,,,,,,,,,,,,,171.18079113960266,False
1737650462.2807772,2025-01-23 17:41:02,OTHER,PAUSE,,,,,,,,,,,,,,,,,,,,,,,,,,,,,,,,,,,,,,,171.26679611206055,False
1737650462.363782,2025-01-23 17:41:02,OTHER,PAUSE,,,,,,,,,,,,,,,,,,,,,,,,,,,,,,,,,,,,,,,171.34980082511902,False
1737650462.452787,2025-01-23 17:41:02,OTHER,PAUSE,,,,,,,,,,,,,,,,,,,,,,,,,,,,,,,,,,,,,,,171.43880581855774,False
1737650462.5337915,2025-01-23 17:41:02,OTHER,PAUSE,,,,,,,,,,,,,,,,,,,,,,,,,,,,,,,,,,,,,,,171.51981043815613,False
1737650462.610796,2025-01-23 17:41:02,OTHER,PAUSE,,,,,,,,,,,,,,,,,,,,,,,,,,,,,,,,,,,,,,,171.59681487083435,False
1737650462.714802,2025-01-23 17:41:02,OTHER,PAUSE,,,,,,,,,,,,,,,,,,,,,,,,,,,,,,,,,,,,,,,171.70082092285156,False
1737650462.7968066,2025-01-23 17:41:02,OTHER,PAUSE,,,,,,,,,,,,,,,,,,,,,,,,,,,,,,,,,,,,,,,171.7828254699707,False
1737650462.870811,2025-01-23 17:41:02,OTHER,PAUSE,,,,,,,,,,,,,,,,,,,,,,,,,,,,,,,,,,,,,,,171.8568298816681,False
1737650462.9498153,2025-01-23 17:41:02,OTHER,PAUSE,,,,,,,,,,,,,,,,,,,,,,,,,,,,,,,,,,,,,,,171.93583416938782,False
1737650463.0408206,2025-01-23 17:41:03,OTHER,PAUSE,,,,,,,,,,,,,,,,,,,,,,,,,,,,,,,,,,,,,,,172.0268394947052,False
1737650463.1458266,2025-01-23 17:41:03,OTHER,PAUSE,,,,,,,,,,,,,,,,,,,,,,,,,,,,,,,,,,,,,,,172.13184547424316,False
1737650463.2528327,2025-01-23 17:41:03,OTHER,PAUSE,,,,,,,,,,,,,,,,,,,,,,,,,,,,,,,,,,,,,,,172.2388515472412,False
1737650463.365839,2025-01-23 17:41:03,OTHER,PAUSE,,,,,,,,,,,,,,,,,,,,,,,,,,,,,,,,,,,,,,,172.3518579006195,False
1737650463.4708452,2025-01-23 17:41:03,OTHER,PAUSE,,,,,,,,,,,,,,,,,,,,,,,,,,,,,,,,,,,,,,,172.45686411857605,False
1737650463.573851,2025-01-23 17:41:03,OTHER,PAUSE,,,,,,,,,,,,,,,,,,,,,,,,,,,,,,,,,,,,,,,172.55987000465393,False
1737650463.6788573,2025-01-23 17:41:03,OTHER,PAUSE,,,,,,,,,,,,,,,,,,,,,,,,,,,,,,,,,,,,,,,172.66487622261047,False
1737650463.7918634,2025-01-23 17:41:03,OTHER,PAUSE,,,,,,,,,,,,,,,,,,,,,,,,,,,,,,,,,,,,,,,172.7778823375702,False
1737650463.9128704,2025-01-23 17:41:03,OTHER,PAUSE,,,,,,,,,,,,,,,,,,,,,,,,,,,,,,,,,,,,,,,172.8988893032074,False
1737650464.0138762,2025-01-23 17:41:04,OTHER,PAUSE,,,,,,,,,,,,,,,,,,,,,,,,,,,,,,,,,,,,,,,172.9998950958252,False
1737650464.0898805,2025-01-23 17:41:04,OTHER,PAUSE,,,,,,,,,,,,,,,,,,,,,,,,,,,,,,,,,,,,,,,173.0758993625641,False
1737650464.1718853,2025-01-23 17:41:04,OTHER,PAUSE,,,,,,,,,,,,,,,,,,,,,,,,,,,,,,,,,,,,,,,173.1579041481018,False
1737650464.2508898,2025-01-23 17:41:04,OTHER,PAUSE,,,,,,,,,,,,,,,,,,,,,,,,,,,,,,,,,,,,,,,173.2369086742401,False
1737650464.3308942,2025-01-23 17:41:04,OTHER,PAUSE,,,,,,,,,,,,,,,,,,,,,,,,,,,,,,,,,,,,,,,173.31691312789917,False
1737650464.4198995,2025-01-23 17:41:04,OTHER,PAUSE,,,,,,,,,,,,,,,,,,,,,,,,,,,,,,,,,,,,,,,173.40591835975647,False
1737650464.5119047,2025-01-23 17:41:04,OTHER,PAUSE,,,,,,,,,,,,,,,,,,,,,,,,,,,,,,,,,,,,,,,173.4979236125946,False
1737650464.5909092,2025-01-23 17:41:04,OTHER,PAUSE,,,,,,,,,,,,,,,,,,,,,,,,,,,,,,,,,,,,,,,173.5769281387329,False
1737650464.672914,2025-01-23 17:41:04,OTHER,PAUSE,,,,,,,,,,,,,,,,,,,,,,,,,,,,,,,,,,,,,,,173.65893292427063,False
1737650464.7649193,2025-01-23 17:41:04,OTHER,PAUSE,,,,,,,,,,,,,,,,,,,,,,,,,,,,,,,,,,,,,,,173.75093817710876,False
1737650464.8469238,2025-01-23 17:41:04,OTHER,PAUSE,,,,,,,,,,,,,,,,,,,,,,,,,,,,,,,,,,,,,,,173.8329427242279,False
1737650464.9309287,2025-01-23 17:41:04,OTHER,PAUSE,,,,,,,,,,,,,,,,,,,,,,,,,,,,,,,,,,,,,,,173.9169476032257,False
1737650465.0329347,2025-01-23 17:41:05,OTHER,PAUSE,,,,,,,,,,,,,,,,,,,,,,,,,,,,,,,,,,,,,,,174.01895356178284,False
1737650465.1129394,2025-01-23 17:41:05,OTHER,PAUSE,,,,,,,,,,,,,,,,,,,,,,,,,,,,,,,,,,,,,,,174.09895825386047,False
1737650465.2059445,2025-01-23 17:41:05,OTHER,PAUSE,,,,,,,,,,,,,,,,,,,,,,,,,,,,,,,,,,,,,,,174.19196343421936,False
1737650465.2889493,2025-01-23 17:41:05,OTHER,PAUSE,,,,,,,,,,,,,,,,,,,,,,,,,,,,,,,,,,,,,,,174.27496814727783,False
1737650465.3729541,2025-01-23 17:41:05,OTHER,PAUSE,,,,,,,,,,,,,,,,,,,,,,,,,,,,,,,,,,,,,,,174.35897302627563,False
1737650465.4649591,2025-01-23 17:41:05,OTHER,PAUSE,,,,,,,,,,,,,,,,,,,,,,,,,,,,,,,,,,,,,,,174.4509780406952,False
1737650465.5619648,2025-01-23 17:41:05,OTHER,PAUSE,,,,,,,,,,,,,,,,,,,,,,,,,,,,,,,,,,,,,,,174.54798364639282,False
1737650465.6499698,2025-01-23 17:41:05,OTHER,PAUSE,,,,,,,,,,,,,,,,,,,,,,,,,,,,,,,,,,,,,,,174.6359887123108,False
1737650465.7299743,2025-01-23 17:41:05,OTHER,PAUSE,,,,,,,,,,,,,,,,,,,,,,,,,,,,,,,,,,,,,,,174.71599316596985,False
1737650465.8139791,2025-01-23 17:41:05,OTHER,PAUSE,,,,,,,,,,,,,,,,,,,,,,,,,,,,,,,,,,,,,,,174.79999804496765,False
1737650465.897984,2025-01-23 17:41:05,OTHER,PAUSE,,,,,,,,,,,,,,,,,,,,,,,,,,,,,,,,,,,,,,,174.88400292396545,False
1737650465.9829888,2025-01-23 17:41:05,OTHER,PAUSE,,,,,,,,,,,,,,,,,,,,,,,,,,,,,,,,,,,,,,,174.969007730484,False
1737650466.0609932,2025-01-23 17:41:06,OTHER,PAUSE,,,,,,,,,,,,,,,,,,,,,,,,,,,,,,,,,,,,,,,175.04701209068298,False
1737650466.1639993,2025-01-23 17:41:06,OTHER,PAUSE,,,,,,,,,,,,,,,,,,,,,,,,,,,,,,,,,,,,,,,175.15001821517944,False
1737650466.2480042,2025-01-23 17:41:06,OTHER,PAUSE,,,,,,,,,,,,,,,,,,,,,,,,,,,,,,,,,,,,,,,175.23402309417725,False
1737650466.3300087,2025-01-23 17:41:06,OTHER,PAUSE,,,,,,,,,,,,,,,,,,,,,,,,,,,,,,,,,,,,,,,175.3160276412964,False
1737650466.419014,2025-01-23 17:41:06,OTHER,PAUSE,,,,,,,,,,,,,,,,,,,,,,,,,,,,,,,,,,,,,,,175.4050328731537,False
1737650466.4930182,2025-01-23 17:41:06,OTHER,PAUSE,,,,,,,,,,,,,,,,,,,,,,,,,,,,,,,,,,,,,,,175.4790370464325,False
1737650466.5740228,2025-01-23 17:41:06,OTHER,PAUSE,,,,,,,,,,,,,,,,,,,,,,,,,,,,,,,,,,,,,,,175.56004166603088,False
1737650466.668028,2025-01-23 17:41:06,OTHER,PAUSE,,,,,,,,,,,,,,,,,,,,,,,,,,,,,,,,,,,,,,,175.6540470123291,False
1737650466.7620335,2025-01-23 17:41:06,OTHER,PAUSE,,,,,,,,,,,,,,,,,,,,,,,,,,,,,,,,,,,,,,,175.74805235862732,False
1737650466.8570387,2025-01-23 17:41:06,OTHER,PAUSE,,,,,,,,,,,,,,,,,,,,,,,,,,,,,,,,,,,,,,,175.8430576324463,False
1737650466.9390435,2025-01-23 17:41:06,OTHER,PAUSE,,,,,,,,,,,,,,,,,,,,,,,,,,,,,,,,,,,,,,,175.925062417984,False
1737650467.0160482,2025-01-23 17:41:07,OTHER,PAUSE,,,,,,,,,,,,,,,,,,,,,,,,,,,,,,,,,,,,,,,176.0020670890808,False
1737650467.0910523,2025-01-23 17:41:07,OTHER,PAUSE,,,,,,,,,,,,,,,,,,,,,,,,,,,,,,,,,,,,,,,176.07707118988037,False
1737650467.171057,2025-01-23 17:41:07,OTHER,PAUSE,,,,,,,,,,,,,,,,,,,,,,,,,,,,,,,,,,,,,,,176.157075881958,False
1737650467.278063,2025-01-23 17:41:07,OTHER,PAUSE,,,,,,,,,,,,,,,,,,,,,,,,,,,,,,,,,,,,,,,176.26408195495605,False
1737650467.3610678,2025-01-23 17:41:07,OTHER,PAUSE,,,,,,,,,,,,,,,,,,,,,,,,,,,,,,,,,,,,,,,176.34708666801453,False
1737650467.4460726,2025-01-23 17:41:07,OTHER,PAUSE,,,,,,,,,,,,,,,,,,,,,,,,,,,,,,,,,,,,,,,176.43209147453308,False
1737650467.5360777,2025-01-23 17:41:07,OTHER,PAUSE,,,,,,,,,,,,,,,,,,,,,,,,,,,,,,,,,,,,,,,176.52209663391113,False
1737650467.6160822,2025-01-23 17:41:07,OTHER,PAUSE,,,,,,,,,,,,,,,,,,,,,,,,,,,,,,,,,,,,,,,176.6021010875702,False
1737650467.696087,2025-01-23 17:41:07,OTHER,PAUSE,,,,,,,,,,,,,,,,,,,,,,,,,,,,,,,,,,,,,,,176.68210577964783,False
1737650467.784092,2025-01-23 17:41:07,OTHER,PAUSE,,,,,,,,,,,,,,,,,,,,,,,,,,,,,,,,,,,,,,,176.7701108455658,False
1737650467.8830976,2025-01-23 17:41:07,OTHER,PAUSE,,,,,,,,,,,,,,,,,,,,,,,,,,,,,,,,,,,,,,,176.8691165447235,False
1737650467.9691026,2025-01-23 17:41:07,OTHER,PAUSE,,,,,,,,,,,,,,,,,,,,,,,,,,,,,,,,,,,,,,,176.9551215171814,False
1737650468.0691082,2025-01-23 17:41:08,OTHER,PAUSE,,,,,,,,,,,,,,,,,,,,,,,,,,,,,,,,,,,,,,,177.05512714385986,False
1737650468.1611135,2025-01-23 17:41:08,OTHER,PAUSE,,,,,,,,,,,,,,,,,,,,,,,,,,,,,,,,,,,,,,,177.147132396698,False
1737650468.2491186,2025-01-23 17:41:08,OTHER,PAUSE,,,,,,,,,,,,,,,,,,,,,,,,,,,,,,,,,,,,,,,177.23513746261597,False
1737650468.324123,2025-01-23 17:41:08,OTHER,PAUSE,,,,,,,,,,,,,,,,,,,,,,,,,,,,,,,,,,,,,,,177.3101418018341,False
1737650468.4211285,2025-01-23 17:41:08,OTHER,PAUSE,,,,,,,,,,,,,,,,,,,,,,,,,,,,,,,,,,,,,,,177.40714740753174,False
1737650468.519134,2025-01-23 17:41:08,OTHER,PAUSE,,,,,,,,,,,,,,,,,,,,,,,,,,,,,,,,,,,,,,,177.50515294075012,False
1737650468.5991385,2025-01-23 17:41:08,OTHER,PAUSE,,,,,,,,,,,,,,,,,,,,,,,,,,,,,,,,,,,,,,,177.58515739440918,False
1737650468.6851435,2025-01-23 17:41:08,OTHER,PAUSE,,,,,,,,,,,,,,,,,,,,,,,,,,,,,,,,,,,,,,,177.67116236686707,False
1737650468.766148,2025-01-23 17:41:08,OTHER,PAUSE,,,,,,,,,,,,,,,,,,,,,,,,,,,,,,,,,,,,,,,177.75216698646545,False
1737650468.850153,2025-01-23 17:41:08,OTHER,PAUSE,,,,,,,,,,,,,,,,,,,,,,,,,,,,,,,,,,,,,,,177.83617186546326,False
1737650468.9581592,2025-01-23 17:41:08,OTHER,PAUSE,,,,,,,,,,,,,,,,,,,,,,,,,,,,,,,,,,,,,,,177.94417810440063,False
1737650469.043164,2025-01-23 17:41:09,OTHER,PAUSE,,,,,,,,,,,,,,,,,,,,,,,,,,,,,,,,,,,,,,,178.0291829109192,False
1737650469.1221685,2025-01-23 17:41:09,OTHER,PAUSE,,,,,,,,,,,,,,,,,,,,,,,,,,,,,,,,,,,,,,,178.1081874370575,False
1737650469.2141738,2025-01-23 17:41:09,OTHER,PAUSE,,,,,,,,,,,,,,,,,,,,,,,,,,,,,,,,,,,,,,,178.20019268989563,False
1737650469.2961783,2025-01-23 17:41:09,OTHER,PAUSE,,,,,,,,,,,,,,,,,,,,,,,,,,,,,,,,,,,,,,,178.28219723701477,False
1737650469.3781831,2025-01-23 17:41:09,OTHER,PAUSE,,,,,,,,,,,,,,,,,,,,,,,,,,,,,,,,,,,,,,,178.3642020225525,False
1737650469.4861894,2025-01-23 17:41:09,OTHER,PAUSE,,,,,,,,,,,,,,,,,,,,,,,,,,,,,,,,,,,,,,,178.47220826148987,False
1737650469.5711942,2025-01-23 17:41:09,OTHER,PAUSE,,,,,,,,,,,,,,,,,,,,,,,,,,,,,,,,,,,,,,,178.55721306800842,False
1737650469.652199,2025-01-23 17:41:09,OTHER,PAUSE,,,,,,,,,,,,,,,,,,,,,,,,,,,,,,,,,,,,,,,178.6382179260254,False
1737650469.7402039,2025-01-23 17:41:09,OTHER,PAUSE,,,,,,,,,,,,,,,,,,,,,,,,,,,,,,,,,,,,,,,178.72622275352478,False
1737650469.8162081,2025-01-23 17:41:09,OTHER,PAUSE,,,,,,,,,,,,,,,,,,,,,,,,,,,,,,,,,,,,,,,178.80222702026367,False
1737650469.8892124,2025-01-23 17:41:09,OTHER,PAUSE,,,,,,,,,,,,,,,,,,,,,,,,,,,,,,,,,,,,,,,178.87523126602173,False
1737650469.9742172,2025-01-23 17:41:09,OTHER,PAUSE,,,,,,,,,,,,,,,,,,,,,,,,,,,,,,,,,,,,,,,178.96023607254028,False
1737650470.075223,2025-01-23 17:41:10,OTHER,PAUSE,,,,,,,,,,,,,,,,,,,,,,,,,,,,,,,,,,,,,,,179.06124186515808,False
1737650470.1612277,2025-01-23 17:41:10,OTHER,PAUSE,,,,,,,,,,,,,,,,,,,,,,,,,,,,,,,,,,,,,,,179.1472465991974,False
1737650470.2442327,2025-01-23 17:41:10,OTHER,PAUSE,,,,,,,,,,,,,,,,,,,,,,,,,,,,,,,,,,,,,,,179.23025155067444,False
1737650470.3262372,2025-01-23 17:41:10,OTHER,PAUSE,,,,,,,,,,,,,,,,,,,,,,,,,,,,,,,,,,,,,,,179.31225609779358,False
1737650470.4022417,2025-01-23 17:41:10,OTHER,PAUSE,,,,,,,,,,,,,,,,,,,,,,,,,,,,,,,,,,,,,,,179.38826060295105,False
1737650470.4832463,2025-01-23 17:41:10,OTHER,PAUSE,,,,,,,,,,,,,,,,,,,,,,,,,,,,,,,,,,,,,,,179.46926522254944,False
1737650470.5692513,2025-01-23 17:41:10,OTHER,PAUSE,,,,,,,,,,,,,,,,,,,,,,,,,,,,,,,,,,,,,,,179.55527019500732,False
1737650470.668257,2025-01-23 17:41:10,OTHER,PAUSE,,,,,,,,,,,,,,,,,,,,,,,,,,,,,,,,,,,,,,,179.65427589416504,False
1737650470.7642624,2025-01-23 17:41:10,OTHER,PAUSE,,,,,,,,,,,,,,,,,,,,,,,,,,,,,,,,,,,,,,,179.75028133392334,False
1737650470.8462672,2025-01-23 17:41:10,OTHER,PAUSE,,,,,,,,,,,,,,,,,,,,,,,,,,,,,,,,,,,,,,,179.83228611946106,False
1737650470.9322722,2025-01-23 17:41:10,OTHER,PAUSE,,,,,,,,,,,,,,,,,,,,,,,,,,,,,,,,,,,,,,,179.91829109191895,False
1737650471.0142765,2025-01-23 17:41:11,OTHER,PAUSE,,,,,,,,,,,,,,,,,,,,,,,,,,,,,,,,,,,,,,,180.0002954006195,False
1737650471.0972812,2025-01-23 17:41:11,OTHER,PAUSE,,,,,,,,,,,,,,,,,,,,,,,,,,,,,,,,,,,,,,,180.08330011367798,False
1737650471.2132883,2025-01-23 17:41:11,OTHER,PAUSE,,,,,,,,,,,,,,,,,,,,,,,,,,,,,,,,,,,,,,,180.19930720329285,False
1737650471.2912924,2025-01-23 17:41:11,OTHER,PAUSE,,,,,,,,,,,,,,,,,,,,,,,,,,,,,,,,,,,,,,,180.27731132507324,False
1737650471.3812976,2025-01-23 17:41:11,OTHER,PAUSE,,,,,,,,,,,,,,,,,,,,,,,,,,,,,,,,,,,,,,,180.3673164844513,False
1737650471.4623022,2025-01-23 17:41:11,OTHER,PAUSE,,,,,,,,,,,,,,,,,,,,,,,,,,,,,,,,,,,,,,,180.44832110404968,False
1737650471.5403068,2025-01-23 17:41:11,OTHER,PAUSE,,,,,,,,,,,,,,,,,,,,,,,,,,,,,,,,,,,,,,,180.52632570266724,False
1737650471.6223114,2025-01-23 17:41:11,OTHER,PAUSE,,,,,,,,,,,,,,,,,,,,,,,,,,,,,,,,,,,,,,,180.60833024978638,False
1737650471.721317,2025-01-23 17:41:11,OTHER,PAUSE,,,,,,,,,,,,,,,,,,,,,,,,,,,,,,,,,,,,,,,180.7073359489441,False
1737650471.8143225,2025-01-23 17:41:11,OTHER,PAUSE,,,,,,,,,,,,,,,,,,,,,,,,,,,,,,,,,,,,,,,180.80034136772156,False
1737650471.9123282,2025-01-23 17:41:11,OTHER,PAUSE,,,,,,,,,,,,,,,,,,,,,,,,,,,,,,,,,,,,,,,180.89834713935852,False
1737650472.0113337,2025-01-23 17:41:12,OTHER,PAUSE,,,,,,,,,,,,,,,,,,,,,,,,,,,,,,,,,,,,,,,180.99735260009766,False
1737650472.0973387,2025-01-23 17:41:12,OTHER,PAUSE,,,,,,,,,,,,,,,,,,,,,,,,,,,,,,,,,,,,,,,181.08335757255554,False
1737650472.1743429,2025-01-23 17:41:12,OTHER,PAUSE,,,,,,,,,,,,,,,,,,,,,,,,,,,,,,,,,,,,,,,181.16036176681519,False
1737650472.2683485,2025-01-23 17:41:12,OTHER,PAUSE,,,,,,,,,,,,,,,,,,,,,,,,,,,,,,,,,,,,,,,181.25436735153198,False
1737650472.3573534,2025-01-23 17:41:12,OTHER,PAUSE,,,,,,,,,,,,,,,,,,,,,,,,,,,,,,,,,,,,,,,181.3433723449707,False
1737650472.4403584,2025-01-23 17:41:12,OTHER,PAUSE,,,,,,,,,,,,,,,,,,,,,,,,,,,,,,,,,,,,,,,181.42637729644775,False
1737650472.5323634,2025-01-23 17:41:12,OTHER,PAUSE,,,,,,,,,,,,,,,,,,,,,,,,,,,,,,,,,,,,,,,181.5183823108673,False
1737650472.6203687,2025-01-23 17:41:12,OTHER,PAUSE,,,,,,,,,,,,,,,,,,,,,,,,,,,,,,,,,,,,,,,181.60638761520386,False
1737650472.700373,2025-01-23 17:41:12,OTHER,PAUSE,,,,,,,,,,,,,,,,,,,,,,,,,,,,,,,,,,,,,,,181.68639183044434,False
1737650472.7803776,2025-01-23 17:41:12,OTHER,PAUSE,,,,,,,,,,,,,,,,,,,,,,,,,,,,,,,,,,,,,,,181.76639652252197,False
1737650472.8853836,2025-01-23 17:41:12,OTHER,PAUSE,,,,,,,,,,,,,,,,,,,,,,,,,,,,,,,,,,,,,,,181.87140250205994,False
1737650472.9843893,2025-01-23 17:41:12,OTHER,PAUSE,,,,,,,,,,,,,,,,,,,,,,,,,,,,,,,,,,,,,,,181.97040820121765,False
1737650473.069394,2025-01-23 17:41:13,OTHER,PAUSE,,,,,,,,,,,,,,,,,,,,,,,,,,,,,,,,,,,,,,,182.0554130077362,False
1737650473.1663997,2025-01-23 17:41:13,OTHER,PAUSE,,,,,,,,,,,,,,,,,,,,,,,,,,,,,,,,,,,,,,,182.15241861343384,False
1737650473.2484045,2025-01-23 17:41:13,OTHER,PAUSE,,,,,,,,,,,,,,,,,,,,,,,,,,,,,,,,,,,,,,,182.23442339897156,False
1737650473.3414097,2025-01-23 17:41:13,OTHER,PAUSE,,,,,,,,,,,,,,,,,,,,,,,,,,,,,,,,,,,,,,,182.32742857933044,False
1737650473.448416,2025-01-23 17:41:13,OTHER,PAUSE,,,,,,,,,,,,,,,,,,,,,,,,,,,,,,,,,,,,,,,182.43443489074707,False
1737650473.5514216,2025-01-23 17:41:13,OTHER,PAUSE,,,,,,,,,,,,,,,,,,,,,,,,,,,,,,,,,,,,,,,182.53744053840637,False
1737650473.6454272,2025-01-23 17:41:13,OTHER,PAUSE,,,,,,,,,,,,,,,,,,,,,,,,,,,,,,,,,,,,,,,182.63144612312317,False
1737650473.746433,2025-01-23 17:41:13,OTHER,PAUSE,,,,,,,,,,,,,,,,,,,,,,,,,,,,,,,,,,,,,,,182.73245191574097,False
1737650473.8254375,2025-01-23 17:41:13,OTHER,PAUSE,,,,,,,,,,,,,,,,,,,,,,,,,,,,,,,,,,,,,,,182.81145644187927,False
1737650473.9094422,2025-01-23 17:41:13,OTHER,PAUSE,,,,,,,,,,,,,,,,,,,,,,,,,,,,,,,,,,,,,,,182.8954610824585,False
1737650474.0064478,2025-01-23 17:41:14,OTHER,PAUSE,,,,,,,,,,,,,,,,,,,,,,,,,,,,,,,,,,,,,,,182.99246668815613,False
1737650474.1064534,2025-01-23 17:41:14,OTHER,PAUSE,,,,,,,,,,,,,,,,,,,,,,,,,,,,,,,,,,,,,,,183.0924723148346,False
1737650474.1994588,2025-01-23 17:41:14,OTHER,PAUSE,,,,,,,,,,,,,,,,,,,,,,,,,,,,,,,,,,,,,,,183.18547773361206,False
1737650474.292464,2025-01-23 17:41:14,OTHER,PAUSE,,,,,,,,,,,,,,,,,,,,,,,,,,,,,,,,,,,,,,,183.27848291397095,False
1737650474.3724687,2025-01-23 17:41:14,OTHER,PAUSE,,,,,,,,,,,,,,,,,,,,,,,,,,,,,,,,,,,,,,,183.35848760604858,False
1737650474.4524734,2025-01-23 17:41:14,OTHER,PAUSE,,,,,,,,,,,,,,,,,,,,,,,,,,,,,,,,,,,,,,,183.43849229812622,False
1737650474.5394783,2025-01-23 17:41:14,OTHER,PAUSE,,,,,,,,,,,,,,,,,,,,,,,,,,,,,,,,,,,,,,,183.52549719810486,False
1737650474.633484,2025-01-23 17:41:14,OTHER,PAUSE,,,,,,,,,,,,,,,,,,,,,,,,,,,,,,,,,,,,,,,183.61950278282166,False
1737650474.7114882,2025-01-23 17:41:14,OTHER,PAUSE,,,,,,,,,,,,,,,,,,,,,,,,,,,,,,,,,,,,,,,183.69750714302063,False
1737650474.7934928,2025-01-23 17:41:14,OTHER,PAUSE,,,,,,,,,,,,,,,,,,,,,,,,,,,,,,,,,,,,,,,183.77951169013977,False
1737650474.8734972,2025-01-23 17:41:14,OTHER,PAUSE,,,,,,,,,,,,,,,,,,,,,,,,,,,,,,,,,,,,,,,183.85951614379883,False
1737650474.9575021,2025-01-23 17:41:14,OTHER,PAUSE,,,,,,,,,,,,,,,,,,,,,,,,,,,,,,,,,,,,,,,183.94352102279663,False
1737650475.0335066,2025-01-23 17:41:15,OTHER,PAUSE,,,,,,,,,,,,,,,,,,,,,,,,,,,,,,,,,,,,,,,184.0195255279541,False
1737650475.127512,2025-01-23 17:41:15,OTHER,PAUSE,,,,,,,,,,,,,,,,,,,,,,,,,,,,,,,,,,,,,,,184.11353087425232,False
1737650475.2165172,2025-01-23 17:41:15,OTHER,PAUSE,,,,,,,,,,,,,,,,,,,,,,,,,,,,,,,,,,,,,,,184.20253610610962,False
1737650475.3175228,2025-01-23 17:41:15,OTHER,PAUSE,,,,,,,,,,,,,,,,,,,,,,,,,,,,,,,,,,,,,,,184.30354166030884,False
1737650475.4035277,2025-01-23 17:41:15,OTHER,PAUSE,,,,,,,,,,,,,,,,,,,,,,,,,,,,,,,,,,,,,,,184.38954663276672,False
1737650475.4905326,2025-01-23 17:41:15,OTHER,PAUSE,,,,,,,,,,,,,,,,,,,,,,,,,,,,,,,,,,,,,,,184.47655153274536,False
1737650475.5725374,2025-01-23 17:41:15,OTHER,PAUSE,,,,,,,,,,,,,,,,,,,,,,,,,,,,,,,,,,,,,,,184.55855631828308,False
1737650475.6575425,2025-01-23 17:41:15,OTHER,PAUSE,,,,,,,,,,,,,,,,,,,,,,,,,,,,,,,,,,,,,,,184.64356136322021,False
1737650475.7595482,2025-01-23 17:41:15,OTHER,PAUSE,,,,,,,,,,,,,,,,,,,,,,,,,,,,,,,,,,,,,,,184.74556708335876,False
1737650475.8575537,2025-01-23 17:41:15,OTHER,PAUSE,,,,,,,,,,,,,,,,,,,,,,,,,,,,,,,,,,,,,,,184.84357261657715,False
1737650475.9405587,2025-01-23 17:41:15,OTHER,PAUSE,,,,,,,,,,,,,,,,,,,,,,,,,,,,,,,,,,,,,,,184.9265775680542,False
1737650476.0275636,2025-01-23 17:41:16,OTHER,PAUSE,,,,,,,,,,,,,,,,,,,,,,,,,,,,,,,,,,,,,,,185.01358246803284,False
1737650476.1155684,2025-01-23 17:41:16,OTHER,PAUSE,,,,,,,,,,,,,,,,,,,,,,,,,,,,,,,,,,,,,,,185.10158729553223,False
1737650476.195573,2025-01-23 17:41:16,OTHER,PAUSE,,,,,,,,,,,,,,,,,,,,,,,,,,,,,,,,,,,,,,,185.18159198760986,False
1737650476.300579,2025-01-23 17:41:16,OTHER,PAUSE,,,,,,,,,,,,,,,,,,,,,,,,,,,,,,,,,,,,,,,185.28659796714783,False
1737650476.387584,2025-01-23 17:41:16,OTHER,PAUSE,,,,,,,,,,,,,,,,,,,,,,,,,,,,,,,,,,,,,,,185.37360286712646,False
1737650476.4665885,2025-01-23 17:41:16,OTHER,PAUSE,,,,,,,,,,,,,,,,,,,,,,,,,,,,,,,,,,,,,,,185.45260739326477,False
1737650476.5515935,2025-01-23 17:41:16,OTHER,PAUSE,,,,,,,,,,,,,,,,,,,,,,,,,,,,,,,,,,,,,,,185.5376124382019,False
1737650476.6345983,2025-01-23 17:41:16,OTHER,PAUSE,,,,,,,,,,,,,,,,,,,,,,,,,,,,,,,,,,,,,,,185.62061715126038,False
1737650476.7176027,2025-01-23 17:41:16,OTHER,PAUSE,,,,,,,,,,,,,,,,,,,,,,,,,,,,,,,,,,,,,,,185.70362162590027,False
1737650476.8096082,2025-01-23 17:41:16,OTHER,PAUSE,,,,,,,,,,,,,,,,,,,,,,,,,,,,,,,,,,,,,,,185.79562711715698,False
1737650476.9006133,2025-01-23 17:41:16,OTHER,PAUSE,,,,,,,,,,,,,,,,,,,,,,,,,,,,,,,,,,,,,,,185.8866322040558,False
1737650476.9896185,2025-01-23 17:41:16,OTHER,PAUSE,,,,,,,,,,,,,,,,,,,,,,,,,,,,,,,,,,,,,,,185.9756374359131,False
1737650477.0796237,2025-01-23 17:41:17,OTHER,PAUSE,,,,,,,,,,,,,,,,,,,,,,,,,,,,,,,,,,,,,,,186.06564259529114,False
1737650477.1716287,2025-01-23 17:41:17,OTHER,PAUSE,,,,,,,,,,,,,,,,,,,,,,,,,,,,,,,,,,,,,,,186.1576476097107,False
1737650477.2646341,2025-01-23 17:41:17,OTHER,PAUSE,,,,,,,,,,,,,,,,,,,,,,,,,,,,,,,,,,,,,,,186.25065302848816,False
1737650477.350639,2025-01-23 17:41:17,OTHER,PAUSE,,,,,,,,,,,,,,,,,,,,,,,,,,,,,,,,,,,,,,,186.33665800094604,False
1737650477.453645,2025-01-23 17:41:17,OTHER,PAUSE,,,,,,,,,,,,,,,,,,,,,,,,,,,,,,,,,,,,,,,186.43966388702393,False
1737650477.5326495,2025-01-23 17:41:17,OTHER,PAUSE,,,,,,,,,,,,,,,,,,,,,,,,,,,,,,,,,,,,,,,186.51866841316223,False
1737650477.6106539,2025-01-23 17:41:17,OTHER,PAUSE,,,,,,,,,,,,,,,,,,,,,,,,,,,,,,,,,,,,,,,186.5966727733612,False
1737650477.699659,2025-01-23 17:41:17,OTHER,PAUSE,,,,,,,,,,,,,,,,,,,,,,,,,,,,,,,,,,,,,,,186.6856780052185,False
1737650477.7906642,2025-01-23 17:41:17,OTHER,PAUSE,,,,,,,,,,,,,,,,,,,,,,,,,,,,,,,,,,,,,,,186.7766830921173,False
1737650477.874669,2025-01-23 17:41:17,OTHER,PAUSE,,,,,,,,,,,,,,,,,,,,,,,,,,,,,,,,,,,,,,,186.8606879711151,False
1737650477.9746747,2025-01-23 17:41:17,OTHER,PAUSE,,,,,,,,,,,,,,,,,,,,,,,,,,,,,,,,,,,,,,,186.96069359779358,False
1737650478.06368,2025-01-23 17:41:18,OTHER,PAUSE,,,,,,,,,,,,,,,,,,,,,,,,,,,,,,,,,,,,,,,187.04969882965088,False
1737650478.1656857,2025-01-23 17:41:18,OTHER,PAUSE,,,,,,,,,,,,,,,,,,,,,,,,,,,,,,,,,,,,,,,187.15170454978943,False
1737650478.256691,2025-01-23 17:41:18,OTHER,PAUSE,,,,,,,,,,,,,,,,,,,,,,,,,,,,,,,,,,,,,,,187.2427098751068,False
1737650478.3376956,2025-01-23 17:41:18,OTHER,PAUSE,,,,,,,,,,,,,,,,,,,,,,,,,,,,,,,,,,,,,,,187.3237144947052,False
1737650478.4277008,2025-01-23 17:41:18,OTHER,PAUSE,,,,,,,,,,,,,,,,,,,,,,,,,,,,,,,,,,,,,,,187.41371965408325,False
1737650478.5317066,2025-01-23 17:41:18,OTHER,PAUSE,,,,,,,,,,,,,,,,,,,,,,,,,,,,,,,,,,,,,,,187.51772546768188,False
1737650478.623712,2025-01-23 17:41:18,OTHER,PAUSE,,,,,,,,,,,,,,,,,,,,,,,,,,,,,,,,,,,,,,,187.6097309589386,False
1737650478.713717,2025-01-23 17:41:18,OTHER,PAUSE,,,,,,,,,,,,,,,,,,,,,,,,,,,,,,,,,,,,,,,187.69973587989807,False
1737650478.800722,2025-01-23 17:41:18,OTHER,PAUSE,,,,,,,,,,,,,,,,,,,,,,,,,,,,,,,,,,,,,,,187.7867407798767,False
1737650478.8807266,2025-01-23 17:41:18,OTHER,PAUSE,,,,,,,,,,,,,,,,,,,,,,,,,,,,,,,,,,,,,,,187.86674547195435,False
1737650478.9647315,2025-01-23 17:41:18,OTHER,PAUSE,,,,,,,,,,,,,,,,,,,,,,,,,,,,,,,,,,,,,,,187.95075035095215,False
1737650479.0547366,2025-01-23 17:41:19,OTHER,PAUSE,,,,,,,,,,,,,,,,,,,,,,,,,,,,,,,,,,,,,,,188.0407555103302,False
1737650479.1707432,2025-01-23 17:41:19,OTHER,PAUSE,,,,,,,,,,,,,,,,,,,,,,,,,,,,,,,,,,,,,,,188.1567621231079,False
1737650479.2817495,2025-01-23 17:41:19,OTHER,PAUSE,,,,,,,,,,,,,,,,,,,,,,,,,,,,,,,,,,,,,,,188.26776838302612,False
1737650479.3847554,2025-01-23 17:41:19,OTHER,PAUSE,,,,,,,,,,,,,,,,,,,,,,,,,,,,,,,,,,,,,,,188.370774269104,False
1737650479.4937618,2025-01-23 17:41:19,OTHER,PAUSE,,,,,,,,,,,,,,,,,,,,,,,,,,,,,,,,,,,,,,,188.4797806739807,False
1737650479.5917673,2025-01-23 17:41:19,OTHER,PAUSE,,,,,,,,,,,,,,,,,,,,,,,,,,,,,,,,,,,,,,,188.5777862071991,False
1737650479.7057738,2025-01-23 17:41:19,OTHER,PAUSE,,,,,,,,,,,,,,,,,,,,,,,,,,,,,,,,,,,,,,,188.69179272651672,False
1737650479.8167803,2025-01-23 17:41:19,OTHER,PAUSE,,,,,,,,,,,,,,,,,,,,,,,,,,,,,,,,,,,,,,,188.80279922485352,False
1737650479.9137857,2025-01-23 17:41:19,OTHER,PAUSE,,,,,,,,,,,,,,,,,,,,,,,,,,,,,,,,,,,,,,,188.89980459213257,False
1737650480.0147915,2025-01-23 17:41:20,OTHER,PAUSE,,,,,,,,,,,,,,,,,,,,,,,,,,,,,,,,,,,,,,,189.00081038475037,False
1737650480.1037965,2025-01-23 17:41:20,OTHER,PAUSE,,,,,,,,,,,,,,,,,,,,,,,,,,,,,,,,,,,,,,,189.0898153781891,False
1737650480.1848013,2025-01-23 17:41:20,OTHER,PAUSE,,,,,,,,,,,,,,,,,,,,,,,,,,,,,,,,,,,,,,,189.17082023620605,False
1737650480.2768064,2025-01-23 17:41:20,OTHER,PAUSE,,,,,,,,,,,,,,,,,,,,,,,,,,,,,,,,,,,,,,,189.2628252506256,False
1737650480.375812,2025-01-23 17:41:20,OTHER,PAUSE,,,,,,,,,,,,,,,,,,,,,,,,,,,,,,,,,,,,,,,189.36183094978333,False
1737650480.458817,2025-01-23 17:41:20,OTHER,PAUSE,,,,,,,,,,,,,,,,,,,,,,,,,,,,,,,,,,,,,,,189.44483590126038,False
1737650480.5438218,2025-01-23 17:41:20,OTHER,PAUSE,,,,,,,,,,,,,,,,,,,,,,,,,,,,,,,,,,,,,,,189.52984070777893,False
1737650480.6248264,2025-01-23 17:41:20,OTHER,PAUSE,,,,,,,,,,,,,,,,,,,,,,,,,,,,,,,,,,,,,,,189.61084532737732,False
1737650480.7068312,2025-01-23 17:41:20,OTHER,PAUSE,,,,,,,,,,,,,,,,,,,,,,,,,,,,,,,,,,,,,,,189.69285011291504,False
1737650480.7948363,2025-01-23 17:41:20,OTHER,PAUSE,,,,,,,,,,,,,,,,,,,,,,,,,,,,,,,,,,,,,,,189.780855178833,False
1737650480.901842,2025-01-23 17:41:20,OTHER,PAUSE,,,,,,,,,,,,,,,,,,,,,,,,,,,,,,,,,,,,,,,189.88786101341248,False
1737650480.987847,2025-01-23 17:41:20,OTHER,PAUSE,,,,,,,,,,,,,,,,,,,,,,,,,,,,,,,,,,,,,,,189.97386598587036,False
1737650481.0768523,2025-01-23 17:41:21,OTHER,PAUSE,,,,,,,,,,,,,,,,,,,,,,,,,,,,,,,,,,,,,,,190.06287121772766,False
1737650481.1698575,2025-01-23 17:41:21,OTHER,PAUSE,,,,,,,,,,,,,,,,,,,,,,,,,,,,,,,,,,,,,,,190.15587639808655,False
1737650481.2528622,2025-01-23 17:41:21,OTHER,PAUSE,,,,,,,,,,,,,,,,,,,,,,,,,,,,,,,,,,,,,,,190.23888111114502,False
1737650481.335867,2025-01-23 17:41:21,OTHER,PAUSE,,,,,,,,,,,,,,,,,,,,,,,,,,,,,,,,,,,,,,,190.3218858242035,False
1737650481.4498737,2025-01-23 17:41:21,OTHER,PAUSE,,,,,,,,,,,,,,,,,,,,,,,,,,,,,,,,,,,,,,,190.4358925819397,False
1737650481.5368786,2025-01-23 17:41:21,OTHER,PAUSE,,,,,,,,,,,,,,,,,,,,,,,,,,,,,,,,,,,,,,,190.52289748191833,False
1737650481.6238835,2025-01-23 17:41:21,OTHER,PAUSE,,,,,,,,,,,,,,,,,,,,,,,,,,,,,,,,,,,,,,,190.60990238189697,False
1737650481.715889,2025-01-23 17:41:21,OTHER,PAUSE,,,,,,,,,,,,,,,,,,,,,,,,,,,,,,,,,,,,,,,190.7019078731537,False
1737650481.8038938,2025-01-23 17:41:21,OTHER,PAUSE,,,,,,,,,,,,,,,,,,,,,,,,,,,,,,,,,,,,,,,190.78991270065308,False
1737650481.8978992,2025-01-23 17:41:21,OTHER,PAUSE,,,,,,,,,,,,,,,,,,,,,,,,,,,,,,,,,,,,,,,190.8839180469513,False
1737650481.9969049,2025-01-23 17:41:21,OTHER,PAUSE,,,,,,,,,,,,,,,,,,,,,,,,,,,,,,,,,,,,,,,190.982923746109,False
1737650482.08391,2025-01-23 17:41:22,OTHER,PAUSE,,,,,,,,,,,,,,,,,,,,,,,,,,,,,,,,,,,,,,,191.06992888450623,False
1737650482.174915,2025-01-23 17:41:22,OTHER,PAUSE,,,,,,,,,,,,,,,,,,,,,,,,,,,,,,,,,,,,,,,191.16093397140503,False
1737650482.25992,2025-01-23 17:41:22,OTHER,PAUSE,,,,,,,,,,,,,,,,,,,,,,,,,,,,,,,,,,,,,,,191.24593877792358,False
1737650482.3469248,2025-01-23 17:41:22,OTHER,PAUSE,,,,,,,,,,,,,,,,,,,,,,,,,,,,,,,,,,,,,,,191.33294367790222,False
1737650482.4309297,2025-01-23 17:41:22,OTHER,PAUSE,,,,,,,,,,,,,,,,,,,,,,,,,,,,,,,,,,,,,,,191.41694855690002,False
1737650482.5249352,2025-01-23 17:41:22,OTHER,PAUSE,,,,,,,,,,,,,,,,,,,,,,,,,,,,,,,,,,,,,,,191.51095414161682,False
1737650482.6169403,2025-01-23 17:41:22,OTHER,PAUSE,,,,,,,,,,,,,,,,,,,,,,,,,,,,,,,,,,,,,,,191.60295915603638,False
1737650482.7009451,2025-01-23 17:41:22,OTHER,PAUSE,,,,,,,,,,,,,,,,,,,,,,,,,,,,,,,,,,,,,,,191.68696403503418,False
1737650482.7929502,2025-01-23 17:41:22,OTHER,PAUSE,,,,,,,,,,,,,,,,,,,,,,,,,,,,,,,,,,,,,,,191.77896904945374,False
1737650482.871955,2025-01-23 17:41:22,OTHER,PAUSE,,,,,,,,,,,,,,,,,,,,,,,,,,,,,,,,,,,,,,,191.85797381401062,False
1737650482.9559598,2025-01-23 17:41:22,OTHER,PAUSE,,,,,,,,,,,,,,,,,,,,,,,,,,,,,,,,,,,,,,,191.94197869300842,False
1737650483.0379643,2025-01-23 17:41:23,OTHER,PAUSE,,,,,,,,,,,,,,,,,,,,,,,,,,,,,,,,,,,,,,,192.02398324012756,False
1737650483.147971,2025-01-23 17:41:23,OTHER,PAUSE,,,,,,,,,,,,,,,,,,,,,,,,,,,,,,,,,,,,,,,192.1339898109436,False
1737650483.2489765,2025-01-23 17:41:23,OTHER,PAUSE,,,,,,,,,,,,,,,,,,,,,,,,,,,,,,,,,,,,,,,192.23499536514282,False
1737650483.3479822,2025-01-23 17:41:23,OTHER,PAUSE,,,,,,,,,,,,,,,,,,,,,,,,,,,,,,,,,,,,,,,192.33400106430054,False
1737650483.4459877,2025-01-23 17:41:23,OTHER,PAUSE,,,,,,,,,,,,,,,,,,,,,,,,,,,,,,,,,,,,,,,192.43200659751892,False
1737650483.536993,2025-01-23 17:41:23,OTHER,PAUSE,,,,,,,,,,,,,,,,,,,,,,,,,,,,,,,,,,,,,,,192.5230119228363,False
1737650483.625998,2025-01-23 17:41:23,OTHER,PAUSE,,,,,,,,,,,,,,,,,,,,,,,,,,,,,,,,,,,,,,,192.61201691627502,False
1737650483.7160034,2025-01-23 17:41:23,OTHER,PAUSE,,,,,,,,,,,,,,,,,,,,,,,,,,,,,,,,,,,,,,,192.70202231407166,False
1737650483.8030083,2025-01-23 17:41:23,OTHER,PAUSE,,,,,,,,,,,,,,,,,,,,,,,,,,,,,,,,,,,,,,,192.7890272140503,False
1737650483.8920133,2025-01-23 17:41:23,OTHER,PAUSE,,,,,,,,,,,,,,,,,,,,,,,,,,,,,,,,,,,,,,,192.878032207489,False
1737650483.972018,2025-01-23 17:41:23,OTHER,PAUSE,,,,,,,,,,,,,,,,,,,,,,,,,,,,,,,,,,,,,,,192.95803689956665,False
1737650484.0550225,2025-01-23 17:41:24,OTHER,PAUSE,,,,,,,,,,,,,,,,,,,,,,,,,,,,,,,,,,,,,,,193.04104137420654,False
1737650484.134027,2025-01-23 17:41:24,OTHER,PAUSE,,,,,,,,,,,,,,,,,,,,,,,,,,,,,,,,,,,,,,,193.12004590034485,False
1737650484.2230322,2025-01-23 17:41:24,OTHER,PAUSE,,,,,,,,,,,,,,,,,,,,,,,,,,,,,,,,,,,,,,,193.20905113220215,False
1737650484.3140376,2025-01-23 17:41:24,OTHER,PAUSE,,,,,,,,,,,,,,,,,,,,,,,,,,,,,,,,,,,,,,,193.30005645751953,False
1737650484.411043,2025-01-23 17:41:24,OTHER,PAUSE,,,,,,,,,,,,,,,,,,,,,,,,,,,,,,,,,,,,,,,193.39706182479858,False
1737650484.513049,2025-01-23 17:41:24,OTHER,PAUSE,,,,,,,,,,,,,,,,,,,,,,,,,,,,,,,,,,,,,,,193.4990677833557,False
1737650484.5990539,2025-01-23 17:41:24,OTHER,PAUSE,,,,,,,,,,,,,,,,,,,,,,,,,,,,,,,,,,,,,,,193.5850727558136,False
1737650484.6800585,2025-01-23 17:41:24,OTHER,PAUSE,,,,,,,,,,,,,,,,,,,,,,,,,,,,,,,,,,,,,,,193.666077375412,False
1737650484.7660632,2025-01-23 17:41:24,OTHER,PAUSE,,,,,,,,,,,,,,,,,,,,,,,,,,,,,,,,,,,,,,,193.7520821094513,False
1737650484.8740695,2025-01-23 17:41:24,OTHER,PAUSE,,,,,,,,,,,,,,,,,,,,,,,,,,,,,,,,,,,,,,,193.86008834838867,False
1737650484.9610744,2025-01-23 17:41:24,OTHER,PAUSE,,,,,,,,,,,,,,,,,,,,,,,,,,,,,,,,,,,,,,,193.9470932483673,False
1737650485.0450792,2025-01-23 17:41:25,OTHER,PAUSE,,,,,,,,,,,,,,,,,,,,,,,,,,,,,,,,,,,,,,,194.0310981273651,False
1737650485.1320841,2025-01-23 17:41:25,OTHER,PAUSE,,,,,,,,,,,,,,,,,,,,,,,,,,,,,,,,,,,,,,,194.11810302734375,False
1737650485.2210894,2025-01-23 17:41:25,OTHER,PAUSE,,,,,,,,,,,,,,,,,,,,,,,,,,,,,,,,,,,,,,,194.20710825920105,False
1737650485.2990937,2025-01-23 17:41:25,OTHER,PAUSE,,,,,,,,,,,,,,,,,,,,,,,,,,,,,,,,,,,,,,,194.28511261940002,False
1737650485.4091,2025-01-23 17:41:25,OTHER,PAUSE,,,,,,,,,,,,,,,,,,,,,,,,,,,,,,,,,,,,,,,194.39511895179749,False
1737650485.498105,2025-01-23 17:41:25,OTHER,PAUSE,,,,,,,,,,,,,,,,,,,,,,,,,,,,,,,,,,,,,,,194.4841239452362,False
1737650485.5881104,2025-01-23 17:41:25,OTHER,PAUSE,,,,,,,,,,,,,,,,,,,,,,,,,,,,,,,,,,,,,,,194.57412934303284,False
1737650485.6821156,2025-01-23 17:41:25,OTHER,PAUSE,,,,,,,,,,,,,,,,,,,,,,,,,,,,,,,,,,,,,,,194.66813445091248,False
1737650485.7711205,2025-01-23 17:41:25,OTHER,PAUSE,,,,,,,,,,,,,,,,,,,,,,,,,,,,,,,,,,,,,,,194.7571394443512,False
1737650485.861126,2025-01-23 17:41:25,OTHER,PAUSE,,,,,,,,,,,,,,,,,,,,,,,,,,,,,,,,,,,,,,,194.84714484214783,False
1737650485.9711323,2025-01-23 17:41:25,OTHER,PAUSE,,,,,,,,,,,,,,,,,,,,,,,,,,,,,,,,,,,,,,,194.9571511745453,False
1737650486.0681376,2025-01-23 17:41:26,OTHER,PAUSE,,,,,,,,,,,,,,,,,,,,,,,,,,,,,,,,,,,,,,,195.05415654182434,False
1737650486.158143,2025-01-23 17:41:26,OTHER,PAUSE,,,,,,,,,,,,,,,,,,,,,,,,,,,,,,,,,,,,,,,195.14416193962097,False
1737650486.2651489,2025-01-23 17:41:26,OTHER,PAUSE,,,,,,,,,,,,,,,,,,,,,,,,,,,,,,,,,,,,,,,195.25116777420044,False
1737650486.3451536,2025-01-23 17:41:26,OTHER,PAUSE,,,,,,,,,,,,,,,,,,,,,,,,,,,,,,,,,,,,,,,195.33117246627808,False
1737650486.4261582,2025-01-23 17:41:26,OTHER,PAUSE,,,,,,,,,,,,,,,,,,,,,,,,,,,,,,,,,,,,,,,195.41217708587646,False
1737650486.5321643,2025-01-23 17:41:26,OTHER,PAUSE,,,,,,,,,,,,,,,,,,,,,,,,,,,,,,,,,,,,,,,195.51818323135376,False
1737650486.63217,2025-01-23 17:41:26,OTHER,PAUSE,,,,,,,,,,,,,,,,,,,,,,,,,,,,,,,,,,,,,,,195.61818885803223,False
1737650486.722175,2025-01-23 17:41:26,OTHER,PAUSE,,,,,,,,,,,,,,,,,,,,,,,,,,,,,,,,,,,,,,,195.7081937789917,False
1737650486.8101802,2025-01-23 17:41:26,OTHER,PAUSE,,,,,,,,,,,,,,,,,,,,,,,,,,,,,,,,,,,,,,,195.79619908332825,False
1737650486.8961852,2025-01-23 17:41:26,OTHER,PAUSE,,,,,,,,,,,,,,,,,,,,,,,,,,,,,,,,,,,,,,,195.88220405578613,False
1737650486.9751894,2025-01-23 17:41:26,OTHER,PAUSE,,,,,,,,,,,,,,,,,,,,,,,,,,,,,,,,,,,,,,,195.96120834350586,False
1737650487.083196,2025-01-23 17:41:27,OTHER,PAUSE,,,,,,,,,,,,,,,,,,,,,,,,,,,,,,,,,,,,,,,196.06921482086182,False
1737650487.1792014,2025-01-23 17:41:27,OTHER,PAUSE,,,,,,,,,,,,,,,,,,,,,,,,,,,,,,,,,,,,,,,196.16522026062012,False
1737650487.2622058,2025-01-23 17:41:27,OTHER,PAUSE,,,,,,,,,,,,,,,,,,,,,,,,,,,,,,,,,,,,,,,196.24822473526,False
1737650487.3452108,2025-01-23 17:41:27,OTHER,PAUSE,,,,,,,,,,,,,,,,,,,,,,,,,,,,,,,,,,,,,,,196.33122968673706,False
1737650487.4252152,2025-01-23 17:41:27,OTHER,PAUSE,,,,,,,,,,,,,,,,,,,,,,,,,,,,,,,,,,,,,,,196.41123414039612,False
1737650487.5162203,2025-01-23 17:41:27,OTHER,PAUSE,,,,,,,,,,,,,,,,,,,,,,,,,,,,,,,,,,,,,,,196.50223922729492,False
1737650487.596225,2025-01-23 17:41:27,OTHER,PAUSE,,,,,,,,,,,,,,,,,,,,,,,,,,,,,,,,,,,,,,,196.58224391937256,False
1737650487.701231,2025-01-23 17:41:27,OTHER,PAUSE,,,,,,,,,,,,,,,,,,,,,,,,,,,,,,,,,,,,,,,196.68724989891052,False
1737650487.7952366,2025-01-23 17:41:27,OTHER,PAUSE,,,,,,,,,,,,,,,,,,,,,,,,,,,,,,,,,,,,,,,196.78125548362732,False
1737650487.8812413,2025-01-23 17:41:27,OTHER,PAUSE,,,,,,,,,,,,,,,,,,,,,,,,,,,,,,,,,,,,,,,196.86726021766663,False
1737650487.958246,2025-01-23 17:41:27,OTHER,PAUSE,,,,,,,,,,,,,,,,,,,,,,,,,,,,,,,,,,,,,,,196.94426488876343,False
1737650488.0362504,2025-01-23 17:41:28,OTHER,PAUSE,,,,,,,,,,,,,,,,,,,,,,,,,,,,,,,,,,,,,,,197.0222692489624,False
1737650488.1232553,2025-01-23 17:41:28,OTHER,PAUSE,,,,,,,,,,,,,,,,,,,,,,,,,,,,,,,,,,,,,,,197.10927414894104,False
1737650488.2362616,2025-01-23 17:41:28,OTHER,PAUSE,,,,,,,,,,,,,,,,,,,,,,,,,,,,,,,,,,,,,,,197.22228050231934,False
1737650488.327267,2025-01-23 17:41:28,OTHER,PAUSE,,,,,,,,,,,,,,,,,,,,,,,,,,,,,,,,,,,,,,,197.31328582763672,False
1737650488.4262726,2025-01-23 17:41:28,OTHER,PAUSE,,,,,,,,,,,,,,,,,,,,,,,,,,,,,,,,,,,,,,,197.41229152679443,False
1737650488.5242782,2025-01-23 17:41:28,OTHER,PAUSE,,,,,,,,,,,,,,,,,,,,,,,,,,,,,,,,,,,,,,,197.51029706001282,False
1737650488.6072829,2025-01-23 17:41:28,OTHER,PAUSE,,,,,,,,,,,,,,,,,,,,,,,,,,,,,,,,,,,,,,,197.5933017730713,False
1737650488.6922877,2025-01-23 17:41:28,OTHER,PAUSE,,,,,,,,,,,,,,,,,,,,,,,,,,,,,,,,,,,,,,,197.67830657958984,False
1737650488.799294,2025-01-23 17:41:28,OTHER,PAUSE,,,,,,,,,,,,,,,,,,,,,,,,,,,,,,,,,,,,,,,197.78531289100647,False
1737650488.8982997,2025-01-23 17:41:28,OTHER,PAUSE,,,,,,,,,,,,,,,,,,,,,,,,,,,,,,,,,,,,,,,197.88431859016418,False
1737650488.9803045,2025-01-23 17:41:28,OTHER,PAUSE,,,,,,,,,,,,,,,,,,,,,,,,,,,,,,,,,,,,,,,197.9663233757019,False
1737650489.0753098,2025-01-23 17:41:29,OTHER,PAUSE,,,,,,,,,,,,,,,,,,,,,,,,,,,,,,,,,,,,,,,198.06132864952087,False
1737650489.169315,2025-01-23 17:41:29,OTHER,PAUSE,,,,,,,,,,,,,,,,,,,,,,,,,,,,,,,,,,,,,,,198.1553339958191,False
1737650489.2543201,2025-01-23 17:41:29,OTHER,PAUSE,,,,,,,,,,,,,,,,,,,,,,,,,,,,,,,,,,,,,,,198.24033904075623,False
1737650489.358326,2025-01-23 17:41:29,OTHER,PAUSE,,,,,,,,,,,,,,,,,,,,,,,,,,,,,,,,,,,,,,,198.34434485435486,False
1737650489.4463308,2025-01-23 17:41:29,OTHER,PAUSE,,,,,,,,,,,,,,,,,,,,,,,,,,,,,,,,,,,,,,,198.43234968185425,False
1737650489.5383363,2025-01-23 17:41:29,OTHER,PAUSE,,,,,,,,,,,,,,,,,,,,,,,,,,,,,,,,,,,,,,,198.52435517311096,False
1737650489.6303413,2025-01-23 17:41:29,OTHER,PAUSE,,,,,,,,,,,,,,,,,,,,,,,,,,,,,,,,,,,,,,,198.61636018753052,False
1737650489.7143462,2025-01-23 17:41:29,OTHER,PAUSE,,,,,,,,,,,,,,,,,,,,,,,,,,,,,,,,,,,,,,,198.70036506652832,False
1737650489.797351,2025-01-23 17:41:29,OTHER,PAUSE,,,,,,,,,,,,,,,,,,,,,,,,,,,,,,,,,,,,,,,198.7833697795868,False
1737650489.8903563,2025-01-23 17:41:29,OTHER,PAUSE,,,,,,,,,,,,,,,,,,,,,,,,,,,,,,,,,,,,,,,198.87637519836426,False
1737650489.988362,2025-01-23 17:41:29,OTHER,PAUSE,,,,,,,,,,,,,,,,,,,,,,,,,,,,,,,,,,,,,,,198.97438097000122,False
1737650490.0863676,2025-01-23 17:41:30,OTHER,PAUSE,,,,,,,,,,,,,,,,,,,,,,,,,,,,,,,,,,,,,,,199.0723865032196,False
1737650490.1723726,2025-01-23 17:41:30,OTHER,PAUSE,,,,,,,,,,,,,,,,,,,,,,,,,,,,,,,,,,,,,,,199.1583914756775,False
1737650490.2703779,2025-01-23 17:41:30,OTHER,PAUSE,,,,,,,,,,,,,,,,,,,,,,,,,,,,,,,,,,,,,,,199.2563967704773,False
1737650490.3583832,2025-01-23 17:41:30,OTHER,PAUSE,,,,,,,,,,,,,,,,,,,,,,,,,,,,,,,,,,,,,,,199.34440207481384,False
1737650490.4553888,2025-01-23 17:41:30,OTHER,PAUSE,,,,,,,,,,,,,,,,,,,,,,,,,,,,,,,,,,,,,,,199.44140768051147,False
1737650490.550394,2025-01-23 17:41:30,OTHER,PAUSE,,,,,,,,,,,,,,,,,,,,,,,,,,,,,,,,,,,,,,,199.53641295433044,False
1737650490.6523998,2025-01-23 17:41:30,OTHER,PAUSE,,,,,,,,,,,,,,,,,,,,,,,,,,,,,,,,,,,,,,,199.638418674469,False
1737650490.741405,2025-01-23 17:41:30,OTHER,PAUSE,,,,,,,,,,,,,,,,,,,,,,,,,,,,,,,,,,,,,,,199.7274239063263,False
1737650490.8334103,2025-01-23 17:41:30,OTHER,PAUSE,,,,,,,,,,,,,,,,,,,,,,,,,,,,,,,,,,,,,,,199.81942915916443,False
1737650490.9254155,2025-01-23 17:41:30,OTHER,PAUSE,,,,,,,,,,,,,,,,,,,,,,,,,,,,,,,,,,,,,,,199.91143441200256,False
1737650491.0244212,2025-01-23 17:41:31,OTHER,PAUSE,,,,,,,,,,,,,,,,,,,,,,,,,,,,,,,,,,,,,,,200.01044011116028,False
1737650491.1144264,2025-01-23 17:41:31,OTHER,PAUSE,,,,,,,,,,,,,,,,,,,,,,,,,,,,,,,,,,,,,,,200.10044527053833,False
1737650491.213432,2025-01-23 17:41:31,OTHER,PAUSE,,,,,,,,,,,,,,,,,,,,,,,,,,,,,,,,,,,,,,,200.19945096969604,False
1737650491.319438,2025-01-23 17:41:31,OTHER,PAUSE,,,,,,,,,,,,,,,,,,,,,,,,,,,,,,,,,,,,,,,200.30545687675476,False
1737650491.3994427,2025-01-23 17:41:31,OTHER,PAUSE,,,,,,,,,,,,,,,,,,,,,,,,,,,,,,,,,,,,,,,200.3854615688324,False
1737650491.4904478,2025-01-23 17:41:31,OTHER,PAUSE,,,,,,,,,,,,,,,,,,,,,,,,,,,,,,,,,,,,,,,200.4764666557312,False
1737650491.5884533,2025-01-23 17:41:31,OTHER,PAUSE,,,,,,,,,,,,,,,,,,,,,,,,,,,,,,,,,,,,,,,200.57447218894958,False
1737650491.6994598,2025-01-23 17:41:31,OTHER,PAUSE,,,,,,,,,,,,,,,,,,,,,,,,,,,,,,,,,,,,,,,200.68547868728638,False
1737650491.7874646,2025-01-23 17:41:31,OTHER,PAUSE,,,,,,,,,,,,,,,,,,,,,,,,,,,,,,,,,,,,,,,200.77348351478577,False
1737650491.8724697,2025-01-23 17:41:31,OTHER,PAUSE,,,,,,,,,,,,,,,,,,,,,,,,,,,,,,,,,,,,,,,200.8584885597229,False
1737650491.9594748,2025-01-23 17:41:31,OTHER,PAUSE,,,,,,,,,,,,,,,,,,,,,,,,,,,,,,,,,,,,,,,200.94549369812012,False
1737650492.0514798,2025-01-23 17:41:32,OTHER,PAUSE,,,,,,,,,,,,,,,,,,,,,,,,,,,,,,,,,,,,,,,201.03749871253967,False
1737650492.1584861,2025-01-23 17:41:32,OTHER,PAUSE,,,,,,,,,,,,,,,,,,,,,,,,,,,,,,,,,,,,,,,201.1445050239563,False
1737650492.2494912,2025-01-23 17:41:32,OTHER,PAUSE,,,,,,,,,,,,,,,,,,,,,,,,,,,,,,,,,,,,,,,201.2355101108551,False
1737650492.348497,2025-01-23 17:41:32,OTHER,PAUSE,,,,,,,,,,,,,,,,,,,,,,,,,,,,,,,,,,,,,,,201.33451581001282,False
1737650492.4325018,2025-01-23 17:41:32,OTHER,PAUSE,,,,,,,,,,,,,,,,,,,,,,,,,,,,,,,,,,,,,,,201.41852068901062,False
1737650492.5195067,2025-01-23 17:41:32,OTHER,PAUSE,,,,,,,,,,,,,,,,,,,,,,,,,,,,,,,,,,,,,,,201.50552558898926,False
1737650492.6075118,2025-01-23 17:41:32,OTHER,PAUSE,,,,,,,,,,,,,,,,,,,,,,,,,,,,,,,,,,,,,,,201.59353065490723,False
1737650492.7285187,2025-01-23 17:41:32,OTHER,PAUSE,,,,,,,,,,,,,,,,,,,,,,,,,,,,,,,,,,,,,,,201.71453762054443,False
1737650492.8295245,2025-01-23 17:41:32,OTHER,PAUSE,,,,,,,,,,,,,,,,,,,,,,,,,,,,,,,,,,,,,,,201.81554341316223,False
1737650492.9165294,2025-01-23 17:41:32,OTHER,PAUSE,,,,,,,,,,,,,,,,,,,,,,,,,,,,,,,,,,,,,,,201.90254831314087,False
1737650493.0035343,2025-01-23 17:41:33,OTHER,PAUSE,,,,,,,,,,,,,,,,,,,,,,,,,,,,,,,,,,,,,,,201.9895532131195,False
1737650493.085539,2025-01-23 17:41:33,OTHER,PAUSE,,,,,,,,,,,,,,,,,,,,,,,,,,,,,,,,,,,,,,,202.07155799865723,False
1737650493.1655438,2025-01-23 17:41:33,OTHER,PAUSE,,,,,,,,,,,,,,,,,,,,,,,,,,,,,,,,,,,,,,,202.15156269073486,False
1737650493.263549,2025-01-23 17:41:33,OTHER,PAUSE,,,,,,,,,,,,,,,,,,,,,,,,,,,,,,,,,,,,,,,202.24956798553467,False
1737650493.3565545,2025-01-23 17:41:33,OTHER,PAUSE,,,,,,,,,,,,,,,,,,,,,,,,,,,,,,,,,,,,,,,202.34257340431213,False
1737650493.44956,2025-01-23 17:41:33,OTHER,PAUSE,,,,,,,,,,,,,,,,,,,,,,,,,,,,,,,,,,,,,,,202.4355788230896,False
1737650493.542565,2025-01-23 17:41:33,OTHER,PAUSE,,,,,,,,,,,,,,,,,,,,,,,,,,,,,,,,,,,,,,,202.5285840034485,False
1737650493.62857,2025-01-23 17:41:33,OTHER,PAUSE,,,,,,,,,,,,,,,,,,,,,,,,,,,,,,,,,,,,,,,202.61458897590637,False
1737650493.7255757,2025-01-23 17:41:33,OTHER,PAUSE,,,,,,,,,,,,,,,,,,,,,,,,,,,,,,,,,,,,,,,202.711594581604,False
1737650493.8295815,2025-01-23 17:41:33,OTHER,PAUSE,,,,,,,,,,,,,,,,,,,,,,,,,,,,,,,,,,,,,,,202.81560039520264,False
1737650493.9305873,2025-01-23 17:41:33,OTHER,PAUSE,,,,,,,,,,,,,,,,,,,,,,,,,,,,,,,,,,,,,,,202.91660618782043,False
1737650494.030593,2025-01-23 17:41:34,OTHER,PAUSE,,,,,,,,,,,,,,,,,,,,,,,,,,,,,,,,,,,,,,,203.0166118144989,False
1737650494.115598,2025-01-23 17:41:34,OTHER,PAUSE,,,,,,,,,,,,,,,,,,,,,,,,,,,,,,,,,,,,,,,203.10161685943604,False
1737650494.2046032,2025-01-23 17:41:34,OTHER,PAUSE,,,,,,,,,,,,,,,,,,,,,,,,,,,,,,,,,,,,,,,203.19062209129333,False
1737650494.291608,2025-01-23 17:41:34,OTHER,PAUSE,,,,,,,,,,,,,,,,,,,,,,,,,,,,,,,,,,,,,,,203.27762699127197,False
1737650494.4056146,2025-01-23 17:41:34,OTHER,PAUSE,,,,,,,,,,,,,,,,,,,,,,,,,,,,,,,,,,,,,,,203.3916335105896,False
1737650494.5036201,2025-01-23 17:41:34,OTHER,PAUSE,,,,,,,,,,,,,,,,,,,,,,,,,,,,,,,,,,,,,,,203.48963904380798,False
1737650494.5976255,2025-01-23 17:41:34,OTHER,PAUSE,,,,,,,,,,,,,,,,,,,,,,,,,,,,,,,,,,,,,,,203.5836443901062,False
1737650494.6846306,2025-01-23 17:41:34,OTHER,PAUSE,,,,,,,,,,,,,,,,,,,,,,,,,,,,,,,,,,,,,,,203.67064952850342,False
1737650494.7756357,2025-01-23 17:41:34,OTHER,PAUSE,,,,,,,,,,,,,,,,,,,,,,,,,,,,,,,,,,,,,,,203.76165461540222,False
1737650494.8656409,2025-01-23 17:41:34,OTHER,PAUSE,,,,,,,,,,,,,,,,,,,,,,,,,,,,,,,,,,,,,,,203.85165977478027,False
1737650494.9786472,2025-01-23 17:41:34,OTHER,PAUSE,,,,,,,,,,,,,,,,,,,,,,,,,,,,,,,,,,,,,,,203.96466612815857,False
1737650495.0896537,2025-01-23 17:41:35,OTHER,PAUSE,,,,,,,,,,,,,,,,,,,,,,,,,,,,,,,,,,,,,,,204.07567262649536,False
1737650495.2106607,2025-01-23 17:41:35,OTHER,PAUSE,,,,,,,,,,,,,,,,,,,,,,,,,,,,,,,,,,,,,,,204.19667959213257,False
1737650495.3286674,2025-01-23 17:41:35,OTHER,PAUSE,,,,,,,,,,,,,,,,,,,,,,,,,,,,,,,,,,,,,,,204.31468629837036,False
1737650495.443674,2025-01-23 17:41:35,OTHER,PAUSE,,,,,,,,,,,,,,,,,,,,,,,,,,,,,,,,,,,,,,,204.42969298362732,False
1737650495.5726812,2025-01-23 17:41:35,OTHER,PAUSE,,,,,,,,,,,,,,,,,,,,,,,,,,,,,,,,,,,,,,,204.55870008468628,False
1737650495.6956885,2025-01-23 17:41:35,OTHER,PAUSE,,,,,,,,,,,,,,,,,,,,,,,,,,,,,,,,,,,,,,,204.68170738220215,False
1737650495.8146951,2025-01-23 17:41:35,OTHER,PAUSE,,,,,,,,,,,,,,,,,,,,,,,,,,,,,,,,,,,,,,,204.8007140159607,False
1737650495.9207013,2025-01-23 17:41:35,OTHER,PAUSE,,,,,,,,,,,,,,,,,,,,,,,,,,,,,,,,,,,,,,,204.906720161438,False
1737650496.0287073,2025-01-23 17:41:36,OTHER,PAUSE,,,,,,,,,,,,,,,,,,,,,,,,,,,,,,,,,,,,,,,205.0147261619568,False
1737650496.1337135,2025-01-23 17:41:36,OTHER,PAUSE,,,,,,,,,,,,,,,,,,,,,,,,,,,,,,,,,,,,,,,205.11973237991333,False
1737650496.212718,2025-01-23 17:41:36,OTHER,PAUSE,,,,,,,,,,,,,,,,,,,,,,,,,,,,,,,,,,,,,,,205.19873690605164,False
1737650496.2987227,2025-01-23 17:41:36,OTHER,PAUSE,,,,,,,,,,,,,,,,,,,,,,,,,,,,,,,,,,,,,,,205.28474164009094,False
1737650496.3917282,2025-01-23 17:41:36,OTHER,PAUSE,,,,,,,,,,,,,,,,,,,,,,,,,,,,,,,,,,,,,,,205.3777470588684,False
1737650496.475733,2025-01-23 17:41:36,OTHER,PAUSE,,,,,,,,,,,,,,,,,,,,,,,,,,,,,,,,,,,,,,,205.4617519378662,False
1737650496.581739,2025-01-23 17:41:36,OTHER,PAUSE,,,,,,,,,,,,,,,,,,,,,,,,,,,,,,,,,,,,,,,205.56775784492493,False
1737650496.683745,2025-01-23 17:41:36,OTHER,PAUSE,,,,,,,,,,,,,,,,,,,,,,,,,,,,,,,,,,,,,,,205.66976380348206,False
1737650496.7777503,2025-01-23 17:41:36,OTHER,PAUSE,,,,,,,,,,,,,,,,,,,,,,,,,,,,,,,,,,,,,,,205.76376914978027,False
1737650496.8707557,2025-01-23 17:41:36,OTHER,PAUSE,,,,,,,,,,,,,,,,,,,,,,,,,,,,,,,,,,,,,,,205.85677456855774,False
1737650496.9547606,2025-01-23 17:41:36,OTHER,PAUSE,,,,,,,,,,,,,,,,,,,,,,,,,,,,,,,,,,,,,,,205.94077944755554,False
1737650497.0417655,2025-01-23 17:41:37,OTHER,PAUSE,,,,,,,,,,,,,,,,,,,,,,,,,,,,,,,,,,,,,,,206.02778434753418,False
1737650497.1287704,2025-01-23 17:41:37,OTHER,PAUSE,,,,,,,,,,,,,,,,,,,,,,,,,,,,,,,,,,,,,,,206.11478924751282,False
1737650497.225776,2025-01-23 17:41:37,OTHER,PAUSE,,,,,,,,,,,,,,,,,,,,,,,,,,,,,,,,,,,,,,,206.21179485321045,False
1737650497.3187811,2025-01-23 17:41:37,OTHER,PAUSE,,,,,,,,,,,,,,,,,,,,,,,,,,,,,,,,,,,,,,,206.30480003356934,False
1737650497.4107866,2025-01-23 17:41:37,OTHER,PAUSE,,,,,,,,,,,,,,,,,,,,,,,,,,,,,,,,,,,,,,,206.39680552482605,False
1737650497.5007915,2025-01-23 17:41:37,OTHER,PAUSE,,,,,,,,,,,,,,,,,,,,,,,,,,,,,,,,,,,,,,,206.48681044578552,False
1737650497.5967972,2025-01-23 17:41:37,OTHER,PAUSE,,,,,,,,,,,,,,,,,,,,,,,,,,,,,,,,,,,,,,,206.5828161239624,False
1737650497.6888022,2025-01-23 17:41:37,OTHER,PAUSE,,,,,,,,,,,,,,,,,,,,,,,,,,,,,,,,,,,,,,,206.67482113838196,False
1737650497.8018088,2025-01-23 17:41:37,OTHER,PAUSE,,,,,,,,,,,,,,,,,,,,,,,,,,,,,,,,,,,,,,,206.78782773017883,False
1737650497.9118152,2025-01-23 17:41:37,OTHER,PAUSE,,,,,,,,,,,,,,,,,,,,,,,,,,,,,,,,,,,,,,,206.8978340625763,False
1737650497.9998202,2025-01-23 17:41:37,OTHER,PAUSE,,,,,,,,,,,,,,,,,,,,,,,,,,,,,,,,,,,,,,,206.98583912849426,False
1737650498.0928257,2025-01-23 17:41:38,OTHER,PAUSE,,,,,,,,,,,,,,,,,,,,,,,,,,,,,,,,,,,,,,,207.07884454727173,False
1737650498.1798306,2025-01-23 17:41:38,OTHER,PAUSE,,,,,,,,,,,,,,,,,,,,,,,,,,,,,,,,,,,,,,,207.16584944725037,False
1737650498.2628353,2025-01-23 17:41:38,OTHER,PAUSE,,,,,,,,,,,,,,,,,,,,,,,,,,,,,,,,,,,,,,,207.24885416030884,False
1737650498.34484,2025-01-23 17:41:38,OTHER,PAUSE,,,,,,,,,,,,,,,,,,,,,,,,,,,,,,,,,,,,,,,207.33085894584656,False
1737650498.453846,2025-01-23 17:41:38,OTHER,PAUSE,,,,,,,,,,,,,,,,,,,,,,,,,,,,,,,,,,,,,,,207.4398648738861,False
1737650498.5438514,2025-01-23 17:41:38,OTHER,PAUSE,,,,,,,,,,,,,,,,,,,,,,,,,,,,,,,,,,,,,,,207.52987027168274,False
1737650498.6378567,2025-01-23 17:41:38,OTHER,PAUSE,,,,,,,,,,,,,,,,,,,,,,,,,,,,,,,,,,,,,,,207.62387561798096,False
1737650498.728862,2025-01-23 17:41:38,OTHER,PAUSE,,,,,,,,,,,,,,,,,,,,,,,,,,,,,,,,,,,,,,,207.71488094329834,False
1737650498.831868,2025-01-23 17:41:38,OTHER,PAUSE,,,,,,,,,,,,,,,,,,,,,,,,,,,,,,,,,,,,,,,207.81788682937622,False
1737650498.9458742,2025-01-23 17:41:38,OTHER,PAUSE,,,,,,,,,,,,,,,,,,,,,,,,,,,,,,,,,,,,,,,207.93189311027527,False
1737650499.0368795,2025-01-23 17:41:39,OTHER,PAUSE,,,,,,,,,,,,,,,,,,,,,,,,,,,,,,,,,,,,,,,208.02289843559265,False
1737650499.1278849,2025-01-23 17:41:39,OTHER,PAUSE,,,,,,,,,,,,,,,,,,,,,,,,,,,,,,,,,,,,,,,208.11390376091003,False
1737650499.2268906,2025-01-23 17:41:39,OTHER,PAUSE,,,,,,,,,,,,,,,,,,,,,,,,,,,,,,,,,,,,,,,208.21290946006775,False
1737650499.3188956,2025-01-23 17:41:39,OTHER,PAUSE,,,,,,,,,,,,,,,,,,,,,,,,,,,,,,,,,,,,,,,208.3049144744873,False
1737650499.411901,2025-01-23 17:41:39,OTHER,PAUSE,,,,,,,,,,,,,,,,,,,,,,,,,,,,,,,,,,,,,,,208.39791989326477,False
1737650499.516907,2025-01-23 17:41:39,OTHER,PAUSE,,,,,,,,,,,,,,,,,,,,,,,,,,,,,,,,,,,,,,,208.50292587280273,False
1737650499.6169126,2025-01-23 17:41:39,OTHER,PAUSE,,,,,,,,,,,,,,,,,,,,,,,,,,,,,,,,,,,,,,,208.6029314994812,False
1737650499.7149184,2025-01-23 17:41:39,OTHER,PAUSE,,,,,,,,,,,,,,,,,,,,,,,,,,,,,,,,,,,,,,,208.70093727111816,False
1737650499.8069236,2025-01-23 17:41:39,OTHER,PAUSE,,,,,,,,,,,,,,,,,,,,,,,,,,,,,,,,,,,,,,,208.7929425239563,False
1737650499.8989289,2025-01-23 17:41:39,OTHER,PAUSE,,,,,,,,,,,,,,,,,,,,,,,,,,,,,,,,,,,,,,,208.88494777679443,False
1737650499.9909341,2025-01-23 17:41:39,OTHER,PAUSE,,,,,,,,,,,,,,,,,,,,,,,,,,,,,,,,,,,,,,,208.97695302963257,False
1737650500.0929399,2025-01-23 17:41:40,OTHER,PAUSE,,,,,,,,,,,,,,,,,,,,,,,,,,,,,,,,,,,,,,,209.07895874977112,False
1737650500.1879451,2025-01-23 17:41:40,OTHER,PAUSE,,,,,,,,,,,,,,,,,,,,,,,,,,,,,,,,,,,,,,,209.1739640235901,False
1737650500.2829509,2025-01-23 17:41:40,OTHER,PAUSE,,,,,,,,,,,,,,,,,,,,,,,,,,,,,,,,,,,,,,,209.26896977424622,False
1737650500.3689556,2025-01-23 17:41:40,OTHER,PAUSE,,,,,,,,,,,,,,,,,,,,,,,,,,,,,,,,,,,,,,,209.35497450828552,False
1737650500.4579606,2025-01-23 17:41:40,OTHER,PAUSE,,,,,,,,,,,,,,,,,,,,,,,,,,,,,,,,,,,,,,,209.44397950172424,False
1737650500.549966,2025-01-23 17:41:40,OTHER,PAUSE,,,,,,,,,,,,,,,,,,,,,,,,,,,,,,,,,,,,,,,209.53598499298096,False
1737650500.655972,2025-01-23 17:41:40,OTHER,PAUSE,,,,,,,,,,,,,,,,,,,,,,,,,,,,,,,,,,,,,,,209.64199090003967,False
1737650500.7479775,2025-01-23 17:41:40,OTHER,PAUSE,,,,,,,,,,,,,,,,,,,,,,,,,,,,,,,,,,,,,,,209.7339963912964,False
1737650500.8309822,2025-01-23 17:41:40,OTHER,PAUSE,,,,,,,,,,,,,,,,,,,,,,,,,,,,,,,,,,,,,,,209.81700110435486,False
1737650500.9249873,2025-01-23 17:41:40,OTHER,PAUSE,,,,,,,,,,,,,,,,,,,,,,,,,,,,,,,,,,,,,,,209.9110062122345,False
1737650501.0199928,2025-01-23 17:41:41,OTHER,PAUSE,,,,,,,,,,,,,,,,,,,,,,,,,,,,,,,,,,,,,,,210.00601172447205,False
1737650501.1179986,2025-01-23 17:41:41,OTHER,PAUSE,,,,,,,,,,,,,,,,,,,,,,,,,,,,,,,,,,,,,,,210.104017496109,False
1737650501.2350051,2025-01-23 17:41:41,OTHER,PAUSE,,,,,,,,,,,,,,,,,,,,,,,,,,,,,,,,,,,,,,,210.22102403640747,False
1737650501.3320107,2025-01-23 17:41:41,OTHER,PAUSE,,,,,,,,,,,,,,,,,,,,,,,,,,,,,,,,,,,,,,,210.3180296421051,False
1737650501.4320164,2025-01-23 17:41:41,OTHER,PAUSE,,,,,,,,,,,,,,,,,,,,,,,,,,,,,,,,,,,,,,,210.41803526878357,False
1737650501.526022,2025-01-23 17:41:41,OTHER,PAUSE,,,,,,,,,,,,,,,,,,,,,,,,,,,,,,,,,,,,,,,210.51204085350037,False
1737650501.6110268,2025-01-23 17:41:41,OTHER,PAUSE,,,,,,,,,,,,,,,,,,,,,,,,,,,,,,,,,,,,,,,210.59704566001892,False
1737650501.7110324,2025-01-23 17:41:41,OTHER,PAUSE,,,,,,,,,,,,,,,,,,,,,,,,,,,,,,,,,,,,,,,210.6970512866974,False
1737650501.8180385,2025-01-23 17:41:41,OTHER,PAUSE,,,,,,,,,,,,,,,,,,,,,,,,,,,,,,,,,,,,,,,210.80405735969543,False
1737650501.910044,2025-01-23 17:41:41,OTHER,PAUSE,,,,,,,,,,,,,,,,,,,,,,,,,,,,,,,,,,,,,,,210.89606285095215,False
1737650502.0090497,2025-01-23 17:41:42,OTHER,PAUSE,,,,,,,,,,,,,,,,,,,,,,,,,,,,,,,,,,,,,,,210.99506855010986,False
1737650502.1130555,2025-01-23 17:41:42,OTHER,PAUSE,,,,,,,,,,,,,,,,,,,,,,,,,,,,,,,,,,,,,,,211.0990743637085,False
1737650502.1990604,2025-01-23 17:41:42,OTHER,PAUSE,,,,,,,,,,,,,,,,,,,,,,,,,,,,,,,,,,,,,,,211.18507933616638,False
1737650502.299066,2025-01-23 17:41:42,OTHER,PAUSE,,,,,,,,,,,,,,,,,,,,,,,,,,,,,,,,,,,,,,,211.28508496284485,False
1737650502.3950715,2025-01-23 17:41:42,OTHER,PAUSE,,,,,,,,,,,,,,,,,,,,,,,,,,,,,,,,,,,,,,,211.38109040260315,False
1737650502.4980774,2025-01-23 17:41:42,OTHER,PAUSE,,,,,,,,,,,,,,,,,,,,,,,,,,,,,,,,,,,,,,,211.48409628868103,False
1737650502.5850823,2025-01-23 17:41:42,OTHER,PAUSE,,,,,,,,,,,,,,,,,,,,,,,,,,,,,,,,,,,,,,,211.57110118865967,False
1737650502.6700873,2025-01-23 17:41:42,OTHER,PAUSE,,,,,,,,,,,,,,,,,,,,,,,,,,,,,,,,,,,,,,,211.6561062335968,False
1737650502.7650926,2025-01-23 17:41:42,OTHER,PAUSE,,,,,,,,,,,,,,,,,,,,,,,,,,,,,,,,,,,,,,,211.75111150741577,False
1737650502.8700986,2025-01-23 17:41:42,OTHER,PAUSE,,,,,,,,,,,,,,,,,,,,,,,,,,,,,,,,,,,,,,,211.85611748695374,False
1737650502.965104,2025-01-23 17:41:42,OTHER,PAUSE,,,,,,,,,,,,,,,,,,,,,,,,,,,,,,,,,,,,,,,211.95112299919128,False
1737650503.0601096,2025-01-23 17:41:43,OTHER,PAUSE,,,,,,,,,,,,,,,,,,,,,,,,,,,,,,,,,,,,,,,212.04612851142883,False
1737650503.154115,2025-01-23 17:41:43,OTHER,PAUSE,,,,,,,,,,,,,,,,,,,,,,,,,,,,,,,,,,,,,,,212.14013385772705,False
1737650503.24112,2025-01-23 17:41:43,OTHER,PAUSE,,,,,,,,,,,,,,,,,,,,,,,,,,,,,,,,,,,,,,,212.22713899612427,False
1737650503.331125,2025-01-23 17:41:43,OTHER,PAUSE,,,,,,,,,,,,,,,,,,,,,,,,,,,,,,,,,,,,,,,212.31714391708374,False
1737650503.453132,2025-01-23 17:41:43,OTHER,PAUSE,,,,,,,,,,,,,,,,,,,,,,,,,,,,,,,,,,,,,,,212.4391508102417,False
1737650503.5411372,2025-01-23 17:41:43,OTHER,PAUSE,,,,,,,,,,,,,,,,,,,,,,,,,,,,,,,,,,,,,,,212.52715611457825,False
1737650503.6341424,2025-01-23 17:41:43,OTHER,PAUSE,,,,,,,,,,,,,,,,,,,,,,,,,,,,,,,,,,,,,,,212.62016129493713,False
1737650503.7261477,2025-01-23 17:41:43,OTHER,PAUSE,,,,,,,,,,,,,,,,,,,,,,,,,,,,,,,,,,,,,,,212.71216654777527,False
1737650503.8121526,2025-01-23 17:41:43,OTHER,PAUSE,,,,,,,,,,,,,,,,,,,,,,,,,,,,,,,,,,,,,,,212.79817152023315,False
1737650503.8971574,2025-01-23 17:41:43,OTHER,PAUSE,,,,,,,,,,,,,,,,,,,,,,,,,,,,,,,,,,,,,,,212.8831763267517,False
1737650503.9981632,2025-01-23 17:41:43,OTHER,PAUSE,,,,,,,,,,,,,,,,,,,,,,,,,,,,,,,,,,,,,,,212.9841821193695,False
1737650504.099169,2025-01-23 17:41:44,OTHER,PAUSE,,,,,,,,,,,,,,,,,,,,,,,,,,,,,,,,,,,,,,,213.0851879119873,False
1737650504.190174,2025-01-23 17:41:44,OTHER,PAUSE,,,,,,,,,,,,,,,,,,,,,,,,,,,,,,,,,,,,,,,213.1761929988861,False
1737650504.2881796,2025-01-23 17:41:44,OTHER,PAUSE,,,,,,,,,,,,,,,,,,,,,,,,,,,,,,,,,,,,,,,213.2741985321045,False
1737650504.377185,2025-01-23 17:41:44,OTHER,PAUSE,,,,,,,,,,,,,,,,,,,,,,,,,,,,,,,,,,,,,,,213.36320400238037,False
1737650504.46719,2025-01-23 17:41:44,OTHER,PAUSE,,,,,,,,,,,,,,,,,,,,,,,,,,,,,,,,,,,,,,,213.45320892333984,False
1737650504.5871968,2025-01-23 17:41:44,OTHER,PAUSE,,,,,,,,,,,,,,,,,,,,,,,,,,,,,,,,,,,,,,,213.57321572303772,False
1737650504.674202,2025-01-23 17:41:44,OTHER,PAUSE,,,,,,,,,,,,,,,,,,,,,,,,,,,,,,,,,,,,,,,213.66022086143494,False
1737650504.763207,2025-01-23 17:41:44,OTHER,PAUSE,,,,,,,,,,,,,,,,,,,,,,,,,,,,,,,,,,,,,,,213.74922585487366,False
1737650504.865213,2025-01-23 17:41:44,OTHER,PAUSE,,,,,,,,,,,,,,,,,,,,,,,,,,,,,,,,,,,,,,,213.8512318134308,False
1737650504.9502177,2025-01-23 17:41:44,OTHER,PAUSE,,,,,,,,,,,,,,,,,,,,,,,,,,,,,,,,,,,,,,,213.93623661994934,False
1737650505.0392227,2025-01-23 17:41:45,OTHER,PAUSE,,,,,,,,,,,,,,,,,,,,,,,,,,,,,,,,,,,,,,,214.02524161338806,False
1737650505.1502292,2025-01-23 17:41:45,OTHER,PAUSE,,,,,,,,,,,,,,,,,,,,,,,,,,,,,,,,,,,,,,,214.13624811172485,False
1737650505.2592354,2025-01-23 17:41:45,OTHER,PAUSE,,,,,,,,,,,,,,,,,,,,,,,,,,,,,,,,,,,,,,,214.24525427818298,False
1737650505.358241,2025-01-23 17:41:45,OTHER,PAUSE,,,,,,,,,,,,,,,,,,,,,,,,,,,,,,,,,,,,,,,214.3442599773407,False
1737650505.4542463,2025-01-23 17:41:45,OTHER,PAUSE,,,,,,,,,,,,,,,,,,,,,,,,,,,,,,,,,,,,,,,214.44026517868042,False
1737650505.5392516,2025-01-23 17:41:45,OTHER,PAUSE,,,,,,,,,,,,,,,,,,,,,,,,,,,,,,,,,,,,,,,214.52527046203613,False
1737650505.6272564,2025-01-23 17:41:45,OTHER,PAUSE,,,,,,,,,,,,,,,,,,,,,,,,,,,,,,,,,,,,,,,214.61327528953552,False
1737650505.740263,2025-01-23 17:41:45,OTHER,PAUSE,,,,,,,,,,,,,,,,,,,,,,,,,,,,,,,,,,,,,,,214.7262818813324,False
1737650505.8392687,2025-01-23 17:41:45,OTHER,PAUSE,,,,,,,,,,,,,,,,,,,,,,,,,,,,,,,,,,,,,,,214.8252875804901,False
1737650505.9372742,2025-01-23 17:41:45,OTHER,PAUSE,,,,,,,,,,,,,,,,,,,,,,,,,,,,,,,,,,,,,,,214.9232931137085,False
1737650506.0232792,2025-01-23 17:41:46,OTHER,PAUSE,,,,,,,,,,,,,,,,,,,,,,,,,,,,,,,,,,,,,,,215.00929808616638,False
1737650506.1212847,2025-01-23 17:41:46,OTHER,PAUSE,,,,,,,,,,,,,,,,,,,,,,,,,,,,,,,,,,,,,,,215.10730361938477,False
1737650506.2042892,2025-01-23 17:41:46,OTHER,PAUSE,,,,,,,,,,,,,,,,,,,,,,,,,,,,,,,,,,,,,,,215.19030809402466,False
1737650506.3172958,2025-01-23 17:41:46,OTHER,PAUSE,,,,,,,,,,,,,,,,,,,,,,,,,,,,,,,,,,,,,,,215.30331468582153,False
1737650506.4183016,2025-01-23 17:41:46,OTHER,PAUSE,,,,,,,,,,,,,,,,,,,,,,,,,,,,,,,,,,,,,,,215.40432047843933,False
1737650506.506307,2025-01-23 17:41:46,OTHER,PAUSE,,,,,,,,,,,,,,,,,,,,,,,,,,,,,,,,,,,,,,,215.49232578277588,False
1737650506.6093125,2025-01-23 17:41:46,OTHER,PAUSE,,,,,,,,,,,,,,,,,,,,,,,,,,,,,,,,,,,,,,,215.59533143043518,False
1737650506.6963177,2025-01-23 17:41:46,OTHER,PAUSE,,,,,,,,,,,,,,,,,,,,,,,,,,,,,,,,,,,,,,,215.6823365688324,False
1737650506.793323,2025-01-23 17:41:46,OTHER,PAUSE,,,,,,,,,,,,,,,,,,,,,,,,,,,,,,,,,,,,,,,215.77934193611145,False
1737650506.9043295,2025-01-23 17:41:46,OTHER,PAUSE,,,,,,,,,,,,,,,,,,,,,,,,,,,,,,,,,,,,,,,215.89034843444824,False
1737650507.0033352,2025-01-23 17:41:47,OTHER,PAUSE,,,,,,,,,,,,,,,,,,,,,,,,,,,,,,,,,,,,,,,215.98935413360596,False
1737650507.0953403,2025-01-23 17:41:47,OTHER,PAUSE,,,,,,,,,,,,,,,,,,,,,,,,,,,,,,,,,,,,,,,216.0813591480255,False
1737650507.194346,2025-01-23 17:41:47,OTHER,PAUSE,,,,,,,,,,,,,,,,,,,,,,,,,,,,,,,,,,,,,,,216.18036484718323,False
1737650507.2843513,2025-01-23 17:41:47,OTHER,PAUSE,,,,,,,,,,,,,,,,,,,,,,,,,,,,,,,,,,,,,,,216.27037024497986,False
1737650507.3883572,2025-01-23 17:41:47,OTHER,PAUSE,,,,,,,,,,,,,,,,,,,,,,,,,,,,,,,,,,,,,,,216.3743760585785,False
1737650507.4853628,2025-01-23 17:41:47,OTHER,PAUSE,,,,,,,,,,,,,,,,,,,,,,,,,,,,,,,,,,,,,,,216.47138166427612,False
1737650507.5843685,2025-01-23 17:41:47,OTHER,PAUSE,,,,,,,,,,,,,,,,,,,,,,,,,,,,,,,,,,,,,,,216.57038736343384,False
1737650507.6723735,2025-01-23 17:41:47,OTHER,PAUSE,,,,,,,,,,,,,,,,,,,,,,,,,,,,,,,,,,,,,,,216.6583924293518,False
1737650507.7593784,2025-01-23 17:41:47,OTHER,PAUSE,,,,,,,,,,,,,,,,,,,,,,,,,,,,,,,,,,,,,,,216.74539732933044,False
1737650507.854384,2025-01-23 17:41:47,OTHER,PAUSE,,,,,,,,,,,,,,,,,,,,,,,,,,,,,,,,,,,,,,,216.840402841568,False
1737650507.942389,2025-01-23 17:41:47,OTHER,PAUSE,,,,,,,,,,,,,,,,,,,,,,,,,,,,,,,,,,,,,,,216.92840790748596,False
1737650508.0513952,2025-01-23 17:41:48,OTHER,PAUSE,,,,,,,,,,,,,,,,,,,,,,,,,,,,,,,,,,,,,,,217.0374140739441,False
1737650508.1814027,2025-01-23 17:41:48,OTHER,PAUSE,,,,,,,,,,,,,,,,,,,,,,,,,,,,,,,,,,,,,,,217.16742157936096,False
1737650508.3074098,2025-01-23 17:41:48,OTHER,PAUSE,,,,,,,,,,,,,,,,,,,,,,,,,,,,,,,,,,,,,,,217.2934286594391,False
1737650508.3904145,2025-01-23 17:41:48,OTHER,PAUSE,,,,,,,,,,,,,,,,,,,,,,,,,,,,,,,,,,,,,,,217.37643337249756,False
1737650508.4854198,2025-01-23 17:41:48,OTHER,PAUSE,,,,,,,,,,,,,,,,,,,,,,,,,,,,,,,,,,,,,,,217.47143864631653,False
1737650508.592426,2025-01-23 17:41:48,OTHER,PAUSE,,,,,,,,,,,,,,,,,,,,,,,,,,,,,,,,,,,,,,,217.57844495773315,False
1737650508.6864314,2025-01-23 17:41:48,OTHER,PAUSE,,,,,,,,,,,,,,,,,,,,,,,,,,,,,,,,,,,,,,,217.67245030403137,False
1737650508.785437,2025-01-23 17:41:48,OTHER,PAUSE,,,,,,,,,,,,,,,,,,,,,,,,,,,,,,,,,,,,,,,217.7714560031891,False
1737650508.8784425,2025-01-23 17:41:48,OTHER,PAUSE,,,,,,,,,,,,,,,,,,,,,,,,,,,,,,,,,,,,,,,217.86446142196655,False
1737650508.9634473,2025-01-23 17:41:48,OTHER,PAUSE,,,,,,,,,,,,,,,,,,,,,,,,,,,,,,,,,,,,,,,217.9494662284851,False
1737650509.0514524,2025-01-23 17:41:49,OTHER,PAUSE,,,,,,,,,,,,,,,,,,,,,,,,,,,,,,,,,,,,,,,218.03747129440308,False
1737650509.151458,2025-01-23 17:41:49,OTHER,PAUSE,,,,,,,,,,,,,,,,,,,,,,,,,,,,,,,,,,,,,,,218.13747692108154,False
1737650509.2574642,2025-01-23 17:41:49,OTHER,PAUSE,,,,,,,,,,,,,,,,,,,,,,,,,,,,,,,,,,,,,,,218.24348306655884,False
1737650509.3454692,2025-01-23 17:41:49,OTHER,PAUSE,,,,,,,,,,,,,,,,,,,,,,,,,,,,,,,,,,,,,,,218.3314881324768,False
1737650509.430474,2025-01-23 17:41:49,OTHER,PAUSE,,,,,,,,,,,,,,,,,,,,,,,,,,,,,,,,,,,,,,,218.41649293899536,False
1737650509.516479,2025-01-23 17:41:49,OTHER,PAUSE,,,,,,,,,,,,,,,,,,,,,,,,,,,,,,,,,,,,,,,218.50249791145325,False
1737650509.6094842,2025-01-23 17:41:49,OTHER,PAUSE,,,,,,,,,,,,,,,,,,,,,,,,,,,,,,,,,,,,,,,218.59550309181213,False
1737650509.7144902,2025-01-23 17:41:49,OTHER,PAUSE,,,,,,,,,,,,,,,,,,,,,,,,,,,,,,,,,,,,,,,218.7005090713501,False
1737650509.8024952,2025-01-23 17:41:49,OTHER,PAUSE,,,,,,,,,,,,,,,,,,,,,,,,,,,,,,,,,,,,,,,218.78851413726807,False
1737650509.900501,2025-01-23 17:41:49,OTHER,PAUSE,,,,,,,,,,,,,,,,,,,,,,,,,,,,,,,,,,,,,,,218.88651990890503,False
1737650509.9885058,2025-01-23 17:41:49,OTHER,PAUSE,,,,,,,,,,,,,,,,,,,,,,,,,,,,,,,,,,,,,,,218.97452473640442,False
1737650510.0875115,2025-01-23 17:41:50,OTHER,PAUSE,,,,,,,,,,,,,,,,,,,,,,,,,,,,,,,,,,,,,,,219.07353043556213,False
1737650510.1675162,2025-01-23 17:41:50,OTHER,PAUSE,,,,,,,,,,,,,,,,,,,,,,,,,,,,,,,,,,,,,,,219.15353512763977,False
1737650510.2975237,2025-01-23 17:41:50,OTHER,PAUSE,,,,,,,,,,,,,,,,,,,,,,,,,,,,,,,,,,,,,,,219.28354263305664,False
1737650510.40853,2025-01-23 17:41:50,OTHER,PAUSE,,,,,,,,,,,,,,,,,,,,,,,,,,,,,,,,,,,,,,,219.39454889297485,False
1737650510.5005352,2025-01-23 17:41:50,OTHER,PAUSE,,,,,,,,,,,,,,,,,,,,,,,,,,,,,,,,,,,,,,,219.486554145813,False
1737650510.5905402,2025-01-23 17:41:50,OTHER,PAUSE,,,,,,,,,,,,,,,,,,,,,,,,,,,,,,,,,,,,,,,219.57655906677246,False
1737650510.6735451,2025-01-23 17:41:50,OTHER,PAUSE,,,,,,,,,,,,,,,,,,,,,,,,,,,,,,,,,,,,,,,219.6595640182495,False
1737650510.7645504,2025-01-23 17:41:50,OTHER,PAUSE,,,,,,,,,,,,,,,,,,,,,,,,,,,,,,,,,,,,,,,219.7505693435669,False
1737650510.8785567,2025-01-23 17:41:50,OTHER,PAUSE,,,,,,,,,,,,,,,,,,,,,,,,,,,,,,,,,,,,,,,219.86457562446594,False
1737650510.968562,2025-01-23 17:41:50,OTHER,PAUSE,,,,,,,,,,,,,,,,,,,,,,,,,,,,,,,,,,,,,,,219.954580783844,False
1737650511.0815685,2025-01-23 17:41:51,OTHER,PAUSE,,,,,,,,,,,,,,,,,,,,,,,,,,,,,,,,,,,,,,,220.06758737564087,False
1737650511.193575,2025-01-23 17:41:51,OTHER,PAUSE,,,,,,,,,,,,,,,,,,,,,,,,,,,,,,,,,,,,,,,220.1795938014984,False
1737650511.316582,2025-01-23 17:41:51,OTHER,PAUSE,,,,,,,,,,,,,,,,,,,,,,,,,,,,,,,,,,,,,,,220.3026008605957,False
1737650511.4505894,2025-01-23 17:41:51,OTHER,PAUSE,,,,,,,,,,,,,,,,,,,,,,,,,,,,,,,,,,,,,,,220.43660831451416,False
1737650511.5745966,2025-01-23 17:41:51,OTHER,PAUSE,,,,,,,,,,,,,,,,,,,,,,,,,,,,,,,,,,,,,,,220.56061553955078,False
1737650511.684603,2025-01-23 17:41:51,OTHER,PAUSE,,,,,,,,,,,,,,,,,,,,,,,,,,,,,,,,,,,,,,,220.67062187194824,False
1737650511.8046098,2025-01-23 17:41:51,OTHER,PAUSE,,,,,,,,,,,,,,,,,,,,,,,,,,,,,,,,,,,,,,,220.79062867164612,False
1737650511.931617,2025-01-23 17:41:51,OTHER,PAUSE,,,,,,,,,,,,,,,,,,,,,,,,,,,,,,,,,,,,,,,220.91763591766357,False
1737650512.0486236,2025-01-23 17:41:52,OTHER,PAUSE,,,,,,,,,,,,,,,,,,,,,,,,,,,,,,,,,,,,,,,221.03464245796204,False
1737650512.1336286,2025-01-23 17:41:52,OTHER,PAUSE,,,,,,,,,,,,,,,,,,,,,,,,,,,,,,,,,,,,,,,221.11964750289917,False
1737650512.224634,2025-01-23 17:41:52,OTHER,PAUSE,,,,,,,,,,,,,,,,,,,,,,,,,,,,,,,,,,,,,,,221.21065282821655,False
1737650512.313639,2025-01-23 17:41:52,OTHER,PAUSE,,,,,,,,,,,,,,,,,,,,,,,,,,,,,,,,,,,,,,,221.29965782165527,False
1737650512.4006438,2025-01-23 17:41:52,OTHER,PAUSE,,,,,,,,,,,,,,,,,,,,,,,,,,,,,,,,,,,,,,,221.3866627216339,False
1737650512.4846487,2025-01-23 17:41:52,OTHER,PAUSE,,,,,,,,,,,,,,,,,,,,,,,,,,,,,,,,,,,,,,,221.4706676006317,False
1737650512.5996552,2025-01-23 17:41:52,OTHER,PAUSE,,,,,,,,,,,,,,,,,,,,,,,,,,,,,,,,,,,,,,,221.5856740474701,False
1737650512.702661,2025-01-23 17:41:52,OTHER,PAUSE,,,,,,,,,,,,,,,,,,,,,,,,,,,,,,,,,,,,,,,221.68867993354797,False
1737650512.8006666,2025-01-23 17:41:52,OTHER,PAUSE,,,,,,,,,,,,,,,,,,,,,,,,,,,,,,,,,,,,,,,221.78668546676636,False
1737650512.9136732,2025-01-23 17:41:52,OTHER,PAUSE,,,,,,,,,,,,,,,,,,,,,,,,,,,,,,,,,,,,,,,221.89969205856323,False
1737650513.0056787,2025-01-23 17:41:53,OTHER,PAUSE,,,,,,,,,,,,,,,,,,,,,,,,,,,,,,,,,,,,,,,221.99169754981995,False
1737650513.120685,2025-01-23 17:41:53,OTHER,PAUSE,,,,,,,,,,,,,,,,,,,,,,,,,,,,,,,,,,,,,,,222.10670399665833,False
1737650513.2156906,2025-01-23 17:41:53,OTHER,PAUSE,,,,,,,,,,,,,,,,,,,,,,,,,,,,,,,,,,,,,,,222.20170950889587,False
1737650513.313696,2025-01-23 17:41:53,OTHER,PAUSE,,,,,,,,,,,,,,,,,,,,,,,,,,,,,,,,,,,,,,,222.29971480369568,False
1737650513.416702,2025-01-23 17:41:53,OTHER,PAUSE,,,,,,,,,,,,,,,,,,,,,,,,,,,,,,,,,,,,,,,222.40272092819214,False
1737650513.503707,2025-01-23 17:41:53,OTHER,PAUSE,,,,,,,,,,,,,,,,,,,,,,,,,,,,,,,,,,,,,,,222.48972582817078,False
1737650513.592712,2025-01-23 17:41:53,OTHER,PAUSE,,,,,,,,,,,,,,,,,,,,,,,,,,,,,,,,,,,,,,,222.5787308216095,False
1737650513.7017183,2025-01-23 17:41:53,OTHER,PAUSE,,,,,,,,,,,,,,,,,,,,,,,,,,,,,,,,,,,,,,,222.6877372264862,False
1737650513.7917235,2025-01-23 17:41:53,OTHER,PAUSE,,,,,,,,,,,,,,,,,,,,,,,,,,,,,,,,,,,,,,,222.77774238586426,False
1737650513.8827288,2025-01-23 17:41:53,OTHER,PAUSE,,,,,,,,,,,,,,,,,,,,,,,,,,,,,,,,,,,,,,,222.86874771118164,False
1737650513.9827344,2025-01-23 17:41:53,OTHER,PAUSE,,,,,,,,,,,,,,,,,,,,,,,,,,,,,,,,,,,,,,,222.9687533378601,False
1737650514.0767395,2025-01-23 17:41:54,OTHER,PAUSE,,,,,,,,,,,,,,,,,,,,,,,,,,,,,,,,,,,,,,,223.06275844573975,False
1737650514.1657448,2025-01-23 17:41:54,OTHER,PAUSE,,,,,,,,,,,,,,,,,,,,,,,,,,,,,,,,,,,,,,,223.15176367759705,False
1737650514.2857518,2025-01-23 17:41:54,OTHER,PAUSE,,,,,,,,,,,,,,,,,,,,,,,,,,,,,,,,,,,,,,,223.2717707157135,False
1737650514.3897576,2025-01-23 17:41:54,OTHER,PAUSE,,,,,,,,,,,,,,,,,,,,,,,,,,,,,,,,,,,,,,,223.37577652931213,False
1737650514.4867632,2025-01-23 17:41:54,OTHER,PAUSE,,,,,,,,,,,,,,,,,,,,,,,,,,,,,,,,,,,,,,,223.47278213500977,False
1737650514.5947695,2025-01-23 17:41:54,OTHER,PAUSE,,,,,,,,,,,,,,,,,,,,,,,,,,,,,,,,,,,,,,,223.58078837394714,False
1737650514.6847744,2025-01-23 17:41:54,OTHER,PAUSE,,,,,,,,,,,,,,,,,,,,,,,,,,,,,,,,,,,,,,,223.67079329490662,False
1737650514.7857802,2025-01-23 17:41:54,OTHER,PAUSE,,,,,,,,,,,,,,,,,,,,,,,,,,,,,,,,,,,,,,,223.7717990875244,False
1737650514.8827858,2025-01-23 17:41:54,OTHER,PAUSE,,,,,,,,,,,,,,,,,,,,,,,,,,,,,,,,,,,,,,,223.86880469322205,False
1737650514.9707909,2025-01-23 17:41:54,OTHER,PAUSE,,,,,,,,,,,,,,,,,,,,,,,,,,,,,,,,,,,,,,,223.95680975914001,False
1737650515.0707965,2025-01-23 17:41:55,OTHER,PAUSE,,,,,,,,,,,,,,,,,,,,,,,,,,,,,,,,,,,,,,,224.05681538581848,False
1737650515.165802,2025-01-23 17:41:55,OTHER,PAUSE,,,,,,,,,,,,,,,,,,,,,,,,,,,,,,,,,,,,,,,224.15182089805603,False
1737650515.2558072,2025-01-23 17:41:55,OTHER,PAUSE,,,,,,,,,,,,,,,,,,,,,,,,,,,,,,,,,,,,,,,224.24182605743408,False
1737650515.3678136,2025-01-23 17:41:55,OTHER,PAUSE,,,,,,,,,,,,,,,,,,,,,,,,,,,,,,,,,,,,,,,224.35383248329163,False
1737650515.4648192,2025-01-23 17:41:55,OTHER,PAUSE,,,,,,,,,,,,,,,,,,,,,,,,,,,,,,,,,,,,,,,224.45083808898926,False
1737650515.5718253,2025-01-23 17:41:55,OTHER,PAUSE,,,,,,,,,,,,,,,,,,,,,,,,,,,,,,,,,,,,,,,224.5578441619873,False
1737650515.6638305,2025-01-23 17:41:55,OTHER,PAUSE,,,,,,,,,,,,,,,,,,,,,,,,,,,,,,,,,,,,,,,224.64984941482544,False
1737650515.7518353,2025-01-23 17:41:55,OTHER,PAUSE,,,,,,,,,,,,,,,,,,,,,,,,,,,,,,,,,,,,,,,224.73785424232483,False
1737650515.8428407,2025-01-23 17:41:55,OTHER,PAUSE,,,,,,,,,,,,,,,,,,,,,,,,,,,,,,,,,,,,,,,224.8288595676422,False
1737650515.9558473,2025-01-23 17:41:55,OTHER,PAUSE,,,,,,,,,,,,,,,,,,,,,,,,,,,,,,,,,,,,,,,224.9418661594391,False
1737650516.0508525,2025-01-23 17:41:56,OTHER,PAUSE,,,,,,,,,,,,,,,,,,,,,,,,,,,,,,,,,,,,,,,225.03687143325806,False
1737650516.1448581,2025-01-23 17:41:56,OTHER,PAUSE,,,,,,,,,,,,,,,,,,,,,,,,,,,,,,,,,,,,,,,225.13087701797485,False
1737650516.2368631,2025-01-23 17:41:56,OTHER,PAUSE,,,,,,,,,,,,,,,,,,,,,,,,,,,,,,,,,,,,,,,225.2228820323944,False
1737650516.322868,2025-01-23 17:41:56,OTHER,PAUSE,,,,,,,,,,,,,,,,,,,,,,,,,,,,,,,,,,,,,,,225.3088870048523,False
1737650516.4308743,2025-01-23 17:41:56,OTHER,PAUSE,,,,,,,,,,,,,,,,,,,,,,,,,,,,,,,,,,,,,,,225.41689324378967,False
1737650516.5528815,2025-01-23 17:41:56,OTHER,PAUSE,,,,,,,,,,,,,,,,,,,,,,,,,,,,,,,,,,,,,,,225.5389003753662,False
1737650516.6598876,2025-01-23 17:41:56,OTHER,PAUSE,,,,,,,,,,,,,,,,,,,,,,,,,,,,,,,,,,,,,,,225.64590644836426,False
1737650516.7458923,2025-01-23 17:41:56,OTHER,PAUSE,,,,,,,,,,,,,,,,,,,,,,,,,,,,,,,,,,,,,,,225.73191118240356,False
1737650516.8358977,2025-01-23 17:41:56,OTHER,PAUSE,,,,,,,,,,,,,,,,,,,,,,,,,,,,,,,,,,,,,,,225.8219165802002,False
1737650516.932903,2025-01-23 17:41:56,OTHER,PAUSE,,,,,,,,,,,,,,,,,,,,,,,,,,,,,,,,,,,,,,,225.91892194747925,False
1737650517.0239084,2025-01-23 17:41:57,OTHER,PAUSE,,,,,,,,,,,,,,,,,,,,,,,,,,,,,,,,,,,,,,,226.00992727279663,False
1737650517.1469154,2025-01-23 17:41:57,OTHER,PAUSE,,,,,,,,,,,,,,,,,,,,,,,,,,,,,,,,,,,,,,,226.13293433189392,False
1737650517.2399206,2025-01-23 17:41:57,OTHER,PAUSE,,,,,,,,,,,,,,,,,,,,,,,,,,,,,,,,,,,,,,,226.2259395122528,False
1737650517.3299258,2025-01-23 17:41:57,OTHER,PAUSE,,,,,,,,,,,,,,,,,,,,,,,,,,,,,,,,,,,,,,,226.31594467163086,False
1737650517.4339318,2025-01-23 17:41:57,OTHER,PAUSE,,,,,,,,,,,,,,,,,,,,,,,,,,,,,,,,,,,,,,,226.41995072364807,False
1737650517.5379376,2025-01-23 17:41:57,OTHER,PAUSE,,,,,,,,,,,,,,,,,,,,,,,,,,,,,,,,,,,,,,,226.5239565372467,False
1737650517.6569443,2025-01-23 17:41:57,OTHER,PAUSE,,,,,,,,,,,,,,,,,,,,,,,,,,,,,,,,,,,,,,,226.64296317100525,False
1737650517.7519498,2025-01-23 17:41:57,OTHER,PAUSE,,,,,,,,,,,,,,,,,,,,,,,,,,,,,,,,,,,,,,,226.7379686832428,False
1737650517.8519557,2025-01-23 17:41:57,OTHER,PAUSE,,,,,,,,,,,,,,,,,,,,,,,,,,,,,,,,,,,,,,,226.83797454833984,False
1737650517.942961,2025-01-23 17:41:57,OTHER,PAUSE,,,,,,,,,,,,,,,,,,,,,,,,,,,,,,,,,,,,,,,226.92897987365723,False
1737650518.033966,2025-01-23 17:41:58,OTHER,PAUSE,,,,,,,,,,,,,,,,,,,,,,,,,,,,,,,,,,,,,,,227.01998496055603,False
1737650518.1419723,2025-01-23 17:41:58,OTHER,PAUSE,,,,,,,,,,,,,,,,,,,,,,,,,,,,,,,,,,,,,,,227.1279911994934,False
1737650518.240978,2025-01-23 17:41:58,OTHER,PAUSE,,,,,,,,,,,,,,,,,,,,,,,,,,,,,,,,,,,,,,,227.22699689865112,False
1737650518.3419838,2025-01-23 17:41:58,OTHER,PAUSE,,,,,,,,,,,,,,,,,,,,,,,,,,,,,,,,,,,,,,,227.32800269126892,False
1737650518.4459896,2025-01-23 17:41:58,OTHER,PAUSE,,,,,,,,,,,,,,,,,,,,,,,,,,,,,,,,,,,,,,,227.43200850486755,False
1737650518.536995,2025-01-23 17:41:58,OTHER,PAUSE,,,,,,,,,,,,,,,,,,,,,,,,,,,,,,,,,,,,,,,227.52301383018494,False
1737650518.625,2025-01-23 17:41:58,OTHER,PAUSE,,,,,,,,,,,,,,,,,,,,,,,,,,,,,,,,,,,,,,,227.6110188961029,False
1737650518.7470067,2025-01-23 17:41:58,OTHER,PAUSE,,,,,,,,,,,,,,,,,,,,,,,,,,,,,,,,,,,,,,,227.73302555084229,False
1737650518.838012,2025-01-23 17:41:58,OTHER,PAUSE,,,,,,,,,,,,,,,,,,,,,,,,,,,,,,,,,,,,,,,227.82403087615967,False
1737650518.940018,2025-01-23 17:41:58,OTHER,PAUSE,,,,,,,,,,,,,,,,,,,,,,,,,,,,,,,,,,,,,,,227.9260368347168,False
1737650519.047024,2025-01-23 17:41:59,OTHER,PAUSE,,,,,,,,,,,,,,,,,,,,,,,,,,,,,,,,,,,,,,,228.03304290771484,False
1737650519.15003,2025-01-23 17:41:59,OTHER,PAUSE,,,,,,,,,,,,,,,,,,,,,,,,,,,,,,,,,,,,,,,228.13604879379272,False
1737650519.2480357,2025-01-23 17:41:59,OTHER,PAUSE,,,,,,,,,,,,,,,,,,,,,,,,,,,,,,,,,,,,,,,228.2340545654297,False
1737650519.364042,2025-01-23 17:41:59,OTHER,PAUSE,,,,,,,,,,,,,,,,,,,,,,,,,,,,,,,,,,,,,,,228.35006093978882,False
1737650519.466048,2025-01-23 17:41:59,OTHER,PAUSE,,,,,,,,,,,,,,,,,,,,,,,,,,,,,,,,,,,,,,,228.45206689834595,False
1737650519.571054,2025-01-23 17:41:59,OTHER,PAUSE,,,,,,,,,,,,,,,,,,,,,,,,,,,,,,,,,,,,,,,228.5570728778839,False
1737650519.659059,2025-01-23 17:41:59,OTHER,PAUSE,,,,,,,,,,,,,,,,,,,,,,,,,,,,,,,,,,,,,,,228.64507794380188,False
1737650519.7490642,2025-01-23 17:41:59,OTHER,PAUSE,,,,,,,,,,,,,,,,,,,,,,,,,,,,,,,,,,,,,,,228.73508310317993,False
1737650519.8520699,2025-01-23 17:41:59,OTHER,PAUSE,,,,,,,,,,,,,,,,,,,,,,,,,,,,,,,,,,,,,,,228.83808875083923,False
1737650519.9550757,2025-01-23 17:41:59,OTHER,PAUSE,,,,,,,,,,,,,,,,,,,,,,,,,,,,,,,,,,,,,,,228.94109463691711,False
1737650520.0510814,2025-01-23 17:42:00,OTHER,PAUSE,,,,,,,,,,,,,,,,,,,,,,,,,,,,,,,,,,,,,,,229.037100315094,False
1737650520.146087,2025-01-23 17:42:00,OTHER,PAUSE,,,,,,,,,,,,,,,,,,,,,,,,,,,,,,,,,,,,,,,229.13210582733154,False
1737650520.2410924,2025-01-23 17:42:00,OTHER,PAUSE,,,,,,,,,,,,,,,,,,,,,,,,,,,,,,,,,,,,,,,229.2271113395691,False
1737650520.3310974,2025-01-23 17:42:00,OTHER,PAUSE,,,,,,,,,,,,,,,,,,,,,,,,,,,,,,,,,,,,,,,229.31711626052856,False
1737650520.4351034,2025-01-23 17:42:00,OTHER,PAUSE,,,,,,,,,,,,,,,,,,,,,,,,,,,,,,,,,,,,,,,229.42112231254578,False
1737650520.5271087,2025-01-23 17:42:00,OTHER,PAUSE,,,,,,,,,,,,,,,,,,,,,,,,,,,,,,,,,,,,,,,229.5131275653839,False
1737650520.6241143,2025-01-23 17:42:00,OTHER,PAUSE,,,,,,,,,,,,,,,,,,,,,,,,,,,,,,,,,,,,,,,229.61013317108154,False
1737650520.7201197,2025-01-23 17:42:00,OTHER,PAUSE,,,,,,,,,,,,,,,,,,,,,,,,,,,,,,,,,,,,,,,229.70613861083984,False
1737650520.8081248,2025-01-23 17:42:00,OTHER,PAUSE,,,,,,,,,,,,,,,,,,,,,,,,,,,,,,,,,,,,,,,229.7941436767578,False
1737650520.8961298,2025-01-23 17:42:00,OTHER,PAUSE,,,,,,,,,,,,,,,,,,,,,,,,,,,,,,,,,,,,,,,229.88214874267578,False
1737650521.0181365,2025-01-23 17:42:01,OTHER,PAUSE,,,,,,,,,,,,,,,,,,,,,,,,,,,,,,,,,,,,,,,230.00415539741516,False
1737650521.123143,2025-01-23 17:42:01,OTHER,PAUSE,,,,,,,,,,,,,,,,,,,,,,,,,,,,,,,,,,,,,,,230.10916185379028,False
1737650521.2341492,2025-01-23 17:42:01,OTHER,PAUSE,,,,,,,,,,,,,,,,,,,,,,,,,,,,,,,,,,,,,,,230.2201681137085,False
1737650521.3231542,2025-01-23 17:42:01,OTHER,PAUSE,,,,,,,,,,,,,,,,,,,,,,,,,,,,,,,,,,,,,,,230.30917310714722,False
1737650521.4161594,2025-01-23 17:42:01,OTHER,PAUSE,,,,,,,,,,,,,,,,,,,,,,,,,,,,,,,,,,,,,,,230.4021782875061,False
1737650521.5171654,2025-01-23 17:42:01,OTHER,PAUSE,,,,,,,,,,,,,,,,,,,,,,,,,,,,,,,,,,,,,,,230.50318431854248,False
1737650521.6271715,2025-01-23 17:42:01,OTHER,PAUSE,,,,,,,,,,,,,,,,,,,,,,,,,,,,,,,,,,,,,,,230.61319041252136,False
1737650521.7301776,2025-01-23 17:42:01,OTHER,PAUSE,,,,,,,,,,,,,,,,,,,,,,,,,,,,,,,,,,,,,,,230.71619653701782,False
1737650521.8331835,2025-01-23 17:42:01,OTHER,PAUSE,,,,,,,,,,,,,,,,,,,,,,,,,,,,,,,,,,,,,,,230.8192024230957,False
1737650521.9241886,2025-01-23 17:42:01,OTHER,PAUSE,,,,,,,,,,,,,,,,,,,,,,,,,,,,,,,,,,,,,,,230.9102075099945,False
1737650522.0131938,2025-01-23 17:42:02,OTHER,PAUSE,,,,,,,,,,,,,,,,,,,,,,,,,,,,,,,,,,,,,,,230.9992127418518,False
1737650522.1292005,2025-01-23 17:42:02,OTHER,PAUSE,,,,,,,,,,,,,,,,,,,,,,,,,,,,,,,,,,,,,,,231.11521935462952,False
1737650522.229206,2025-01-23 17:42:02,OTHER,PAUSE,,,,,,,,,,,,,,,,,,,,,,,,,,,,,,,,,,,,,,,231.21522498130798,False
1737650522.3252113,2025-01-23 17:42:02,OTHER,PAUSE,,,,,,,,,,,,,,,,,,,,,,,,,,,,,,,,,,,,,,,231.3112301826477,False
1737650522.4322176,2025-01-23 17:42:02,OTHER,PAUSE,,,,,,,,,,,,,,,,,,,,,,,,,,,,,,,,,,,,,,,231.41823649406433,False
1737650522.5152225,2025-01-23 17:42:02,OTHER,PAUSE,,,,,,,,,,,,,,,,,,,,,,,,,,,,,,,,,,,,,,,231.50124144554138,False
1737650522.6072276,2025-01-23 17:42:02,OTHER,PAUSE,,,,,,,,,,,,,,,,,,,,,,,,,,,,,,,,,,,,,,,231.59324645996094,False
1737650522.7402353,2025-01-23 17:42:02,OTHER,PAUSE,,,,,,,,,,,,,,,,,,,,,,,,,,,,,,,,,,,,,,,231.72625422477722,False
1737650522.842241,2025-01-23 17:42:02,OTHER,PAUSE,,,,,,,,,,,,,,,,,,,,,,,,,,,,,,,,,,,,,,,231.82825994491577,False
1737650522.942247,2025-01-23 17:42:02,OTHER,PAUSE,,,,,,,,,,,,,,,,,,,,,,,,,,,,,,,,,,,,,,,231.92826581001282,False
1737650523.0282516,2025-01-23 17:42:03,OTHER,PAUSE,,,,,,,,,,,,,,,,,,,,,,,,,,,,,,,,,,,,,,,232.01427054405212,False
1737650523.121257,2025-01-23 17:42:03,OTHER,PAUSE,,,,,,,,,,,,,,,,,,,,,,,,,,,,,,,,,,,,,,,232.1072759628296,False
1737650523.245264,2025-01-23 17:42:03,OTHER,PAUSE,,,,,,,,,,,,,,,,,,,,,,,,,,,,,,,,,,,,,,,232.23128294944763,False
1737650523.3392694,2025-01-23 17:42:03,OTHER,PAUSE,,,,,,,,,,,,,,,,,,,,,,,,,,,,,,,,,,,,,,,232.32528829574585,False
1737650523.434275,2025-01-23 17:42:03,OTHER,PAUSE,,,,,,,,,,,,,,,,,,,,,,,,,,,,,,,,,,,,,,,232.4202938079834,False
1737650523.5302804,2025-01-23 17:42:03,OTHER,PAUSE,,,,,,,,,,,,,,,,,,,,,,,,,,,,,,,,,,,,,,,232.5162992477417,False
1737650523.6222858,2025-01-23 17:42:03,OTHER,PAUSE,,,,,,,,,,,,,,,,,,,,,,,,,,,,,,,,,,,,,,,232.6083047389984,False
1737650523.7142909,2025-01-23 17:42:03,OTHER,PAUSE,,,,,,,,,,,,,,,,,,,,,,,,,,,,,,,,,,,,,,,232.70030975341797,False
1737650523.8302977,2025-01-23 17:42:03,OTHER,PAUSE,,,,,,,,,,,,,,,,,,,,,,,,,,,,,,,,,,,,,,,232.81631660461426,False
1737650523.9323034,2025-01-23 17:42:03,OTHER,PAUSE,,,,,,,,,,,,,,,,,,,,,,,,,,,,,,,,,,,,,,,232.9183223247528,False
1737650524.032309,2025-01-23 17:42:04,OTHER,PAUSE,,,,,,,,,,,,,,,,,,,,,,,,,,,,,,,,,,,,,,,233.01832795143127,False
1737650524.1263144,2025-01-23 17:42:04,OTHER,PAUSE,,,,,,,,,,,,,,,,,,,,,,,,,,,,,,,,,,,,,,,233.1123332977295,False
1737650524.2193198,2025-01-23 17:42:04,OTHER,PAUSE,,,,,,,,,,,,,,,,,,,,,,,,,,,,,,,,,,,,,,,233.20533871650696,False
1737650524.3193257,2025-01-23 17:42:04,OTHER,PAUSE,,,,,,,,,,,,,,,,,,,,,,,,,,,,,,,,,,,,,,,233.305344581604,False
1737650524.4103308,2025-01-23 17:42:04,OTHER,PAUSE,,,,,,,,,,,,,,,,,,,,,,,,,,,,,,,,,,,,,,,233.3963496685028,False
1737650524.502336,2025-01-23 17:42:04,OTHER,PAUSE,,,,,,,,,,,,,,,,,,,,,,,,,,,,,,,,,,,,,,,233.48835492134094,False
1737650524.6133425,2025-01-23 17:42:04,OTHER,PAUSE,,,,,,,,,,,,,,,,,,,,,,,,,,,,,,,,,,,,,,,233.59936141967773,False
1737650524.7013474,2025-01-23 17:42:04,OTHER,PAUSE,,,,,,,,,,,,,,,,,,,,,,,,,,,,,,,,,,,,,,,233.68736624717712,False
1737650524.797353,2025-01-23 17:42:04,OTHER,PAUSE,,,,,,,,,,,,,,,,,,,,,,,,,,,,,,,,,,,,,,,233.783371925354,False
1737650524.906359,2025-01-23 17:42:04,OTHER,PAUSE,,,,,,,,,,,,,,,,,,,,,,,,,,,,,,,,,,,,,,,233.89237785339355,False
1737650525.0153654,2025-01-23 17:42:05,OTHER,PAUSE,,,,,,,,,,,,,,,,,,,,,,,,,,,,,,,,,,,,,,,234.00138425827026,False
1737650525.1223717,2025-01-23 17:42:05,OTHER,PAUSE,,,,,,,,,,,,,,,,,,,,,,,,,,,,,,,,,,,,,,,234.1083905696869,False
1737650525.217377,2025-01-23 17:42:05,OTHER,PAUSE,,,,,,,,,,,,,,,,,,,,,,,,,,,,,,,,,,,,,,,234.20339584350586,False
1737650525.322383,2025-01-23 17:42:05,OTHER,PAUSE,,,,,,,,,,,,,,,,,,,,,,,,,,,,,,,,,,,,,,,234.30840182304382,False
1737650525.4213886,2025-01-23 17:42:05,OTHER,PAUSE,,,,,,,,,,,,,,,,,,,,,,,,,,,,,,,,,,,,,,,234.40740752220154,False
1737650525.5123937,2025-01-23 17:42:05,OTHER,PAUSE,,,,,,,,,,,,,,,,,,,,,,,,,,,,,,,,,,,,,,,234.49841260910034,False
1737650525.6073992,2025-01-23 17:42:05,OTHER,PAUSE,,,,,,,,,,,,,,,,,,,,,,,,,,,,,,,,,,,,,,,234.5934181213379,False
1737650525.7024045,2025-01-23 17:42:05,OTHER,PAUSE,,,,,,,,,,,,,,,,,,,,,,,,,,,,,,,,,,,,,,,234.68842339515686,False
1737650525.8044107,2025-01-23 17:42:05,OTHER,PAUSE,,,,,,,,,,,,,,,,,,,,,,,,,,,,,,,,,,,,,,,234.79042959213257,False
1737650525.8904154,2025-01-23 17:42:05,OTHER,PAUSE,,,,,,,,,,,,,,,,,,,,,,,,,,,,,,,,,,,,,,,234.87643432617188,False
1737650526.0024219,2025-01-23 17:42:06,OTHER,PAUSE,,,,,,,,,,,,,,,,,,,,,,,,,,,,,,,,,,,,,,,234.98844075202942,False
1737650526.1154284,2025-01-23 17:42:06,OTHER,PAUSE,,,,,,,,,,,,,,,,,,,,,,,,,,,,,,,,,,,,,,,235.1014473438263,False
1737650526.2094336,2025-01-23 17:42:06,OTHER,PAUSE,,,,,,,,,,,,,,,,,,,,,,,,,,,,,,,,,,,,,,,235.19545245170593,False
1737650526.302439,2025-01-23 17:42:06,OTHER,PAUSE,,,,,,,,,,,,,,,,,,,,,,,,,,,,,,,,,,,,,,,235.2884578704834,False
1737650526.393444,2025-01-23 17:42:06,OTHER,PAUSE,,,,,,,,,,,,,,,,,,,,,,,,,,,,,,,,,,,,,,,235.3794629573822,False
1737650526.4874496,2025-01-23 17:42:06,OTHER,PAUSE,,,,,,,,,,,,,,,,,,,,,,,,,,,,,,,,,,,,,,,235.473468542099,False
1737650526.5934556,2025-01-23 17:42:06,OTHER,PAUSE,,,,,,,,,,,,,,,,,,,,,,,,,,,,,,,,,,,,,,,235.57947444915771,False
1737650526.703462,2025-01-23 17:42:06,OTHER,PAUSE,,,,,,,,,,,,,,,,,,,,,,,,,,,,,,,,,,,,,,,235.68948078155518,False
1737650526.8044677,2025-01-23 17:42:06,OTHER,PAUSE,,,,,,,,,,,,,,,,,,,,,,,,,,,,,,,,,,,,,,,235.79048657417297,False
1737650526.895473,2025-01-23 17:42:06,OTHER,PAUSE,,,,,,,,,,,,,,,,,,,,,,,,,,,,,,,,,,,,,,,235.88149189949036,False
1737650526.9854782,2025-01-23 17:42:06,OTHER,PAUSE,,,,,,,,,,,,,,,,,,,,,,,,,,,,,,,,,,,,,,,235.9714970588684,False
1737650527.0814836,2025-01-23 17:42:07,OTHER,PAUSE,,,,,,,,,,,,,,,,,,,,,,,,,,,,,,,,,,,,,,,236.0675024986267,False
1737650527.2384925,2025-01-23 17:42:07,OTHER,PAUSE,,,,,,,,,,,,,,,,,,,,,,,,,,,,,,,,,,,,,,,236.224511384964,False
1737650527.386501,2025-01-23 17:42:07,OTHER,PAUSE,,,,,,,,,,,,,,,,,,,,,,,,,,,,,,,,,,,,,,,236.37251996994019,False
1737650527.5115082,2025-01-23 17:42:07,OTHER,PAUSE,,,,,,,,,,,,,,,,,,,,,,,,,,,,,,,,,,,,,,,236.49752712249756,False
1737650527.6265147,2025-01-23 17:42:07,OTHER,PAUSE,,,,,,,,,,,,,,,,,,,,,,,,,,,,,,,,,,,,,,,236.61253356933594,False
1737650527.771523,2025-01-23 17:42:07,OTHER,PAUSE,,,,,,,,,,,,,,,,,,,,,,,,,,,,,,,,,,,,,,,236.75754189491272,False
1737650527.8995302,2025-01-23 17:42:07,OTHER,PAUSE,,,,,,,,,,,,,,,,,,,,,,,,,,,,,,,,,,,,,,,236.88554906845093,False
1737650528.0245376,2025-01-23 17:42:08,OTHER,PAUSE,,,,,,,,,,,,,,,,,,,,,,,,,,,,,,,,,,,,,,,237.01055645942688,False
1737650528.1265433,2025-01-23 17:42:08,OTHER,PAUSE,,,,,,,,,,,,,,,,,,,,,,,,,,,,,,,,,,,,,,,237.11256217956543,False
1737650528.2415497,2025-01-23 17:42:08,OTHER,PAUSE,,,,,,,,,,,,,,,,,,,,,,,,,,,,,,,,,,,,,,,237.2275686264038,False
1737650528.3535562,2025-01-23 17:42:08,OTHER,PAUSE,,,,,,,,,,,,,,,,,,,,,,,,,,,,,,,,,,,,,,,237.33957505226135,False
1737650528.453562,2025-01-23 17:42:08,OTHER,PAUSE,,,,,,,,,,,,,,,,,,,,,,,,,,,,,,,,,,,,,,,237.4395809173584,False
1737650528.5485675,2025-01-23 17:42:08,OTHER,PAUSE,,,,,,,,,,,,,,,,,,,,,,,,,,,,,,,,,,,,,,,237.53458642959595,False
1737650528.6425729,2025-01-23 17:42:08,OTHER,PAUSE,,,,,,,,,,,,,,,,,,,,,,,,,,,,,,,,,,,,,,,237.62859177589417,False
1737650528.7365782,2025-01-23 17:42:08,OTHER,PAUSE,,,,,,,,,,,,,,,,,,,,,,,,,,,,,,,,,,,,,,,237.72259712219238,False
1737650528.8255835,2025-01-23 17:42:08,OTHER,PAUSE,,,,,,,,,,,,,,,,,,,,,,,,,,,,,,,,,,,,,,,237.81160235404968,False
1737650528.963591,2025-01-23 17:42:08,OTHER,PAUSE,,,,,,,,,,,,,,,,,,,,,,,,,,,,,,,,,,,,,,,237.9496099948883,False
1737650529.0635967,2025-01-23 17:42:09,OTHER,PAUSE,,,,,,,,,,,,,,,,,,,,,,,,,,,,,,,,,,,,,,,238.04961562156677,False
1737650529.1636026,2025-01-23 17:42:09,OTHER,PAUSE,,,,,,,,,,,,,,,,,,,,,,,,,,,,,,,,,,,,,,,238.14962148666382,False
1737650529.259608,2025-01-23 17:42:09,OTHER,PAUSE,,,,,,,,,,,,,,,,,,,,,,,,,,,,,,,,,,,,,,,238.24562692642212,False
1737650529.348613,2025-01-23 17:42:09,OTHER,PAUSE,,,,,,,,,,,,,,,,,,,,,,,,,,,,,,,,,,,,,,,238.33463191986084,False
1737650529.4566195,2025-01-23 17:42:09,OTHER,PAUSE,,,,,,,,,,,,,,,,,,,,,,,,,,,,,,,,,,,,,,,238.4426383972168,False
1737650529.5536249,2025-01-23 17:42:09,OTHER,PAUSE,,,,,,,,,,,,,,,,,,,,,,,,,,,,,,,,,,,,,,,238.53964376449585,False
1737650529.6556308,2025-01-23 17:42:09,OTHER,PAUSE,,,,,,,,,,,,,,,,,,,,,,,,,,,,,,,,,,,,,,,238.64164972305298,False
1737650529.747636,2025-01-23 17:42:09,OTHER,PAUSE,,,,,,,,,,,,,,,,,,,,,,,,,,,,,,,,,,,,,,,238.7336549758911,False
1737650529.8446414,2025-01-23 17:42:09,OTHER,PAUSE,,,,,,,,,,,,,,,,,,,,,,,,,,,,,,,,,,,,,,,238.83066034317017,False
1737650529.9436471,2025-01-23 17:42:09,OTHER,PAUSE,,,,,,,,,,,,,,,,,,,,,,,,,,,,,,,,,,,,,,,238.92966604232788,False
1737650530.060654,2025-01-23 17:42:10,OTHER,PAUSE,,,,,,,,,,,,,,,,,,,,,,,,,,,,,,,,,,,,,,,239.04667282104492,False
1737650530.1726606,2025-01-23 17:42:10,OTHER,PAUSE,,,,,,,,,,,,,,,,,,,,,,,,,,,,,,,,,,,,,,,239.15867948532104,False
1737650530.2666657,2025-01-23 17:42:10,OTHER,PAUSE,,,,,,,,,,,,,,,,,,,,,,,,,,,,,,,,,,,,,,,239.25268459320068,False
1737650530.371672,2025-01-23 17:42:10,OTHER,PAUSE,,,,,,,,,,,,,,,,,,,,,,,,,,,,,,,,,,,,,,,239.35769081115723,False
1737650530.4696772,2025-01-23 17:42:10,OTHER,PAUSE,,,,,,,,,,,,,,,,,,,,,,,,,,,,,,,,,,,,,,,239.45569610595703,False
1737650530.5876842,2025-01-23 17:42:10,OTHER,PAUSE,,,,,,,,,,,,,,,,,,,,,,,,,,,,,,,,,,,,,,,239.5737030506134,False
1737650530.6876898,2025-01-23 17:42:10,OTHER,PAUSE,,,,,,,,,,,,,,,,,,,,,,,,,,,,,,,,,,,,,,,239.67370867729187,False
1737650530.7846954,2025-01-23 17:42:10,OTHER,PAUSE,,,,,,,,,,,,,,,,,,,,,,,,,,,,,,,,,,,,,,,239.7707142829895,False
1737650530.883701,2025-01-23 17:42:10,OTHER,PAUSE,,,,,,,,,,,,,,,,,,,,,,,,,,,,,,,,,,,,,,,239.86971998214722,False
1737650530.9827068,2025-01-23 17:42:10,OTHER,PAUSE,,,,,,,,,,,,,,,,,,,,,,,,,,,,,,,,,,,,,,,239.96872568130493,False
1737650531.0837126,2025-01-23 17:42:11,OTHER,PAUSE,,,,,,,,,,,,,,,,,,,,,,,,,,,,,,,,,,,,,,,240.06973147392273,False
1737650531.2047193,2025-01-23 17:42:11,OTHER,PAUSE,,,,,,,,,,,,,,,,,,,,,,,,,,,,,,,,,,,,,,,240.19073820114136,False
1737650531.302725,2025-01-23 17:42:11,OTHER,PAUSE,,,,,,,,,,,,,,,,,,,,,,,,,,,,,,,,,,,,,,,240.28874397277832,False
1737650531.3937304,2025-01-23 17:42:11,OTHER,PAUSE,,,,,,,,,,,,,,,,,,,,,,,,,,,,,,,,,,,,,,,240.3797492980957,False
1737650531.4887354,2025-01-23 17:42:11,OTHER,PAUSE,,,,,,,,,,,,,,,,,,,,,,,,,,,,,,,,,,,,,,,240.4747543334961,False
1737650531.5857413,2025-01-23 17:42:11,OTHER,PAUSE,,,,,,,,,,,,,,,,,,,,,,,,,,,,,,,,,,,,,,,240.5717601776123,False
1737650531.6827466,2025-01-23 17:42:11,OTHER,PAUSE,,,,,,,,,,,,,,,,,,,,,,,,,,,,,,,,,,,,,,,240.66876554489136,False
1737650531.7937531,2025-01-23 17:42:11,OTHER,PAUSE,,,,,,,,,,,,,,,,,,,,,,,,,,,,,,,,,,,,,,,240.77977204322815,False
1737650531.8887584,2025-01-23 17:42:11,OTHER,PAUSE,,,,,,,,,,,,,,,,,,,,,,,,,,,,,,,,,,,,,,,240.87477731704712,False
1737650531.988764,2025-01-23 17:42:11,OTHER,PAUSE,,,,,,,,,,,,,,,,,,,,,,,,,,,,,,,,,,,,,,,240.9747829437256,False
1737650532.0867698,2025-01-23 17:42:12,OTHER,PAUSE,,,,,,,,,,,,,,,,,,,,,,,,,,,,,,,,,,,,,,,241.07278871536255,False
1737650532.194776,2025-01-23 17:42:12,OTHER,PAUSE,,,,,,,,,,,,,,,,,,,,,,,,,,,,,,,,,,,,,,,241.18079495429993,False
1737650532.2947817,2025-01-23 17:42:12,OTHER,PAUSE,,,,,,,,,,,,,,,,,,,,,,,,,,,,,,,,,,,,,,,241.2808005809784,False
1737650532.3987875,2025-01-23 17:42:12,OTHER,PAUSE,,,,,,,,,,,,,,,,,,,,,,,,,,,,,,,,,,,,,,,241.38480639457703,False
1737650532.4977932,2025-01-23 17:42:12,OTHER,PAUSE,,,,,,,,,,,,,,,,,,,,,,,,,,,,,,,,,,,,,,,241.48381209373474,False
1737650532.5877986,2025-01-23 17:42:12,OTHER,PAUSE,,,,,,,,,,,,,,,,,,,,,,,,,,,,,,,,,,,,,,,241.57381749153137,False
1737650532.6798038,2025-01-23 17:42:12,OTHER,PAUSE,,,,,,,,,,,,,,,,,,,,,,,,,,,,,,,,,,,,,,,241.6658227443695,False
1737650532.7808094,2025-01-23 17:42:12,OTHER,PAUSE,,,,,,,,,,,,,,,,,,,,,,,,,,,,,,,,,,,,,,,241.76682829856873,False
1737650532.8838155,2025-01-23 17:42:12,OTHER,PAUSE,,,,,,,,,,,,,,,,,,,,,,,,,,,,,,,,,,,,,,,241.86983442306519,False
1737650532.9868214,2025-01-23 17:42:12,OTHER,PAUSE,,,,,,,,,,,,,,,,,,,,,,,,,,,,,,,,,,,,,,,241.97284030914307,False
1737650533.086827,2025-01-23 17:42:13,OTHER,PAUSE,,,,,,,,,,,,,,,,,,,,,,,,,,,,,,,,,,,,,,,242.07284593582153,False
1737650533.189833,2025-01-23 17:42:13,OTHER,PAUSE,,,,,,,,,,,,,,,,,,,,,,,,,,,,,,,,,,,,,,,242.1758518218994,False
1737650533.2888386,2025-01-23 17:42:13,OTHER,PAUSE,,,,,,,,,,,,,,,,,,,,,,,,,,,,,,,,,,,,,,,242.27485752105713,False
1737650533.3838441,2025-01-23 17:42:13,OTHER,PAUSE,,,,,,,,,,,,,,,,,,,,,,,,,,,,,,,,,,,,,,,242.36986303329468,False
1737650533.5048509,2025-01-23 17:42:13,OTHER,PAUSE,,,,,,,,,,,,,,,,,,,,,,,,,,,,,,,,,,,,,,,242.4908697605133,False
1737650533.6158574,2025-01-23 17:42:13,OTHER,PAUSE,,,,,,,,,,,,,,,,,,,,,,,,,,,,,,,,,,,,,,,242.6018762588501,False
1737650533.7228634,2025-01-23 17:42:13,OTHER,PAUSE,,,,,,,,,,,,,,,,,,,,,,,,,,,,,,,,,,,,,,,242.70888233184814,False
1737650533.8208692,2025-01-23 17:42:13,OTHER,PAUSE,,,,,,,,,,,,,,,,,,,,,,,,,,,,,,,,,,,,,,,242.8068881034851,False
1737650533.9118743,2025-01-23 17:42:13,OTHER,PAUSE,,,,,,,,,,,,,,,,,,,,,,,,,,,,,,,,,,,,,,,242.8978931903839,False
1737650534.0198805,2025-01-23 17:42:14,OTHER,PAUSE,,,,,,,,,,,,,,,,,,,,,,,,,,,,,,,,,,,,,,,243.0058994293213,False
1737650534.117886,2025-01-23 17:42:14,OTHER,PAUSE,,,,,,,,,,,,,,,,,,,,,,,,,,,,,,,,,,,,,,,243.10390496253967,False
1737650534.2148914,2025-01-23 17:42:14,OTHER,PAUSE,,,,,,,,,,,,,,,,,,,,,,,,,,,,,,,,,,,,,,,243.20091032981873,False
1737650534.3198977,2025-01-23 17:42:14,OTHER,PAUSE,,,,,,,,,,,,,,,,,,,,,,,,,,,,,,,,,,,,,,,243.30591654777527,False
1737650534.4119027,2025-01-23 17:42:14,OTHER,PAUSE,,,,,,,,,,,,,,,,,,,,,,,,,,,,,,,,,,,,,,,243.39792156219482,False
1737650534.5149088,2025-01-23 17:42:14,OTHER,PAUSE,,,,,,,,,,,,,,,,,,,,,,,,,,,,,,,,,,,,,,,243.50092768669128,False
1737650534.6319156,2025-01-23 17:42:14,OTHER,PAUSE,,,,,,,,,,,,,,,,,,,,,,,,,,,,,,,,,,,,,,,243.61793446540833,False
1737650534.7319212,2025-01-23 17:42:14,OTHER,PAUSE,,,,,,,,,,,,,,,,,,,,,,,,,,,,,,,,,,,,,,,243.7179400920868,False
1737650534.832927,2025-01-23 17:42:14,OTHER,PAUSE,,,,,,,,,,,,,,,,,,,,,,,,,,,,,,,,,,,,,,,243.8189458847046,False
1737650534.9269323,2025-01-23 17:42:14,OTHER,PAUSE,,,,,,,,,,,,,,,,,,,,,,,,,,,,,,,,,,,,,,,243.9129512310028,False
1737650535.0169375,2025-01-23 17:42:15,OTHER,PAUSE,,,,,,,,,,,,,,,,,,,,,,,,,,,,,,,,,,,,,,,244.00295639038086,False
1737650535.1079426,2025-01-23 17:42:15,OTHER,PAUSE,,,,,,,,,,,,,,,,,,,,,,,,,,,,,,,,,,,,,,,244.09396147727966,False
1737650535.221949,2025-01-23 17:42:15,OTHER,PAUSE,,,,,,,,,,,,,,,,,,,,,,,,,,,,,,,,,,,,,,,244.2079679965973,False
1737650535.3189547,2025-01-23 17:42:15,OTHER,PAUSE,,,,,,,,,,,,,,,,,,,,,,,,,,,,,,,,,,,,,,,244.30497360229492,False
1737650535.4219606,2025-01-23 17:42:15,OTHER,PAUSE,,,,,,,,,,,,,,,,,,,,,,,,,,,,,,,,,,,,,,,244.4079794883728,False
1737650535.514966,2025-01-23 17:42:15,OTHER,PAUSE,,,,,,,,,,,,,,,,,,,,,,,,,,,,,,,,,,,,,,,244.50098490715027,False
1737650535.6119716,2025-01-23 17:42:15,OTHER,PAUSE,,,,,,,,,,,,,,,,,,,,,,,,,,,,,,,,,,,,,,,244.5979905128479,False
1737650535.7169774,2025-01-23 17:42:15,OTHER,PAUSE,,,,,,,,,,,,,,,,,,,,,,,,,,,,,,,,,,,,,,,244.70299625396729,False
1737650535.8089828,2025-01-23 17:42:15,OTHER,PAUSE,,,,,,,,,,,,,,,,,,,,,,,,,,,,,,,,,,,,,,,244.795001745224,False
1737650535.9099886,2025-01-23 17:42:15,OTHER,PAUSE,,,,,,,,,,,,,,,,,,,,,,,,,,,,,,,,,,,,,,,244.8960075378418,False
1737650536.0089943,2025-01-23 17:42:16,OTHER,PAUSE,,,,,,,,,,,,,,,,,,,,,,,,,,,,,,,,,,,,,,,244.9950132369995,False
1737650536.112,2025-01-23 17:42:16,OTHER,PAUSE,,,,,,,,,,,,,,,,,,,,,,,,,,,,,,,,,,,,,,,245.0980188846588,False
1737650536.2040055,2025-01-23 17:42:16,OTHER,PAUSE,,,,,,,,,,,,,,,,,,,,,,,,,,,,,,,,,,,,,,,245.19002437591553,False
1737650536.3150115,2025-01-23 17:42:16,OTHER,PAUSE,,,,,,,,,,,,,,,,,,,,,,,,,,,,,,,,,,,,,,,245.30103039741516,False
1737650536.4170177,2025-01-23 17:42:16,OTHER,PAUSE,,,,,,,,,,,,,,,,,,,,,,,,,,,,,,,,,,,,,,,245.40303659439087,False
1737650536.5220234,2025-01-23 17:42:16,OTHER,PAUSE,,,,,,,,,,,,,,,,,,,,,,,,,,,,,,,,,,,,,,,245.50804233551025,False
1737650536.6130285,2025-01-23 17:42:16,OTHER,PAUSE,,,,,,,,,,,,,,,,,,,,,,,,,,,,,,,,,,,,,,,245.59904742240906,False
1737650536.7100341,2025-01-23 17:42:16,OTHER,PAUSE,,,,,,,,,,,,,,,,,,,,,,,,,,,,,,,,,,,,,,,245.6960530281067,False
1737650536.81004,2025-01-23 17:42:16,OTHER,PAUSE,,,,,,,,,,,,,,,,,,,,,,,,,,,,,,,,,,,,,,,245.79605889320374,False
1737650536.9370472,2025-01-23 17:42:16,OTHER,PAUSE,,,,,,,,,,,,,,,,,,,,,,,,,,,,,,,,,,,,,,,245.9230661392212,False
1737650537.0310526,2025-01-23 17:42:17,OTHER,PAUSE,,,,,,,,,,,,,,,,,,,,,,,,,,,,,,,,,,,,,,,246.0170714855194,False
1737650537.1380587,2025-01-23 17:42:17,OTHER,PAUSE,,,,,,,,,,,,,,,,,,,,,,,,,,,,,,,,,,,,,,,246.12407755851746,False
1737650537.2410648,2025-01-23 17:42:17,OTHER,PAUSE,,,,,,,,,,,,,,,,,,,,,,,,,,,,,,,,,,,,,,,246.22708368301392,False
1737650537.3380702,2025-01-23 17:42:17,OTHER,PAUSE,,,,,,,,,,,,,,,,,,,,,,,,,,,,,,,,,,,,,,,246.32408905029297,False
1737650537.454077,2025-01-23 17:42:17,OTHER,PAUSE,,,,,,,,,,,,,,,,,,,,,,,,,,,,,,,,,,,,,,,246.44009590148926,False
1737650537.5510826,2025-01-23 17:42:17,OTHER,PAUSE,,,,,,,,,,,,,,,,,,,,,,,,,,,,,,,,,,,,,,,246.5371015071869,False
1737650537.6530883,2025-01-23 17:42:17,OTHER,PAUSE,,,,,,,,,,,,,,,,,,,,,,,,,,,,,,,,,,,,,,,246.63910722732544,False
1737650537.7490935,2025-01-23 17:42:17,OTHER,PAUSE,,,,,,,,,,,,,,,,,,,,,,,,,,,,,,,,,,,,,,,246.73511242866516,False
1737650537.8470993,2025-01-23 17:42:17,OTHER,PAUSE,,,,,,,,,,,,,,,,,,,,,,,,,,,,,,,,,,,,,,,246.83311820030212,False
1737650537.9431047,2025-01-23 17:42:17,OTHER,PAUSE,,,,,,,,,,,,,,,,,,,,,,,,,,,,,,,,,,,,,,,246.92912364006042,False
1737650538.0571113,2025-01-23 17:42:18,OTHER,PAUSE,,,,,,,,,,,,,,,,,,,,,,,,,,,,,,,,,,,,,,,247.04313015937805,False
1737650538.161117,2025-01-23 17:42:18,OTHER,PAUSE,,,,,,,,,,,,,,,,,,,,,,,,,,,,,,,,,,,,,,,247.14713597297668,False
1737650538.2671232,2025-01-23 17:42:18,OTHER,PAUSE,,,,,,,,,,,,,,,,,,,,,,,,,,,,,,,,,,,,,,,247.25314211845398,False
1737650538.3601289,2025-01-23 17:42:18,OTHER,PAUSE,,,,,,,,,,,,,,,,,,,,,,,,,,,,,,,,,,,,,,,247.34614777565002,False
1737650538.453134,2025-01-23 17:42:18,OTHER,PAUSE,,,,,,,,,,,,,,,,,,,,,,,,,,,,,,,,,,,,,,,247.4391529560089,False
1737650538.5591402,2025-01-23 17:42:18,OTHER,PAUSE,,,,,,,,,,,,,,,,,,,,,,,,,,,,,,,,,,,,,,,247.5451591014862,False
1737650538.6621459,2025-01-23 17:42:18,OTHER,PAUSE,,,,,,,,,,,,,,,,,,,,,,,,,,,,,,,,,,,,,,,247.6481647491455,False
1737650538.7611516,2025-01-23 17:42:18,OTHER,PAUSE,,,,,,,,,,,,,,,,,,,,,,,,,,,,,,,,,,,,,,,247.74717044830322,False
1737650538.8651574,2025-01-23 17:42:18,OTHER,PAUSE,,,,,,,,,,,,,,,,,,,,,,,,,,,,,,,,,,,,,,,247.85117626190186,False
1737650538.964163,2025-01-23 17:42:18,OTHER,PAUSE,,,,,,,,,,,,,,,,,,,,,,,,,,,,,,,,,,,,,,,247.95018196105957,False
1737650539.063169,2025-01-23 17:42:19,OTHER,PAUSE,,,,,,,,,,,,,,,,,,,,,,,,,,,,,,,,,,,,,,,248.04918789863586,False
1737650539.1831756,2025-01-23 17:42:19,OTHER,PAUSE,,,,,,,,,,,,,,,,,,,,,,,,,,,,,,,,,,,,,,,248.16919445991516,False
1737650539.2841816,2025-01-23 17:42:19,OTHER,PAUSE,,,,,,,,,,,,,,,,,,,,,,,,,,,,,,,,,,,,,,,248.27020049095154,False
1737650539.3771868,2025-01-23 17:42:19,OTHER,PAUSE,,,,,,,,,,,,,,,,,,,,,,,,,,,,,,,,,,,,,,,248.36320567131042,False
1737650539.468192,2025-01-23 17:42:19,OTHER,PAUSE,,,,,,,,,,,,,,,,,,,,,,,,,,,,,,,,,,,,,,,248.4542109966278,False
1737650539.569198,2025-01-23 17:42:19,OTHER,PAUSE,,,,,,,,,,,,,,,,,,,,,,,,,,,,,,,,,,,,,,,248.5552167892456,False
1737650539.6832044,2025-01-23 17:42:19,OTHER,PAUSE,,,,,,,,,,,,,,,,,,,,,,,,,,,,,,,,,,,,,,,248.66922330856323,False
1737650539.78221,2025-01-23 17:42:19,OTHER,PAUSE,,,,,,,,,,,,,,,,,,,,,,,,,,,,,,,,,,,,,,,248.76822900772095,False
1737650539.886216,2025-01-23 17:42:19,OTHER,PAUSE,,,,,,,,,,,,,,,,,,,,,,,,,,,,,,,,,,,,,,,248.87223482131958,False
1737650539.9932222,2025-01-23 17:42:19,OTHER,PAUSE,,,,,,,,,,,,,,,,,,,,,,,,,,,,,,,,,,,,,,,248.9792411327362,False
1737650540.0832272,2025-01-23 17:42:20,OTHER,PAUSE,,,,,,,,,,,,,,,,,,,,,,,,,,,,,,,,,,,,,,,249.06924605369568,False
1737650540.2062342,2025-01-23 17:42:20,OTHER,PAUSE,,,,,,,,,,,,,,,,,,,,,,,,,,,,,,,,,,,,,,,249.19225311279297,False
1737650540.3102403,2025-01-23 17:42:20,OTHER,PAUSE,,,,,,,,,,,,,,,,,,,,,,,,,,,,,,,,,,,,,,,249.29625916481018,False
1737650540.4212465,2025-01-23 17:42:20,OTHER,PAUSE,,,,,,,,,,,,,,,,,,,,,,,,,,,,,,,,,,,,,,,249.4072654247284,False
1737650540.5292525,2025-01-23 17:42:20,OTHER,PAUSE,,,,,,,,,,,,,,,,,,,,,,,,,,,,,,,,,,,,,,,249.5152714252472,False
1737650540.6262581,2025-01-23 17:42:20,OTHER,PAUSE,,,,,,,,,,,,,,,,,,,,,,,,,,,,,,,,,,,,,,,249.61227703094482,False
1737650540.726264,2025-01-23 17:42:20,OTHER,PAUSE,,,,,,,,,,,,,,,,,,,,,,,,,,,,,,,,,,,,,,,249.71228289604187,False
1737650540.8402705,2025-01-23 17:42:20,OTHER,PAUSE,,,,,,,,,,,,,,,,,,,,,,,,,,,,,,,,,,,,,,,249.8262894153595,False
1737650540.9452765,2025-01-23 17:42:20,OTHER,PAUSE,,,,,,,,,,,,,,,,,,,,,,,,,,,,,,,,,,,,,,,249.93129539489746,False
1737650541.0422819,2025-01-23 17:42:21,OTHER,PAUSE,,,,,,,,,,,,,,,,,,,,,,,,,,,,,,,,,,,,,,,250.0283007621765,False
1737650541.1462882,2025-01-23 17:42:21,OTHER,PAUSE,,,,,,,,,,,,,,,,,,,,,,,,,,,,,,,,,,,,,,,250.1323070526123,False
1737650541.2382932,2025-01-23 17:42:21,OTHER,PAUSE,,,,,,,,,,,,,,,,,,,,,,,,,,,,,,,,,,,,,,,250.22431206703186,False
1737650541.3573003,2025-01-23 17:42:21,OTHER,PAUSE,,,,,,,,,,,,,,,,,,,,,,,,,,,,,,,,,,,,,,,250.34331917762756,False
1737650541.462306,2025-01-23 17:42:21,OTHER,PAUSE,,,,,,,,,,,,,,,,,,,,,,,,,,,,,,,,,,,,,,,250.44832491874695,False
1737650541.5643117,2025-01-23 17:42:21,OTHER,PAUSE,,,,,,,,,,,,,,,,,,,,,,,,,,,,,,,,,,,,,,,250.5503306388855,False
1737650541.6673179,2025-01-23 17:42:21,OTHER,PAUSE,,,,,,,,,,,,,,,,,,,,,,,,,,,,,,,,,,,,,,,250.65333676338196,False
1737650541.7613232,2025-01-23 17:42:21,OTHER,PAUSE,,,,,,,,,,,,,,,,,,,,,,,,,,,,,,,,,,,,,,,250.74734210968018,False
1737650541.8533285,2025-01-23 17:42:21,OTHER,PAUSE,,,,,,,,,,,,,,,,,,,,,,,,,,,,,,,,,,,,,,,250.8393473625183,False
1737650541.9683352,2025-01-23 17:42:21,OTHER,PAUSE,,,,,,,,,,,,,,,,,,,,,,,,,,,,,,,,,,,,,,,250.95435404777527,False
1737650542.077341,2025-01-23 17:42:22,OTHER,PAUSE,,,,,,,,,,,,,,,,,,,,,,,,,,,,,,,,,,,,,,,251.06335997581482,False
1737650542.1853473,2025-01-23 17:42:22,OTHER,PAUSE,,,,,,,,,,,,,,,,,,,,,,,,,,,,,,,,,,,,,,,251.1713662147522,False
1737650542.284353,2025-01-23 17:42:22,OTHER,PAUSE,,,,,,,,,,,,,,,,,,,,,,,,,,,,,,,,,,,,,,,251.2703719139099,False
1737650542.3833587,2025-01-23 17:42:22,OTHER,PAUSE,,,,,,,,,,,,,,,,,,,,,,,,,,,,,,,,,,,,,,,251.36937761306763,False
1737650542.5013654,2025-01-23 17:42:22,OTHER,PAUSE,,,,,,,,,,,,,,,,,,,,,,,,,,,,,,,,,,,,,,,251.48738431930542,False
1737650542.6073716,2025-01-23 17:42:22,OTHER,PAUSE,,,,,,,,,,,,,,,,,,,,,,,,,,,,,,,,,,,,,,,251.59339046478271,False
1737650542.7083774,2025-01-23 17:42:22,OTHER,PAUSE,,,,,,,,,,,,,,,,,,,,,,,,,,,,,,,,,,,,,,,251.6943962574005,False
1737650542.8033829,2025-01-23 17:42:22,OTHER,PAUSE,,,,,,,,,,,,,,,,,,,,,,,,,,,,,,,,,,,,,,,251.78940176963806,False
1737650542.9083889,2025-01-23 17:42:22,OTHER,PAUSE,,,,,,,,,,,,,,,,,,,,,,,,,,,,,,,,,,,,,,,251.89440774917603,False
1737650543.017395,2025-01-23 17:42:23,OTHER,PAUSE,,,,,,,,,,,,,,,,,,,,,,,,,,,,,,,,,,,,,,,252.00341391563416,False
1737650543.1494026,2025-01-23 17:42:23,OTHER,PAUSE,,,,,,,,,,,,,,,,,,,,,,,,,,,,,,,,,,,,,,,252.1354215145111,False
1737650543.2634091,2025-01-23 17:42:23,OTHER,PAUSE,,,,,,,,,,,,,,,,,,,,,,,,,,,,,,,,,,,,,,,252.24942803382874,False
1737650543.3854163,2025-01-23 17:42:23,OTHER,PAUSE,,,,,,,,,,,,,,,,,,,,,,,,,,,,,,,,,,,,,,,252.37143516540527,False
1737650543.5214238,2025-01-23 17:42:23,OTHER,PAUSE,,,,,,,,,,,,,,,,,,,,,,,,,,,,,,,,,,,,,,,252.5074427127838,False
1737650543.6744325,2025-01-23 17:42:23,OTHER,PAUSE,,,,,,,,,,,,,,,,,,,,,,,,,,,,,,,,,,,,,,,252.66045141220093,False
1737650543.7974396,2025-01-23 17:42:23,OTHER,PAUSE,,,,,,,,,,,,,,,,,,,,,,,,,,,,,,,,,,,,,,,252.78345847129822,False
1737650543.9354475,2025-01-23 17:42:23,OTHER,PAUSE,,,,,,,,,,,,,,,,,,,,,,,,,,,,,,,,,,,,,,,252.92146635055542,False
1737650544.0454538,2025-01-23 17:42:24,OTHER,PAUSE,,,,,,,,,,,,,,,,,,,,,,,,,,,,,,,,,,,,,,,253.03147268295288,False
1737650544.1404593,2025-01-23 17:42:24,OTHER,PAUSE,,,,,,,,,,,,,,,,,,,,,,,,,,,,,,,,,,,,,,,253.12647819519043,False
1737650544.259466,2025-01-23 17:42:24,OTHER,PAUSE,,,,,,,,,,,,,,,,,,,,,,,,,,,,,,,,,,,,,,,253.24548482894897,False
1737650544.3754725,2025-01-23 17:42:24,OTHER,PAUSE,,,,,,,,,,,,,,,,,,,,,,,,,,,,,,,,,,,,,,,253.36149144172668,False
1737650544.4824789,2025-01-23 17:42:24,OTHER,PAUSE,,,,,,,,,,,,,,,,,,,,,,,,,,,,,,,,,,,,,,,253.4684977531433,False
1737650544.5774844,2025-01-23 17:42:24,OTHER,PAUSE,,,,,,,,,,,,,,,,,,,,,,,,,,,,,,,,,,,,,,,253.56350326538086,False
1737650544.6804903,2025-01-23 17:42:24,OTHER,PAUSE,,,,,,,,,,,,,,,,,,,,,,,,,,,,,,,,,,,,,,,253.66650915145874,False
1737650544.7924967,2025-01-23 17:42:24,OTHER,PAUSE,,,,,,,,,,,,,,,,,,,,,,,,,,,,,,,,,,,,,,,253.77851557731628,False
1737650544.8965025,2025-01-23 17:42:24,OTHER,PAUSE,,,,,,,,,,,,,,,,,,,,,,,,,,,,,,,,,,,,,,,253.88252139091492,False
1737650544.994508,2025-01-23 17:42:24,OTHER,PAUSE,,,,,,,,,,,,,,,,,,,,,,,,,,,,,,,,,,,,,,,253.9805269241333,False
1737650545.1025143,2025-01-23 17:42:25,OTHER,PAUSE,,,,,,,,,,,,,,,,,,,,,,,,,,,,,,,,,,,,,,,254.08853316307068,False
1737650545.20052,2025-01-23 17:42:25,OTHER,PAUSE,,,,,,,,,,,,,,,,,,,,,,,,,,,,,,,,,,,,,,,254.18653893470764,False
1737650545.3005257,2025-01-23 17:42:25,OTHER,PAUSE,,,,,,,,,,,,,,,,,,,,,,,,,,,,,,,,,,,,,,,254.2865445613861,False
1737650545.4165323,2025-01-23 17:42:25,OTHER,PAUSE,,,,,,,,,,,,,,,,,,,,,,,,,,,,,,,,,,,,,,,254.40255117416382,False
1737650545.515538,2025-01-23 17:42:25,OTHER,PAUSE,,,,,,,,,,,,,,,,,,,,,,,,,,,,,,,,,,,,,,,254.50155687332153,False
1737650545.6095433,2025-01-23 17:42:25,OTHER,PAUSE,,,,,,,,,,,,,,,,,,,,,,,,,,,,,,,,,,,,,,,254.59556221961975,False
1737650545.7075489,2025-01-23 17:42:25,OTHER,PAUSE,,,,,,,,,,,,,,,,,,,,,,,,,,,,,,,,,,,,,,,254.69356775283813,False
1737650545.8015542,2025-01-23 17:42:25,OTHER,PAUSE,,,,,,,,,,,,,,,,,,,,,,,,,,,,,,,,,,,,,,,254.78757309913635,False
1737650545.8935595,2025-01-23 17:42:25,OTHER,PAUSE,,,,,,,,,,,,,,,,,,,,,,,,,,,,,,,,,,,,,,,254.8795783519745,False
1737650546.0025659,2025-01-23 17:42:26,OTHER,PAUSE,,,,,,,,,,,,,,,,,,,,,,,,,,,,,,,,,,,,,,,254.9885847568512,False
1737650546.1035714,2025-01-23 17:42:26,OTHER,PAUSE,,,,,,,,,,,,,,,,,,,,,,,,,,,,,,,,,,,,,,,255.08959031105042,False
1737650546.2085776,2025-01-23 17:42:26,OTHER,PAUSE,,,,,,,,,,,,,,,,,,,,,,,,,,,,,,,,,,,,,,,255.19459652900696,False
1737650546.3275845,2025-01-23 17:42:26,OTHER,PAUSE,,,,,,,,,,,,,,,,,,,,,,,,,,,,,,,,,,,,,,,255.31360340118408,False
1737650546.4465911,2025-01-23 17:42:26,OTHER,PAUSE,,,,,,,,,,,,,,,,,,,,,,,,,,,,,,,,,,,,,,,255.43261003494263,False
1737650546.5725982,2025-01-23 17:42:26,OTHER,PAUSE,,,,,,,,,,,,,,,,,,,,,,,,,,,,,,,,,,,,,,,255.55861711502075,False
1737650546.6636038,2025-01-23 17:42:26,OTHER,PAUSE,,,,,,,,,,,,,,,,,,,,,,,,,,,,,,,,,,,,,,,255.6496226787567,False
1737650546.7646093,2025-01-23 17:42:26,OTHER,PAUSE,,,,,,,,,,,,,,,,,,,,,,,,,,,,,,,,,,,,,,,255.75062823295593,False
1737650546.8596146,2025-01-23 17:42:26,OTHER,PAUSE,,,,,,,,,,,,,,,,,,,,,,,,,,,,,,,,,,,,,,,255.8456335067749,False
1737650546.9486198,2025-01-23 17:42:26,OTHER,PAUSE,,,,,,,,,,,,,,,,,,,,,,,,,,,,,,,,,,,,,,,255.9346387386322,False
1737650547.056626,2025-01-23 17:42:27,OTHER,PAUSE,,,,,,,,,,,,,,,,,,,,,,,,,,,,,,,,,,,,,,,256.0426449775696,False
1737650547.1606321,2025-01-23 17:42:27,OTHER,PAUSE,,,,,,,,,,,,,,,,,,,,,,,,,,,,,,,,,,,,,,,256.1466510295868,False
1737650547.2656379,2025-01-23 17:42:27,OTHER,PAUSE,,,,,,,,,,,,,,,,,,,,,,,,,,,,,,,,,,,,,,,256.2516567707062,False
1737650547.3766444,2025-01-23 17:42:27,OTHER,PAUSE,,,,,,,,,,,,,,,,,,,,,,,,,,,,,,,,,,,,,,,256.36266326904297,False
1737650547.4826503,2025-01-23 17:42:27,OTHER,PAUSE,,,,,,,,,,,,,,,,,,,,,,,,,,,,,,,,,,,,,,,256.4686691761017,False
1737650547.579656,2025-01-23 17:42:27,OTHER,PAUSE,,,,,,,,,,,,,,,,,,,,,,,,,,,,,,,,,,,,,,,256.5656747817993,False
1737650547.6866622,2025-01-23 17:42:27,OTHER,PAUSE,,,,,,,,,,,,,,,,,,,,,,,,,,,,,,,,,,,,,,,256.67268109321594,False
1737650547.7976685,2025-01-23 17:42:27,OTHER,PAUSE,,,,,,,,,,,,,,,,,,,,,,,,,,,,,,,,,,,,,,,256.78368735313416,False
1737650547.8996744,2025-01-23 17:42:27,OTHER,PAUSE,,,,,,,,,,,,,,,,,,,,,,,,,,,,,,,,,,,,,,,256.8856933116913,False
1737650547.9916794,2025-01-23 17:42:27,OTHER,PAUSE,,,,,,,,,,,,,,,,,,,,,,,,,,,,,,,,,,,,,,,256.97769832611084,False
1737650548.0816848,2025-01-23 17:42:28,OTHER,PAUSE,,,,,,,,,,,,,,,,,,,,,,,,,,,,,,,,,,,,,,,257.06770372390747,False
1737650548.2006915,2025-01-23 17:42:28,OTHER,PAUSE,,,,,,,,,,,,,,,,,,,,,,,,,,,,,,,,,,,,,,,257.186710357666,False
1737650548.3066978,2025-01-23 17:42:28,OTHER,PAUSE,,,,,,,,,,,,,,,,,,,,,,,,,,,,,,,,,,,,,,,257.2927167415619,False
1737650548.4177039,2025-01-23 17:42:28,OTHER,PAUSE,,,,,,,,,,,,,,,,,,,,,,,,,,,,,,,,,,,,,,,257.4037227630615,False
1737650548.52671,2025-01-23 17:42:28,OTHER,PAUSE,,,,,,,,,,,,,,,,,,,,,,,,,,,,,,,,,,,,,,,257.51272892951965,False
1737650548.6197157,2025-01-23 17:42:28,OTHER,PAUSE,,,,,,,,,,,,,,,,,,,,,,,,,,,,,,,,,,,,,,,257.6057345867157,False
1737650548.7327218,2025-01-23 17:42:28,OTHER,PAUSE,,,,,,,,,,,,,,,,,,,,,,,,,,,,,,,,,,,,,,,257.7187407016754,False
1737650548.8417282,2025-01-23 17:42:28,OTHER,PAUSE,,,,,,,,,,,,,,,,,,,,,,,,,,,,,,,,,,,,,,,257.8277471065521,False
1737650548.9557347,2025-01-23 17:42:28,OTHER,PAUSE,,,,,,,,,,,,,,,,,,,,,,,,,,,,,,,,,,,,,,,257.94175362586975,False
1737650549.0567405,2025-01-23 17:42:29,OTHER,PAUSE,,,,,,,,,,,,,,,,,,,,,,,,,,,,,,,,,,,,,,,258.04275941848755,False
1737650549.149746,2025-01-23 17:42:29,OTHER,PAUSE,,,,,,,,,,,,,,,,,,,,,,,,,,,,,,,,,,,,,,,258.135764837265,False
1737650549.2537518,2025-01-23 17:42:29,OTHER,PAUSE,,,,,,,,,,,,,,,,,,,,,,,,,,,,,,,,,,,,,,,258.23977065086365,False
1737650549.3537574,2025-01-23 17:42:29,OTHER,PAUSE,,,,,,,,,,,,,,,,,,,,,,,,,,,,,,,,,,,,,,,258.3397762775421,False
1737650549.4757645,2025-01-23 17:42:29,OTHER,PAUSE,,,,,,,,,,,,,,,,,,,,,,,,,,,,,,,,,,,,,,,258.46178340911865,False
1737650549.584771,2025-01-23 17:42:29,OTHER,PAUSE,,,,,,,,,,,,,,,,,,,,,,,,,,,,,,,,,,,,,,,258.57078981399536,False
1737650549.676776,2025-01-23 17:42:29,OTHER,PAUSE,,,,,,,,,,,,,,,,,,,,,,,,,,,,,,,,,,,,,,,258.6627948284149,False
1737650549.766781,2025-01-23 17:42:29,OTHER,PAUSE,,,,,,,,,,,,,,,,,,,,,,,,,,,,,,,,,,,,,,,258.75279998779297,False
1737650549.8887882,2025-01-23 17:42:29,OTHER,PAUSE,,,,,,,,,,,,,,,,,,,,,,,,,,,,,,,,,,,,,,,258.8748071193695,False
1737650549.9897938,2025-01-23 17:42:29,OTHER,PAUSE,,,,,,,,,,,,,,,,,,,,,,,,,,,,,,,,,,,,,,,258.9758126735687,False
1737650550.0877993,2025-01-23 17:42:30,OTHER,PAUSE,,,,,,,,,,,,,,,,,,,,,,,,,,,,,,,,,,,,,,,259.0738182067871,False
1737650550.1848052,2025-01-23 17:42:30,OTHER,PAUSE,,,,,,,,,,,,,,,,,,,,,,,,,,,,,,,,,,,,,,,259.1708240509033,False
1737650550.2798102,2025-01-23 17:42:30,OTHER,PAUSE,,,,,,,,,,,,,,,,,,,,,,,,,,,,,,,,,,,,,,,259.2658290863037,False
1737650550.3988173,2025-01-23 17:42:30,OTHER,PAUSE,,,,,,,,,,,,,,,,,,,,,,,,,,,,,,,,,,,,,,,259.3848361968994,False
1737650550.497823,2025-01-23 17:42:30,OTHER,PAUSE,,,,,,,,,,,,,,,,,,,,,,,,,,,,,,,,,,,,,,,259.48384189605713,False
1737650550.6078293,2025-01-23 17:42:30,OTHER,PAUSE,,,,,,,,,,,,,,,,,,,,,,,,,,,,,,,,,,,,,,,259.5938482284546,False
1737650550.7118351,2025-01-23 17:42:30,OTHER,PAUSE,,,,,,,,,,,,,,,,,,,,,,,,,,,,,,,,,,,,,,,259.6978540420532,False
1737650550.8068407,2025-01-23 17:42:30,OTHER,PAUSE,,,,,,,,,,,,,,,,,,,,,,,,,,,,,,,,,,,,,,,259.79285955429077,False
1737650550.902846,2025-01-23 17:42:30,OTHER,PAUSE,,,,,,,,,,,,,,,,,,,,,,,,,,,,,,,,,,,,,,,259.8888649940491,False
1737650551.0138524,2025-01-23 17:42:31,OTHER,PAUSE,,,,,,,,,,,,,,,,,,,,,,,,,,,,,,,,,,,,,,,259.9998712539673,False
1737650551.1258588,2025-01-23 17:42:31,OTHER,PAUSE,,,,,,,,,,,,,,,,,,,,,,,,,,,,,,,,,,,,,,,260.11187767982483,False
1737650551.2188642,2025-01-23 17:42:31,OTHER,PAUSE,,,,,,,,,,,,,,,,,,,,,,,,,,,,,,,,,,,,,,,260.2048830986023,False
1737650551.3118694,2025-01-23 17:42:31,OTHER,PAUSE,,,,,,,,,,,,,,,,,,,,,,,,,,,,,,,,,,,,,,,260.2978882789612,False
1737650551.408875,2025-01-23 17:42:31,OTHER,PAUSE,,,,,,,,,,,,,,,,,,,,,,,,,,,,,,,,,,,,,,,260.3948938846588,False
1737650551.531882,2025-01-23 17:42:31,OTHER,PAUSE,,,,,,,,,,,,,,,,,,,,,,,,,,,,,,,,,,,,,,,260.5179009437561,False
1737650551.639888,2025-01-23 17:42:31,OTHER,PAUSE,,,,,,,,,,,,,,,,,,,,,,,,,,,,,,,,,,,,,,,260.6259069442749,False
1737650551.7388937,2025-01-23 17:42:31,OTHER,PAUSE,,,,,,,,,,,,,,,,,,,,,,,,,,,,,,,,,,,,,,,260.7249126434326,False
1737650551.8418999,2025-01-23 17:42:31,OTHER,PAUSE,,,,,,,,,,,,,,,,,,,,,,,,,,,,,,,,,,,,,,,260.8279187679291,False
1737650551.9419055,2025-01-23 17:42:31,OTHER,PAUSE,,,,,,,,,,,,,,,,,,,,,,,,,,,,,,,,,,,,,,,260.92792439460754,False
1737650552.0679128,2025-01-23 17:42:32,OTHER,PAUSE,,,,,,,,,,,,,,,,,,,,,,,,,,,,,,,,,,,,,,,261.05393171310425,False
1737650552.1899197,2025-01-23 17:42:32,OTHER,PAUSE,,,,,,,,,,,,,,,,,,,,,,,,,,,,,,,,,,,,,,,261.1759386062622,False
1737650552.2899253,2025-01-23 17:42:32,OTHER,PAUSE,,,,,,,,,,,,,,,,,,,,,,,,,,,,,,,,,,,,,,,261.2759442329407,False
1737650552.3949316,2025-01-23 17:42:32,OTHER,PAUSE,,,,,,,,,,,,,,,,,,,,,,,,,,,,,,,,,,,,,,,261.3809504508972,False
1737650552.4989374,2025-01-23 17:42:32,OTHER,PAUSE,,,,,,,,,,,,,,,,,,,,,,,,,,,,,,,,,,,,,,,261.48495626449585,False
1737650552.612944,2025-01-23 17:42:32,OTHER,PAUSE,,,,,,,,,,,,,,,,,,,,,,,,,,,,,,,,,,,,,,,261.5989627838135,False
1737650552.7239501,2025-01-23 17:42:32,OTHER,PAUSE,,,,,,,,,,,,,,,,,,,,,,,,,,,,,,,,,,,,,,,261.7099690437317,False
1737650552.825956,2025-01-23 17:42:32,OTHER,PAUSE,,,,,,,,,,,,,,,,,,,,,,,,,,,,,,,,,,,,,,,261.8119750022888,False
1737650552.931962,2025-01-23 17:42:32,OTHER,PAUSE,,,,,,,,,,,,,,,,,,,,,,,,,,,,,,,,,,,,,,,261.91798090934753,False
1737650553.0319676,2025-01-23 17:42:33,OTHER,PAUSE,,,,,,,,,,,,,,,,,,,,,,,,,,,,,,,,,,,,,,,262.017986536026,False
1737650553.1249733,2025-01-23 17:42:33,OTHER,PAUSE,,,,,,,,,,,,,,,,,,,,,,,,,,,,,,,,,,,,,,,262.11099219322205,False
1737650553.2519803,2025-01-23 17:42:33,OTHER,PAUSE,,,,,,,,,,,,,,,,,,,,,,,,,,,,,,,,,,,,,,,262.2379992008209,False
1737650553.3609867,2025-01-23 17:42:33,OTHER,PAUSE,,,,,,,,,,,,,,,,,,,,,,,,,,,,,,,,,,,,,,,262.34700560569763,False
1737650553.4659927,2025-01-23 17:42:33,OTHER,PAUSE,,,,,,,,,,,,,,,,,,,,,,,,,,,,,,,,,,,,,,,262.4520115852356,False
1737650553.557998,2025-01-23 17:42:33,OTHER,PAUSE,,,,,,,,,,,,,,,,,,,,,,,,,,,,,,,,,,,,,,,262.54401683807373,False
1737650553.662004,2025-01-23 17:42:33,OTHER,PAUSE,,,,,,,,,,,,,,,,,,,,,,,,,,,,,,,,,,,,,,,262.64802289009094,False
1737650553.7870111,2025-01-23 17:42:33,OTHER,PAUSE,,,,,,,,,,,,,,,,,,,,,,,,,,,,,,,,,,,,,,,262.7730300426483,False
1737650553.888017,2025-01-23 17:42:33,OTHER,PAUSE,,,,,,,,,,,,,,,,,,,,,,,,,,,,,,,,,,,,,,,262.8740358352661,False
1737650553.9850223,2025-01-23 17:42:33,OTHER,PAUSE,,,,,,,,,,,,,,,,,,,,,,,,,,,,,,,,,,,,,,,262.97104120254517,False
1737650554.0790277,2025-01-23 17:42:34,OTHER,PAUSE,,,,,,,,,,,,,,,,,,,,,,,,,,,,,,,,,,,,,,,263.0650465488434,False
1737650554.1970346,2025-01-23 17:42:34,OTHER,PAUSE,,,,,,,,,,,,,,,,,,,,,,,,,,,,,,,,,,,,,,,263.18305349349976,False
1737650554.3020406,2025-01-23 17:42:34,OTHER,PAUSE,,,,,,,,,,,,,,,,,,,,,,,,,,,,,,,,,,,,,,,263.2880594730377,False
1737650554.399046,2025-01-23 17:42:34,OTHER,PAUSE,,,,,,,,,,,,,,,,,,,,,,,,,,,,,,,,,,,,,,,263.3850648403168,False
1737650554.4940517,2025-01-23 17:42:34,OTHER,PAUSE,,,,,,,,,,,,,,,,,,,,,,,,,,,,,,,,,,,,,,,263.4800705909729,False
1737650554.592057,2025-01-23 17:42:34,OTHER,PAUSE,,,,,,,,,,,,,,,,,,,,,,,,,,,,,,,,,,,,,,,263.5780758857727,False
1737650554.712064,2025-01-23 17:42:34,OTHER,PAUSE,,,,,,,,,,,,,,,,,,,,,,,,,,,,,,,,,,,,,,,263.69808292388916,False
1737650554.803069,2025-01-23 17:42:34,OTHER,PAUSE,,,,,,,,,,,,,,,,,,,,,,,,,,,,,,,,,,,,,,,263.78908801078796,False
1737650554.9140754,2025-01-23 17:42:34,OTHER,PAUSE,,,,,,,,,,,,,,,,,,,,,,,,,,,,,,,,,,,,,,,263.9000942707062,False
1737650555.0070808,2025-01-23 17:42:35,OTHER,PAUSE,,,,,,,,,,,,,,,,,,,,,,,,,,,,,,,,,,,,,,,263.99309968948364,False
1737650555.1060865,2025-01-23 17:42:35,OTHER,PAUSE,,,,,,,,,,,,,,,,,,,,,,,,,,,,,,,,,,,,,,,264.09210538864136,False
1737650555.2100923,2025-01-23 17:42:35,OTHER,PAUSE,,,,,,,,,,,,,,,,,,,,,,,,,,,,,,,,,,,,,,,264.19611120224,False
1737650555.3050978,2025-01-23 17:42:35,OTHER,PAUSE,,,,,,,,,,,,,,,,,,,,,,,,,,,,,,,,,,,,,,,264.29111671447754,False
1737650555.4001033,2025-01-23 17:42:35,OTHER,PAUSE,,,,,,,,,,,,,,,,,,,,,,,,,,,,,,,,,,,,,,,264.3861222267151,False
1737650555.5201101,2025-01-23 17:42:35,OTHER,PAUSE,,,,,,,,,,,,,,,,,,,,,,,,,,,,,,,,,,,,,,,264.50612902641296,False
1737650555.622116,2025-01-23 17:42:35,OTHER,PAUSE,,,,,,,,,,,,,,,,,,,,,,,,,,,,,,,,,,,,,,,264.6081349849701,False
1737650555.7271218,2025-01-23 17:42:35,OTHER,PAUSE,,,,,,,,,,,,,,,,,,,,,,,,,,,,,,,,,,,,,,,264.7131407260895,False
1737650555.8261275,2025-01-23 17:42:35,OTHER,PAUSE,,,,,,,,,,,,,,,,,,,,,,,,,,,,,,,,,,,,,,,264.8121464252472,False
1737650555.9281335,2025-01-23 17:42:35,OTHER,PAUSE,,,,,,,,,,,,,,,,,,,,,,,,,,,,,,,,,,,,,,,264.9141523838043,False
1737650556.04414,2025-01-23 17:42:36,OTHER,PAUSE,,,,,,,,,,,,,,,,,,,,,,,,,,,,,,,,,,,,,,,265.03015899658203,False
1737650556.147146,2025-01-23 17:42:36,OTHER,PAUSE,,,,,,,,,,,,,,,,,,,,,,,,,,,,,,,,,,,,,,,265.1331648826599,False
1737650556.2471516,2025-01-23 17:42:36,OTHER,PAUSE,,,,,,,,,,,,,,,,,,,,,,,,,,,,,,,,,,,,,,,265.2331705093384,False
1737650556.3511577,2025-01-23 17:42:36,OTHER,PAUSE,,,,,,,,,,,,,,,,,,,,,,,,,,,,,,,,,,,,,,,265.3371765613556,False
1737650556.4521637,2025-01-23 17:42:36,OTHER,PAUSE,,,,,,,,,,,,,,,,,,,,,,,,,,,,,,,,,,,,,,,265.43818259239197,False
1737650556.5601695,2025-01-23 17:42:36,OTHER,PAUSE,,,,,,,,,,,,,,,,,,,,,,,,,,,,,,,,,,,,,,,265.5461883544922,False
1737650556.6691759,2025-01-23 17:42:36,OTHER,PAUSE,,,,,,,,,,,,,,,,,,,,,,,,,,,,,,,,,,,,,,,265.6551947593689,False
1737650556.7891827,2025-01-23 17:42:36,OTHER,PAUSE,,,,,,,,,,,,,,,,,,,,,,,,,,,,,,,,,,,,,,,265.7752015590668,False
1737650556.8871882,2025-01-23 17:42:36,OTHER,PAUSE,,,,,,,,,,,,,,,,,,,,,,,,,,,,,,,,,,,,,,,265.87320709228516,False
1737650556.9891942,2025-01-23 17:42:36,OTHER,PAUSE,,,,,,,,,,,,,,,,,,,,,,,,,,,,,,,,,,,,,,,265.9752130508423,False
1737650557.0881996,2025-01-23 17:42:37,OTHER,PAUSE,,,,,,,,,,,,,,,,,,,,,,,,,,,,,,,,,,,,,,,266.0742185115814,False
1737650557.2122068,2025-01-23 17:42:37,OTHER,PAUSE,,,,,,,,,,,,,,,,,,,,,,,,,,,,,,,,,,,,,,,266.19822573661804,False
1737650557.3212132,2025-01-23 17:42:37,OTHER,PAUSE,,,,,,,,,,,,,,,,,,,,,,,,,,,,,,,,,,,,,,,266.30723214149475,False
1737650557.417219,2025-01-23 17:42:37,OTHER,PAUSE,,,,,,,,,,,,,,,,,,,,,,,,,,,,,,,,,,,,,,,266.40323781967163,False
1737650557.509224,2025-01-23 17:42:37,OTHER,PAUSE,,,,,,,,,,,,,,,,,,,,,,,,,,,,,,,,,,,,,,,266.4952428340912,False
1737650557.600229,2025-01-23 17:42:37,OTHER,PAUSE,,,,,,,,,,,,,,,,,,,,,,,,,,,,,,,,,,,,,,,266.58624792099,False
1737650557.7152355,2025-01-23 17:42:37,OTHER,PAUSE,,,,,,,,,,,,,,,,,,,,,,,,,,,,,,,,,,,,,,,266.70125436782837,False
1737650557.8222418,2025-01-23 17:42:37,OTHER,PAUSE,,,,,,,,,,,,,,,,,,,,,,,,,,,,,,,,,,,,,,,266.808260679245,False
1737650557.9192474,2025-01-23 17:42:37,OTHER,PAUSE,,,,,,,,,,,,,,,,,,,,,,,,,,,,,,,,,,,,,,,266.9052662849426,False
1737650558.035254,2025-01-23 17:42:38,OTHER,PAUSE,,,,,,,,,,,,,,,,,,,,,,,,,,,,,,,,,,,,,,,267.02127289772034,False
1737650558.1322596,2025-01-23 17:42:38,OTHER,PAUSE,,,,,,,,,,,,,,,,,,,,,,,,,,,,,,,,,,,,,,,267.11827850341797,False
1737650558.2322652,2025-01-23 17:42:38,OTHER,PAUSE,,,,,,,,,,,,,,,,,,,,,,,,,,,,,,,,,,,,,,,267.21828413009644,False
1737650558.349272,2025-01-23 17:42:38,OTHER,PAUSE,,,,,,,,,,,,,,,,,,,,,,,,,,,,,,,,,,,,,,,267.3352909088135,False
1737650558.4582782,2025-01-23 17:42:38,OTHER,PAUSE,,,,,,,,,,,,,,,,,,,,,,,,,,,,,,,,,,,,,,,267.4442970752716,False
1737650558.5682845,2025-01-23 17:42:38,OTHER,PAUSE,,,,,,,,,,,,,,,,,,,,,,,,,,,,,,,,,,,,,,,267.55430340766907,False
1737650558.681291,2025-01-23 17:42:38,OTHER,PAUSE,,,,,,,,,,,,,,,,,,,,,,,,,,,,,,,,,,,,,,,267.66730999946594,False
1737650558.785297,2025-01-23 17:42:38,OTHER,PAUSE,,,,,,,,,,,,,,,,,,,,,,,,,,,,,,,,,,,,,,,267.7713158130646,False
1737650558.9093041,2025-01-23 17:42:38,OTHER,PAUSE,,,,,,,,,,,,,,,,,,,,,,,,,,,,,,,,,,,,,,,267.8953230381012,False
1737650559.01431,2025-01-23 17:42:39,OTHER,PAUSE,,,,,,,,,,,,,,,,,,,,,,,,,,,,,,,,,,,,,,,268.0003287792206,False
1737650559.1393173,2025-01-23 17:42:39,OTHER,PAUSE,,,,,,,,,,,,,,,,,,,,,,,,,,,,,,,,,,,,,,,268.12533617019653,False
1737650559.2763252,2025-01-23 17:42:39,OTHER,PAUSE,,,,,,,,,,,,,,,,,,,,,,,,,,,,,,,,,,,,,,,268.262344121933,False
1737650559.4893372,2025-01-23 17:42:39,OTHER,PAUSE,,,,,,,,,,,,,,,,,,,,,,,,,,,,,,,,,,,,,,,268.47535610198975,False
1737650559.6343455,2025-01-23 17:42:39,OTHER,PAUSE,,,,,,,,,,,,,,,,,,,,,,,,,,,,,,,,,,,,,,,268.6203644275665,False
1737650559.7593527,2025-01-23 17:42:39,OTHER,PAUSE,,,,,,,,,,,,,,,,,,,,,,,,,,,,,,,,,,,,,,,268.7453715801239,False
1737650559.8993604,2025-01-23 17:42:39,OTHER,PAUSE,,,,,,,,,,,,,,,,,,,,,,,,,,,,,,,,,,,,,,,268.8853793144226,False
1737650560.0243678,2025-01-23 17:42:40,OTHER,PAUSE,,,,,,,,,,,,,,,,,,,,,,,,,,,,,,,,,,,,,,,269.01038670539856,False
1737650560.1413743,2025-01-23 17:42:40,OTHER,PAUSE,,,,,,,,,,,,,,,,,,,,,,,,,,,,,,,,,,,,,,,269.127393245697,False
1737650560.2413802,2025-01-23 17:42:40,OTHER,PAUSE,,,,,,,,,,,,,,,,,,,,,,,,,,,,,,,,,,,,,,,269.22739911079407,False
1737650560.3373857,2025-01-23 17:42:40,OTHER,PAUSE,,,,,,,,,,,,,,,,,,,,,,,,,,,,,,,,,,,,,,,269.32340455055237,False
1737650560.428391,2025-01-23 17:42:40,OTHER,PAUSE,,,,,,,,,,,,,,,,,,,,,,,,,,,,,,,,,,,,,,,269.41440987586975,False
1737650560.5233963,2025-01-23 17:42:40,OTHER,PAUSE,,,,,,,,,,,,,,,,,,,,,,,,,,,,,,,,,,,,,,,269.5094151496887,False
1737650560.622402,2025-01-23 17:42:40,OTHER,PAUSE,,,,,,,,,,,,,,,,,,,,,,,,,,,,,,,,,,,,,,,269.60842084884644,False
1737650560.744409,2025-01-23 17:42:40,OTHER,PAUSE,,,,,,,,,,,,,,,,,,,,,,,,,,,,,,,,,,,,,,,269.730427980423,False
1737650560.8564155,2025-01-23 17:42:40,OTHER,PAUSE,,,,,,,,,,,,,,,,,,,,,,,,,,,,,,,,,,,,,,,269.8424344062805,False
1737650560.9604213,2025-01-23 17:42:40,OTHER,PAUSE,,,,,,,,,,,,,,,,,,,,,,,,,,,,,,,,,,,,,,,269.94644021987915,False
1737650561.0544267,2025-01-23 17:42:41,OTHER,PAUSE,,,,,,,,,,,,,,,,,,,,,,,,,,,,,,,,,,,,,,,270.04044556617737,False
1737650561.1454318,2025-01-23 17:42:41,OTHER,PAUSE,,,,,,,,,,,,,,,,,,,,,,,,,,,,,,,,,,,,,,,270.1314506530762,False
1737650561.2634387,2025-01-23 17:42:41,OTHER,PAUSE,,,,,,,,,,,,,,,,,,,,,,,,,,,,,,,,,,,,,,,270.24945759773254,False
1737650561.3704448,2025-01-23 17:42:41,OTHER,PAUSE,,,,,,,,,,,,,,,,,,,,,,,,,,,,,,,,,,,,,,,270.3564636707306,False
1737650561.4684503,2025-01-23 17:42:41,OTHER,PAUSE,,,,,,,,,,,,,,,,,,,,,,,,,,,,,,,,,,,,,,,270.454469203949,False
1737650561.584457,2025-01-23 17:42:41,OTHER,PAUSE,,,,,,,,,,,,,,,,,,,,,,,,,,,,,,,,,,,,,,,270.5704758167267,False
1737650561.6744623,2025-01-23 17:42:41,OTHER,PAUSE,,,,,,,,,,,,,,,,,,,,,,,,,,,,,,,,,,,,,,,270.6604812145233,False
1737650561.7694676,2025-01-23 17:42:41,OTHER,PAUSE,,,,,,,,,,,,,,,,,,,,,,,,,,,,,,,,,,,,,,,270.7554864883423,False
1737650561.883474,2025-01-23 17:42:41,OTHER,PAUSE,,,,,,,,,,,,,,,,,,,,,,,,,,,,,,,,,,,,,,,270.8694930076599,False
1737650561.9944804,2025-01-23 17:42:41,OTHER,PAUSE,,,,,,,,,,,,,,,,,,,,,,,,,,,,,,,,,,,,,,,270.9804992675781,False
1737650562.0974863,2025-01-23 17:42:42,OTHER,PAUSE,,,,,,,,,,,,,,,,,,,,,,,,,,,,,,,,,,,,,,,271.083505153656,False
1737650562.1894917,2025-01-23 17:42:42,OTHER,PAUSE,,,,,,,,,,,,,,,,,,,,,,,,,,,,,,,,,,,,,,,271.1755106449127,False
1737650562.2874973,2025-01-23 17:42:42,OTHER,PAUSE,,,,,,,,,,,,,,,,,,,,,,,,,,,,,,,,,,,,,,,271.2735161781311,False
1737650562.406504,2025-01-23 17:42:42,OTHER,PAUSE,,,,,,,,,,,,,,,,,,,,,,,,,,,,,,,,,,,,,,,271.39252281188965,False
1737650562.5025096,2025-01-23 17:42:42,OTHER,PAUSE,,,,,,,,,,,,,,,,,,,,,,,,,,,,,,,,,,,,,,,271.4885284900665,False
1737650562.6135159,2025-01-23 17:42:42,OTHER,PAUSE,,,,,,,,,,,,,,,,,,,,,,,,,,,,,,,,,,,,,,,271.59953474998474,False
1737650562.7085211,2025-01-23 17:42:42,OTHER,PAUSE,,,,,,,,,,,,,,,,,,,,,,,,,,,,,,,,,,,,,,,271.6945400238037,False
1737650562.8045268,2025-01-23 17:42:42,OTHER,PAUSE,,,,,,,,,,,,,,,,,,,,,,,,,,,,,,,,,,,,,,,271.7905457019806,False
1737650562.9205334,2025-01-23 17:42:42,OTHER,PAUSE,,,,,,,,,,,,,,,,,,,,,,,,,,,,,,,,,,,,,,,271.9065523147583,False
1737650563.0235393,2025-01-23 17:42:43,OTHER,PAUSE,,,,,,,,,,,,,,,,,,,,,,,,,,,,,,,,,,,,,,,272.0095582008362,False
1737650563.1235452,2025-01-23 17:42:43,OTHER,PAUSE,,,,,,,,,,,,,,,,,,,,,,,,,,,,,,,,,,,,,,,272.1095640659332,False
1737650563.2315512,2025-01-23 17:42:43,OTHER,PAUSE,,,,,,,,,,,,,,,,,,,,,,,,,,,,,,,,,,,,,,,272.217570066452,False
1737650563.3265567,2025-01-23 17:42:43,OTHER,PAUSE,,,,,,,,,,,,,,,,,,,,,,,,,,,,,,,,,,,,,,,272.3125755786896,False
1737650563.439563,2025-01-23 17:42:43,OTHER,PAUSE,,,,,,,,,,,,,,,,,,,,,,,,,,,,,,,,,,,,,,,272.42558193206787,False
1737650563.5515695,2025-01-23 17:42:43,OTHER,PAUSE,,,,,,,,,,,,,,,,,,,,,,,,,,,,,,,,,,,,,,,272.5375883579254,False
1737650563.6675763,2025-01-23 17:42:43,OTHER,PAUSE,,,,,,,,,,,,,,,,,,,,,,,,,,,,,,,,,,,,,,,272.6535952091217,False
1737650563.7665818,2025-01-23 17:42:43,OTHER,PAUSE,,,,,,,,,,,,,,,,,,,,,,,,,,,,,,,,,,,,,,,272.75260066986084,False
1737650563.8615873,2025-01-23 17:42:43,OTHER,PAUSE,,,,,,,,,,,,,,,,,,,,,,,,,,,,,,,,,,,,,,,272.8476061820984,False
1737650563.9695933,2025-01-23 17:42:43,OTHER,PAUSE,,,,,,,,,,,,,,,,,,,,,,,,,,,,,,,,,,,,,,,272.9556121826172,False
1737650564.1006007,2025-01-23 17:42:44,OTHER,PAUSE,,,,,,,,,,,,,,,,,,,,,,,,,,,,,,,,,,,,,,,273.0866196155548,False
1737650564.2136073,2025-01-23 17:42:44,OTHER,PAUSE,,,,,,,,,,,,,,,,,,,,,,,,,,,,,,,,,,,,,,,273.1996262073517,False
1737650564.3196135,2025-01-23 17:42:44,OTHER,PAUSE,,,,,,,,,,,,,,,,,,,,,,,,,,,,,,,,,,,,,,,273.305632352829,False
1737650564.4226193,2025-01-23 17:42:44,OTHER,PAUSE,,,,,,,,,,,,,,,,,,,,,,,,,,,,,,,,,,,,,,,273.40863823890686,False
1737650564.525625,2025-01-23 17:42:44,OTHER,PAUSE,,,,,,,,,,,,,,,,,,,,,,,,,,,,,,,,,,,,,,,273.51164388656616,False
1737650564.6506324,2025-01-23 17:42:44,OTHER,PAUSE,,,,,,,,,,,,,,,,,,,,,,,,,,,,,,,,,,,,,,,273.6366512775421,False
1737650564.748638,2025-01-23 17:42:44,OTHER,PAUSE,,,,,,,,,,,,,,,,,,,,,,,,,,,,,,,,,,,,,,,273.7346568107605,False
1737650564.8596444,2025-01-23 17:42:44,OTHER,PAUSE,,,,,,,,,,,,,,,,,,,,,,,,,,,,,,,,,,,,,,,273.8456633090973,False
1737650564.9696507,2025-01-23 17:42:44,OTHER,PAUSE,,,,,,,,,,,,,,,,,,,,,,,,,,,,,,,,,,,,,,,273.95566964149475,False
1737650565.0696564,2025-01-23 17:42:45,OTHER,PAUSE,,,,,,,,,,,,,,,,,,,,,,,,,,,,,,,,,,,,,,,274.0556752681732,False
1737650565.1796627,2025-01-23 17:42:45,OTHER,PAUSE,,,,,,,,,,,,,,,,,,,,,,,,,,,,,,,,,,,,,,,274.1656816005707,False
1737650565.2896688,2025-01-23 17:42:45,OTHER,PAUSE,,,,,,,,,,,,,,,,,,,,,,,,,,,,,,,,,,,,,,,274.27568769454956,False
1737650565.396675,2025-01-23 17:42:45,OTHER,PAUSE,,,,,,,,,,,,,,,,,,,,,,,,,,,,,,,,,,,,,,,274.3826940059662,False
1737650565.497681,2025-01-23 17:42:45,OTHER,PAUSE,,,,,,,,,,,,,,,,,,,,,,,,,,,,,,,,,,,,,,,274.483699798584,False
1737650565.5986867,2025-01-23 17:42:45,OTHER,PAUSE,,,,,,,,,,,,,,,,,,,,,,,,,,,,,,,,,,,,,,,274.5847055912018,False
1737650565.693692,2025-01-23 17:42:45,OTHER,PAUSE,,,,,,,,,,,,,,,,,,,,,,,,,,,,,,,,,,,,,,,274.67971086502075,False
1737650565.8256996,2025-01-23 17:42:45,OTHER,PAUSE,,,,,,,,,,,,,,,,,,,,,,,,,,,,,,,,,,,,,,,274.8117184638977,False
1737650565.9307055,2025-01-23 17:42:45,OTHER,PAUSE,,,,,,,,,,,,,,,,,,,,,,,,,,,,,,,,,,,,,,,274.91672444343567,False
1737650566.0367117,2025-01-23 17:42:46,OTHER,PAUSE,,,,,,,,,,,,,,,,,,,,,,,,,,,,,,,,,,,,,,,275.02273058891296,False
1737650566.145718,2025-01-23 17:42:46,OTHER,PAUSE,,,,,,,,,,,,,,,,,,,,,,,,,,,,,,,,,,,,,,,275.1317369937897,False
1737650566.2487237,2025-01-23 17:42:46,OTHER,PAUSE,,,,,,,,,,,,,,,,,,,,,,,,,,,,,,,,,,,,,,,275.234742641449,False
1737650566.3717308,2025-01-23 17:42:46,OTHER,PAUSE,,,,,,,,,,,,,,,,,,,,,,,,,,,,,,,,,,,,,,,275.35774970054626,False
1737650566.479737,2025-01-23 17:42:46,OTHER,PAUSE,,,,,,,,,,,,,,,,,,,,,,,,,,,,,,,,,,,,,,,275.46575593948364,False
1737650566.5857432,2025-01-23 17:42:46,OTHER,PAUSE,,,,,,,,,,,,,,,,,,,,,,,,,,,,,,,,,,,,,,,275.57176208496094,False
1737650566.6857488,2025-01-23 17:42:46,OTHER,PAUSE,,,,,,,,,,,,,,,,,,,,,,,,,,,,,,,,,,,,,,,275.6717677116394,False
1737650566.776754,2025-01-23 17:42:46,OTHER,PAUSE,,,,,,,,,,,,,,,,,,,,,,,,,,,,,,,,,,,,,,,275.7627727985382,False
1737650566.8777597,2025-01-23 17:42:46,OTHER,PAUSE,,,,,,,,,,,,,,,,,,,,,,,,,,,,,,,,,,,,,,,275.863778591156,False
1737650566.9937663,2025-01-23 17:42:46,OTHER,PAUSE,,,,,,,,,,,,,,,,,,,,,,,,,,,,,,,,,,,,,,,275.9797852039337,False
1737650567.1017725,2025-01-23 17:42:47,OTHER,PAUSE,,,,,,,,,,,,,,,,,,,,,,,,,,,,,,,,,,,,,,,276.0877914428711,False
1737650567.2037783,2025-01-23 17:42:47,OTHER,PAUSE,,,,,,,,,,,,,,,,,,,,,,,,,,,,,,,,,,,,,,,276.18979716300964,False
1737650567.302784,2025-01-23 17:42:47,OTHER,PAUSE,,,,,,,,,,,,,,,,,,,,,,,,,,,,,,,,,,,,,,,276.28880286216736,False
1737650567.3967896,2025-01-23 17:42:47,OTHER,PAUSE,,,,,,,,,,,,,,,,,,,,,,,,,,,,,,,,,,,,,,,276.38280844688416,False
1737650567.527797,2025-01-23 17:42:47,OTHER,PAUSE,,,,,,,,,,,,,,,,,,,,,,,,,,,,,,,,,,,,,,,276.5138158798218,False
1737650567.6348033,2025-01-23 17:42:47,OTHER,PAUSE,,,,,,,,,,,,,,,,,,,,,,,,,,,,,,,,,,,,,,,276.6208221912384,False
1737650567.7458093,2025-01-23 17:42:47,OTHER,PAUSE,,,,,,,,,,,,,,,,,,,,,,,,,,,,,,,,,,,,,,,276.73182821273804,False
1737650567.8538156,2025-01-23 17:42:47,OTHER,PAUSE,,,,,,,,,,,,,,,,,,,,,,,,,,,,,,,,,,,,,,,276.8398344516754,False
1737650567.9478211,2025-01-23 17:42:47,OTHER,PAUSE,,,,,,,,,,,,,,,,,,,,,,,,,,,,,,,,,,,,,,,276.9338400363922,False
1737650568.0698278,2025-01-23 17:42:48,OTHER,PAUSE,,,,,,,,,,,,,,,,,,,,,,,,,,,,,,,,,,,,,,,277.0558466911316,False
1737650568.1668334,2025-01-23 17:42:48,OTHER,PAUSE,,,,,,,,,,,,,,,,,,,,,,,,,,,,,,,,,,,,,,,277.1528522968292,False
1737650568.2788398,2025-01-23 17:42:48,OTHER,PAUSE,,,,,,,,,,,,,,,,,,,,,,,,,,,,,,,,,,,,,,,277.26485872268677,False
1737650568.3788457,2025-01-23 17:42:48,OTHER,PAUSE,,,,,,,,,,,,,,,,,,,,,,,,,,,,,,,,,,,,,,,277.3648645877838,False
1737650568.4848516,2025-01-23 17:42:48,OTHER,PAUSE,,,,,,,,,,,,,,,,,,,,,,,,,,,,,,,,,,,,,,,277.47087049484253,False
1737650568.6078587,2025-01-23 17:42:48,OTHER,PAUSE,,,,,,,,,,,,,,,,,,,,,,,,,,,,,,,,,,,,,,,277.5938775539398,False
1737650568.7138648,2025-01-23 17:42:48,OTHER,PAUSE,,,,,,,,,,,,,,,,,,,,,,,,,,,,,,,,,,,,,,,277.6998836994171,False
1737650568.8148706,2025-01-23 17:42:48,OTHER,PAUSE,,,,,,,,,,,,,,,,,,,,,,,,,,,,,,,,,,,,,,,277.8008894920349,False
1737650568.925877,2025-01-23 17:42:48,OTHER,PAUSE,,,,,,,,,,,,,,,,,,,,,,,,,,,,,,,,,,,,,,,277.9118959903717,False
1737650569.0228825,2025-01-23 17:42:49,OTHER,PAUSE,,,,,,,,,,,,,,,,,,,,,,,,,,,,,,,,,,,,,,,278.00890135765076,False
1737650569.1408892,2025-01-23 17:42:49,OTHER,PAUSE,,,,,,,,,,,,,,,,,,,,,,,,,,,,,,,,,,,,,,,278.12690806388855,False
1737650569.2588959,2025-01-23 17:42:49,OTHER,PAUSE,,,,,,,,,,,,,,,,,,,,,,,,,,,,,,,,,,,,,,,278.24491477012634,False
1737650569.3699024,2025-01-23 17:42:49,OTHER,PAUSE,,,,,,,,,,,,,,,,,,,,,,,,,,,,,,,,,,,,,,,278.35592126846313,False
1737650569.4769082,2025-01-23 17:42:49,OTHER,PAUSE,,,,,,,,,,,,,,,,,,,,,,,,,,,,,,,,,,,,,,,278.4629271030426,False
1737650569.5709138,2025-01-23 17:42:49,OTHER,PAUSE,,,,,,,,,,,,,,,,,,,,,,,,,,,,,,,,,,,,,,,278.5569326877594,False
1737650569.6679194,2025-01-23 17:42:49,OTHER,PAUSE,,,,,,,,,,,,,,,,,,,,,,,,,,,,,,,,,,,,,,,278.65393829345703,False
1737650569.7989268,2025-01-23 17:42:49,OTHER,PAUSE,,,,,,,,,,,,,,,,,,,,,,,,,,,,,,,,,,,,,,,278.78494572639465,False
1737650569.9019327,2025-01-23 17:42:49,OTHER,PAUSE,,,,,,,,,,,,,,,,,,,,,,,,,,,,,,,,,,,,,,,278.88795161247253,False
1737650570.012939,2025-01-23 17:42:50,OTHER,PAUSE,,,,,,,,,,,,,,,,,,,,,,,,,,,,,,,,,,,,,,,278.99895787239075,False
1737650570.1099446,2025-01-23 17:42:50,OTHER,PAUSE,,,,,,,,,,,,,,,,,,,,,,,,,,,,,,,,,,,,,,,279.0959634780884,False
1737650570.2089503,2025-01-23 17:42:50,OTHER,PAUSE,,,,,,,,,,,,,,,,,,,,,,,,,,,,,,,,,,,,,,,279.1949691772461,False
1737650570.3339574,2025-01-23 17:42:50,OTHER,PAUSE,,,,,,,,,,,,,,,,,,,,,,,,,,,,,,,,,,,,,,,279.31997632980347,False
1737650570.4459639,2025-01-23 17:42:50,OTHER,PAUSE,,,,,,,,,,,,,,,,,,,,,,,,,,,,,,,,,,,,,,,279.431982755661,False
1737650570.5589705,2025-01-23 17:42:50,OTHER,PAUSE,,,,,,,,,,,,,,,,,,,,,,,,,,,,,,,,,,,,,,,279.5449893474579,False
1737650570.6689765,2025-01-23 17:42:50,OTHER,PAUSE,,,,,,,,,,,,,,,,,,,,,,,,,,,,,,,,,,,,,,,279.65499544143677,False
1737650570.764982,2025-01-23 17:42:50,OTHER,PAUSE,,,,,,,,,,,,,,,,,,,,,,,,,,,,,,,,,,,,,,,279.75100088119507,False
1737650570.8769884,2025-01-23 17:42:50,OTHER,PAUSE,,,,,,,,,,,,,,,,,,,,,,,,,,,,,,,,,,,,,,,279.8630073070526,False
1737650570.975994,2025-01-23 17:42:50,OTHER,PAUSE,,,,,,,,,,,,,,,,,,,,,,,,,,,,,,,,,,,,,,,279.9620130062103,False
1737650571.0709996,2025-01-23 17:42:51,OTHER,PAUSE,,,,,,,,,,,,,,,,,,,,,,,,,,,,,,,,,,,,,,,280.0570185184479,False
1737650571.1740055,2025-01-23 17:42:51,OTHER,PAUSE,,,,,,,,,,,,,,,,,,,,,,,,,,,,,,,,,,,,,,,280.16002440452576,False
1737650571.2760112,2025-01-23 17:42:51,OTHER,PAUSE,,,,,,,,,,,,,,,,,,,,,,,,,,,,,,,,,,,,,,,280.2620301246643,False
1737650571.3700168,2025-01-23 17:42:51,OTHER,PAUSE,,,,,,,,,,,,,,,,,,,,,,,,,,,,,,,,,,,,,,,280.3560357093811,False
1737650571.4910235,2025-01-23 17:42:51,OTHER,PAUSE,,,,,,,,,,,,,,,,,,,,,,,,,,,,,,,,,,,,,,,280.47704243659973,False
1737650571.5920293,2025-01-23 17:42:51,OTHER,PAUSE,,,,,,,,,,,,,,,,,,,,,,,,,,,,,,,,,,,,,,,280.57804822921753,False
1737650571.6940353,2025-01-23 17:42:51,OTHER,PAUSE,,,,,,,,,,,,,,,,,,,,,,,,,,,,,,,,,,,,,,,280.68005418777466,False
1737650571.7890406,2025-01-23 17:42:51,OTHER,PAUSE,,,,,,,,,,,,,,,,,,,,,,,,,,,,,,,,,,,,,,,280.7750594615936,False
1737650571.8860462,2025-01-23 17:42:51,OTHER,PAUSE,,,,,,,,,,,,,,,,,,,,,,,,,,,,,,,,,,,,,,,280.87206506729126,False
1737650572.0000527,2025-01-23 17:42:52,OTHER,PAUSE,,,,,,,,,,,,,,,,,,,,,,,,,,,,,,,,,,,,,,,280.9860715866089,False
1737650572.1030586,2025-01-23 17:42:52,OTHER,PAUSE,,,,,,,,,,,,,,,,,,,,,,,,,,,,,,,,,,,,,,,281.08907747268677,False
1737650572.2030642,2025-01-23 17:42:52,OTHER,PAUSE,,,,,,,,,,,,,,,,,,,,,,,,,,,,,,,,,,,,,,,281.18908309936523,False
1737650572.3240714,2025-01-23 17:42:52,OTHER,PAUSE,,,,,,,,,,,,,,,,,,,,,,,,,,,,,,,,,,,,,,,281.310090303421,False
1737650572.4170766,2025-01-23 17:42:52,OTHER,PAUSE,,,,,,,,,,,,,,,,,,,,,,,,,,,,,,,,,,,,,,,281.4030954837799,False
1737650572.5150821,2025-01-23 17:42:52,OTHER,PAUSE,,,,,,,,,,,,,,,,,,,,,,,,,,,,,,,,,,,,,,,281.5011010169983,False
1737650572.6270885,2025-01-23 17:42:52,OTHER,PAUSE,,,,,,,,,,,,,,,,,,,,,,,,,,,,,,,,,,,,,,,281.61310744285583,False
1737650572.7310946,2025-01-23 17:42:52,OTHER,PAUSE,,,,,,,,,,,,,,,,,,,,,,,,,,,,,,,,,,,,,,,281.71711349487305,False
1737650572.8401008,2025-01-23 17:42:52,OTHER,PAUSE,,,,,,,,,,,,,,,,,,,,,,,,,,,,,,,,,,,,,,,281.8261196613312,False
1737650572.9441068,2025-01-23 17:42:52,OTHER,PAUSE,,,,,,,,,,,,,,,,,,,,,,,,,,,,,,,,,,,,,,,281.9301257133484,False
1737650573.0441124,2025-01-23 17:42:53,OTHER,PAUSE,,,,,,,,,,,,,,,,,,,,,,,,,,,,,,,,,,,,,,,282.03013134002686,False
1737650573.17912,2025-01-23 17:42:53,OTHER,PAUSE,,,,,,,,,,,,,,,,,,,,,,,,,,,,,,,,,,,,,,,282.16513895988464,False
1737650573.296127,2025-01-23 17:42:53,OTHER,PAUSE,,,,,,,,,,,,,,,,,,,,,,,,,,,,,,,,,,,,,,,282.28214597702026,False
1737650573.3991327,2025-01-23 17:42:53,OTHER,PAUSE,,,,,,,,,,,,,,,,,,,,,,,,,,,,,,,,,,,,,,,282.38515162467957,False
1737650573.492138,2025-01-23 17:42:53,OTHER,PAUSE,,,,,,,,,,,,,,,,,,,,,,,,,,,,,,,,,,,,,,,282.47815680503845,False
1737650573.6081445,2025-01-23 17:42:53,OTHER,PAUSE,,,,,,,,,,,,,,,,,,,,,,,,,,,,,,,,,,,,,,,282.59416341781616,False
1737650573.7221513,2025-01-23 17:42:53,OTHER,PAUSE,,,,,,,,,,,,,,,,,,,,,,,,,,,,,,,,,,,,,,,282.70817017555237,False
1737650573.8221571,2025-01-23 17:42:53,OTHER,PAUSE,,,,,,,,,,,,,,,,,,,,,,,,,,,,,,,,,,,,,,,282.8081760406494,False
1737650573.928163,2025-01-23 17:42:53,OTHER,PAUSE,,,,,,,,,,,,,,,,,,,,,,,,,,,,,,,,,,,,,,,282.91418194770813,False
1737650574.0381694,2025-01-23 17:42:54,OTHER,PAUSE,,,,,,,,,,,,,,,,,,,,,,,,,,,,,,,,,,,,,,,283.0241882801056,False
1737650574.1431754,2025-01-23 17:42:54,OTHER,PAUSE,,,,,,,,,,,,,,,,,,,,,,,,,,,,,,,,,,,,,,,283.12919425964355,False
1737650574.2881835,2025-01-23 17:42:54,OTHER,PAUSE,,,,,,,,,,,,,,,,,,,,,,,,,,,,,,,,,,,,,,,283.27420234680176,False
1737650574.4151907,2025-01-23 17:42:54,OTHER,PAUSE,,,,,,,,,,,,,,,,,,,,,,,,,,,,,,,,,,,,,,,283.4012095928192,False
1737650574.517197,2025-01-23 17:42:54,OTHER,PAUSE,,,,,,,,,,,,,,,,,,,,,,,,,,,,,,,,,,,,,,,283.5032157897949,False
1737650574.6122022,2025-01-23 17:42:54,OTHER,PAUSE,,,,,,,,,,,,,,,,,,,,,,,,,,,,,,,,,,,,,,,283.5982210636139,False
1737650574.7122078,2025-01-23 17:42:54,OTHER,PAUSE,,,,,,,,,,,,,,,,,,,,,,,,,,,,,,,,,,,,,,,283.69822669029236,False
1737650574.837215,2025-01-23 17:42:54,OTHER,PAUSE,,,,,,,,,,,,,,,,,,,,,,,,,,,,,,,,,,,,,,,283.82323384284973,False
1737650574.957222,2025-01-23 17:42:54,OTHER,PAUSE,,,,,,,,,,,,,,,,,,,,,,,,,,,,,,,,,,,,,,,283.9432408809662,False
1737650575.067228,2025-01-23 17:42:55,OTHER,PAUSE,,,,,,,,,,,,,,,,,,,,,,,,,,,,,,,,,,,,,,,284.05324697494507,False
1737650575.1722343,2025-01-23 17:42:55,OTHER,PAUSE,,,,,,,,,,,,,,,,,,,,,,,,,,,,,,,,,,,,,,,284.1582531929016,False
1737650575.3352435,2025-01-23 17:42:55,OTHER,PAUSE,,,,,,,,,,,,,,,,,,,,,,,,,,,,,,,,,,,,,,,284.32126235961914,False
1737650575.482252,2025-01-23 17:42:55,OTHER,PAUSE,,,,,,,,,,,,,,,,,,,,,,,,,,,,,,,,,,,,,,,284.468270778656,False
1737650575.6132596,2025-01-23 17:42:55,OTHER,PAUSE,,,,,,,,,,,,,,,,,,,,,,,,,,,,,,,,,,,,,,,284.5992784500122,False
1737650575.7362666,2025-01-23 17:42:55,OTHER,PAUSE,,,,,,,,,,,,,,,,,,,,,,,,,,,,,,,,,,,,,,,284.7222855091095,False
1737650575.8522732,2025-01-23 17:42:55,OTHER,PAUSE,,,,,,,,,,,,,,,,,,,,,,,,,,,,,,,,,,,,,,,284.8382921218872,False
1737650576.0032816,2025-01-23 17:42:56,OTHER,PAUSE,,,,,,,,,,,,,,,,,,,,,,,,,,,,,,,,,,,,,,,284.98930048942566,False
1737650576.1162882,2025-01-23 17:42:56,OTHER,PAUSE,,,,,,,,,,,,,,,,,,,,,,,,,,,,,,,,,,,,,,,285.10230708122253,False
1737650576.2242944,2025-01-23 17:42:56,OTHER,PAUSE,,,,,,,,,,,,,,,,,,,,,,,,,,,,,,,,,,,,,,,285.2103133201599,False
1737650576.3243,2025-01-23 17:42:56,OTHER,PAUSE,,,,,,,,,,,,,,,,,,,,,,,,,,,,,,,,,,,,,,,285.3103189468384,False
1737650576.4333065,2025-01-23 17:42:56,OTHER,PAUSE,,,,,,,,,,,,,,,,,,,,,,,,,,,,,,,,,,,,,,,285.4193253517151,False
1737650576.5343122,2025-01-23 17:42:56,OTHER,PAUSE,,,,,,,,,,,,,,,,,,,,,,,,,,,,,,,,,,,,,,,285.5203311443329,False
1737650576.6463187,2025-01-23 17:42:56,OTHER,PAUSE,,,,,,,,,,,,,,,,,,,,,,,,,,,,,,,,,,,,,,,285.63233757019043,False
1737650576.7523246,2025-01-23 17:42:56,OTHER,PAUSE,,,,,,,,,,,,,,,,,,,,,,,,,,,,,,,,,,,,,,,285.73834347724915,False
1737650576.8493302,2025-01-23 17:42:56,OTHER,PAUSE,,,,,,,,,,,,,,,,,,,,,,,,,,,,,,,,,,,,,,,285.8353490829468,False
1737650576.9473357,2025-01-23 17:42:56,OTHER,PAUSE,,,,,,,,,,,,,,,,,,,,,,,,,,,,,,,,,,,,,,,285.93335461616516,False
1737650577.0503416,2025-01-23 17:42:57,OTHER,PAUSE,,,,,,,,,,,,,,,,,,,,,,,,,,,,,,,,,,,,,,,286.03636050224304,False
1737650577.1673481,2025-01-23 17:42:57,OTHER,PAUSE,,,,,,,,,,,,,,,,,,,,,,,,,,,,,,,,,,,,,,,286.1533670425415,False
1737650577.2743545,2025-01-23 17:42:57,OTHER,PAUSE,,,,,,,,,,,,,,,,,,,,,,,,,,,,,,,,,,,,,,,286.26037335395813,False
1737650577.3843608,2025-01-23 17:42:57,OTHER,PAUSE,,,,,,,,,,,,,,,,,,,,,,,,,,,,,,,,,,,,,,,286.3703796863556,False
1737650577.4863665,2025-01-23 17:42:57,OTHER,PAUSE,,,,,,,,,,,,,,,,,,,,,,,,,,,,,,,,,,,,,,,286.47238540649414,False
1737650577.595373,2025-01-23 17:42:57,OTHER,PAUSE,,,,,,,,,,,,,,,,,,,,,,,,,,,,,,,,,,,,,,,286.58139181137085,False
1737650577.705379,2025-01-23 17:42:57,OTHER,PAUSE,,,,,,,,,,,,,,,,,,,,,,,,,,,,,,,,,,,,,,,286.69139790534973,False
1737650577.8073847,2025-01-23 17:42:57,OTHER,PAUSE,,,,,,,,,,,,,,,,,,,,,,,,,,,,,,,,,,,,,,,286.7934036254883,False
1737650577.9163911,2025-01-23 17:42:57,OTHER,PAUSE,,,,,,,,,,,,,,,,,,,,,,,,,,,,,,,,,,,,,,,286.902410030365,False
1737650578.0163968,2025-01-23 17:42:58,OTHER,PAUSE,,,,,,,,,,,,,,,,,,,,,,,,,,,,,,,,,,,,,,,287.00241565704346,False
1737650578.1134024,2025-01-23 17:42:58,OTHER,PAUSE,,,,,,,,,,,,,,,,,,,,,,,,,,,,,,,,,,,,,,,287.0994212627411,False
1737650578.24541,2025-01-23 17:42:58,OTHER,PAUSE,,,,,,,,,,,,,,,,,,,,,,,,,,,,,,,,,,,,,,,287.23142886161804,False
1737650578.3594165,2025-01-23 17:42:58,OTHER,PAUSE,,,,,,,,,,,,,,,,,,,,,,,,,,,,,,,,,,,,,,,287.34543538093567,False
1737650578.4754229,2025-01-23 17:42:58,OTHER,PAUSE,,,,,,,,,,,,,,,,,,,,,,,,,,,,,,,,,,,,,,,287.4614417552948,False
1737650578.5704284,2025-01-23 17:42:58,OTHER,PAUSE,,,,,,,,,,,,,,,,,,,,,,,,,,,,,,,,,,,,,,,287.55644726753235,False
1737650578.667434,2025-01-23 17:42:58,OTHER,PAUSE,,,,,,,,,,,,,,,,,,,,,,,,,,,,,,,,,,,,,,,287.65345287323,False
1737650578.7814405,2025-01-23 17:42:58,OTHER,PAUSE,,,,,,,,,,,,,,,,,,,,,,,,,,,,,,,,,,,,,,,287.7674593925476,False
1737650578.8874469,2025-01-23 17:42:58,OTHER,PAUSE,,,,,,,,,,,,,,,,,,,,,,,,,,,,,,,,,,,,,,,287.8734657764435,False
1737650578.9944527,2025-01-23 17:42:58,OTHER,PAUSE,,,,,,,,,,,,,,,,,,,,,,,,,,,,,,,,,,,,,,,287.98047161102295,False
1737650579.0954585,2025-01-23 17:42:59,OTHER,PAUSE,,,,,,,,,,,,,,,,,,,,,,,,,,,,,,,,,,,,,,,288.08147740364075,False
1737650579.1964643,2025-01-23 17:42:59,OTHER,PAUSE,,,,,,,,,,,,,,,,,,,,,,,,,,,,,,,,,,,,,,,288.18248319625854,False
1737650579.29647,2025-01-23 17:42:59,OTHER,PAUSE,,,,,,,,,,,,,,,,,,,,,,,,,,,,,,,,,,,,,,,288.282488822937,False
1737650579.413477,2025-01-23 17:42:59,OTHER,PAUSE,,,,,,,,,,,,,,,,,,,,,,,,,,,,,,,,,,,,,,,288.39949584007263,False
1737650579.5274835,2025-01-23 17:42:59,OTHER,PAUSE,,,,,,,,,,,,,,,,,,,,,,,,,,,,,,,,,,,,,,,288.51350235939026,False
1737650579.6404898,2025-01-23 17:42:59,OTHER,PAUSE,,,,,,,,,,,,,,,,,,,,,,,,,,,,,,,,,,,,,,,288.62650871276855,False
1737650579.736495,2025-01-23 17:42:59,OTHER,PAUSE,,,,,,,,,,,,,,,,,,,,,,,,,,,,,,,,,,,,,,,288.7225139141083,False
1737650579.8345008,2025-01-23 17:42:59,OTHER,PAUSE,,,,,,,,,,,,,,,,,,,,,,,,,,,,,,,,,,,,,,,288.82051968574524,False
1737650579.9575078,2025-01-23 17:42:59,OTHER,PAUSE,,,,,,,,,,,,,,,,,,,,,,,,,,,,,,,,,,,,,,,288.94352674484253,False
1737650580.084515,2025-01-23 17:43:00,OTHER,PAUSE,,,,,,,,,,,,,,,,,,,,,,,,,,,,,,,,,,,,,,,289.07053399086,False
1737650580.1925213,2025-01-23 17:43:00,OTHER,PAUSE,,,,,,,,,,,,,,,,,,,,,,,,,,,,,,,,,,,,,,,289.17854022979736,False
1737650580.2915268,2025-01-23 17:43:00,OTHER,PAUSE,,,,,,,,,,,,,,,,,,,,,,,,,,,,,,,,,,,,,,,289.2775456905365,False
1737650580.3925328,2025-01-23 17:43:00,OTHER,PAUSE,,,,,,,,,,,,,,,,,,,,,,,,,,,,,,,,,,,,,,,289.3785517215729,False
1737650580.534541,2025-01-23 17:43:00,OTHER,PAUSE,,,,,,,,,,,,,,,,,,,,,,,,,,,,,,,,,,,,,,,289.52055978775024,False
1737650580.641547,2025-01-23 17:43:00,OTHER,PAUSE,,,,,,,,,,,,,,,,,,,,,,,,,,,,,,,,,,,,,,,289.6275658607483,False
1737650580.7405527,2025-01-23 17:43:00,OTHER,PAUSE,,,,,,,,,,,,,,,,,,,,,,,,,,,,,,,,,,,,,,,289.726571559906,False
1737650580.8375583,2025-01-23 17:43:00,OTHER,PAUSE,,,,,,,,,,,,,,,,,,,,,,,,,,,,,,,,,,,,,,,289.82357716560364,False
1737650580.938564,2025-01-23 17:43:00,OTHER,PAUSE,,,,,,,,,,,,,,,,,,,,,,,,,,,,,,,,,,,,,,,289.92458295822144,False
1737650581.0665712,2025-01-23 17:43:01,OTHER,PAUSE,,,,,,,,,,,,,,,,,,,,,,,,,,,,,,,,,,,,,,,290.05259013175964,False
1737650581.1665769,2025-01-23 17:43:01,OTHER,PAUSE,,,,,,,,,,,,,,,,,,,,,,,,,,,,,,,,,,,,,,,290.1525957584381,False
1737650581.2655826,2025-01-23 17:43:01,OTHER,PAUSE,,,,,,,,,,,,,,,,,,,,,,,,,,,,,,,,,,,,,,,290.2516014575958,False
1737650581.377589,2025-01-23 17:43:01,OTHER,PAUSE,,,,,,,,,,,,,,,,,,,,,,,,,,,,,,,,,,,,,,,290.36360788345337,False
1737650581.4805949,2025-01-23 17:43:01,OTHER,PAUSE,,,,,,,,,,,,,,,,,,,,,,,,,,,,,,,,,,,,,,,290.46661376953125,False
1737650581.6096022,2025-01-23 17:43:01,OTHER,PAUSE,,,,,,,,,,,,,,,,,,,,,,,,,,,,,,,,,,,,,,,290.5956211090088,False
1737650581.7216086,2025-01-23 17:43:01,OTHER,PAUSE,,,,,,,,,,,,,,,,,,,,,,,,,,,,,,,,,,,,,,,290.70762753486633,False
1737650581.831615,2025-01-23 17:43:01,OTHER,PAUSE,,,,,,,,,,,,,,,,,,,,,,,,,,,,,,,,,,,,,,,290.8176338672638,False
1737650581.9286206,2025-01-23 17:43:01,OTHER,PAUSE,,,,,,,,,,,,,,,,,,,,,,,,,,,,,,,,,,,,,,,290.9146394729614,False
1737650582.0286262,2025-01-23 17:43:02,OTHER,PAUSE,,,,,,,,,,,,,,,,,,,,,,,,,,,,,,,,,,,,,,,291.0146450996399,False
1737650582.1356323,2025-01-23 17:43:02,OTHER,PAUSE,,,,,,,,,,,,,,,,,,,,,,,,,,,,,,,,,,,,,,,291.12165117263794,False
1737650582.2586396,2025-01-23 17:43:02,OTHER,PAUSE,,,,,,,,,,,,,,,,,,,,,,,,,,,,,,,,,,,,,,,291.2446584701538,False
1737650582.373646,2025-01-23 17:43:02,OTHER,PAUSE,,,,,,,,,,,,,,,,,,,,,,,,,,,,,,,,,,,,,,,291.3596649169922,False
1737650582.4746518,2025-01-23 17:43:02,OTHER,PAUSE,,,,,,,,,,,,,,,,,,,,,,,,,,,,,,,,,,,,,,,291.46067070961,False
1737650582.5936587,2025-01-23 17:43:02,OTHER,PAUSE,,,,,,,,,,,,,,,,,,,,,,,,,,,,,,,,,,,,,,,291.5796775817871,False
1737650582.6976645,2025-01-23 17:43:02,OTHER,PAUSE,,,,,,,,,,,,,,,,,,,,,,,,,,,,,,,,,,,,,,,291.68368339538574,False
1737650582.829672,2025-01-23 17:43:02,OTHER,PAUSE,,,,,,,,,,,,,,,,,,,,,,,,,,,,,,,,,,,,,,,291.8156909942627,False
1737650582.9396784,2025-01-23 17:43:02,OTHER,PAUSE,,,,,,,,,,,,,,,,,,,,,,,,,,,,,,,,,,,,,,,291.92569732666016,False
1737650583.036684,2025-01-23 17:43:03,OTHER,PAUSE,,,,,,,,,,,,,,,,,,,,,,,,,,,,,,,,,,,,,,,292.0227029323578,False
1737650583.1356897,2025-01-23 17:43:03,OTHER,PAUSE,,,,,,,,,,,,,,,,,,,,,,,,,,,,,,,,,,,,,,,292.1217086315155,False
1737650583.2406957,2025-01-23 17:43:03,OTHER,PAUSE,,,,,,,,,,,,,,,,,,,,,,,,,,,,,,,,,,,,,,,292.22671461105347,False
1737650583.3657029,2025-01-23 17:43:03,OTHER,PAUSE,,,,,,,,,,,,,,,,,,,,,,,,,,,,,,,,,,,,,,,292.35172176361084,False
1737650583.4677086,2025-01-23 17:43:03,OTHER,PAUSE,,,,,,,,,,,,,,,,,,,,,,,,,,,,,,,,,,,,,,,292.4537274837494,False
1737650583.5787148,2025-01-23 17:43:03,OTHER,PAUSE,,,,,,,,,,,,,,,,,,,,,,,,,,,,,,,,,,,,,,,292.5647337436676,False
1737650583.6857212,2025-01-23 17:43:03,OTHER,PAUSE,,,,,,,,,,,,,,,,,,,,,,,,,,,,,,,,,,,,,,,292.67174005508423,False
1737650583.787727,2025-01-23 17:43:03,OTHER,PAUSE,,,,,,,,,,,,,,,,,,,,,,,,,,,,,,,,,,,,,,,292.77374601364136,False
1737650583.9087338,2025-01-23 17:43:03,OTHER,PAUSE,,,,,,,,,,,,,,,,,,,,,,,,,,,,,,,,,,,,,,,292.89475274086,False
1737650584.01274,2025-01-23 17:43:04,OTHER,PAUSE,,,,,,,,,,,,,,,,,,,,,,,,,,,,,,,,,,,,,,,292.9987587928772,False
1737650584.120746,2025-01-23 17:43:04,OTHER,PAUSE,,,,,,,,,,,,,,,,,,,,,,,,,,,,,,,,,,,,,,,293.106764793396,False
1737650584.2217517,2025-01-23 17:43:04,OTHER,PAUSE,,,,,,,,,,,,,,,,,,,,,,,,,,,,,,,,,,,,,,,293.2077705860138,False
1737650584.326758,2025-01-23 17:43:04,OTHER,PAUSE,,,,,,,,,,,,,,,,,,,,,,,,,,,,,,,,,,,,,,,293.31277680397034,False
1737650584.452765,2025-01-23 17:43:04,OTHER,PAUSE,,,,,,,,,,,,,,,,,,,,,,,,,,,,,,,,,,,,,,,293.43878388404846,False
1737650584.5647714,2025-01-23 17:43:04,OTHER,PAUSE,,,,,,,,,,,,,,,,,,,,,,,,,,,,,,,,,,,,,,,293.550790309906,False
1737650584.6857781,2025-01-23 17:43:04,OTHER,PAUSE,,,,,,,,,,,,,,,,,,,,,,,,,,,,,,,,,,,,,,,293.67179703712463,False
1737650584.7917845,2025-01-23 17:43:04,OTHER,PAUSE,,,,,,,,,,,,,,,,,,,,,,,,,,,,,,,,,,,,,,,293.7778034210205,False
1737650584.8967905,2025-01-23 17:43:04,OTHER,PAUSE,,,,,,,,,,,,,,,,,,,,,,,,,,,,,,,,,,,,,,,293.8828094005585,False
1737650585.0257978,2025-01-23 17:43:05,OTHER,PAUSE,,,,,,,,,,,,,,,,,,,,,,,,,,,,,,,,,,,,,,,294.011816740036,False
1737650585.131804,2025-01-23 17:43:05,OTHER,PAUSE,,,,,,,,,,,,,,,,,,,,,,,,,,,,,,,,,,,,,,,294.1178228855133,False
1737650585.23781,2025-01-23 17:43:05,OTHER,PAUSE,,,,,,,,,,,,,,,,,,,,,,,,,,,,,,,,,,,,,,,294.223828792572,False
1737650585.3568165,2025-01-23 17:43:05,OTHER,PAUSE,,,,,,,,,,,,,,,,,,,,,,,,,,,,,,,,,,,,,,,294.34283542633057,False
1737650585.4558222,2025-01-23 17:43:05,OTHER,PAUSE,,,,,,,,,,,,,,,,,,,,,,,,,,,,,,,,,,,,,,,294.4418411254883,False
1737650585.5738292,2025-01-23 17:43:05,OTHER,PAUSE,,,,,,,,,,,,,,,,,,,,,,,,,,,,,,,,,,,,,,,294.55984807014465,False
1737650585.7068367,2025-01-23 17:43:05,OTHER,PAUSE,,,,,,,,,,,,,,,,,,,,,,,,,,,,,,,,,,,,,,,294.69285559654236,False
1737650585.8138428,2025-01-23 17:43:05,OTHER,PAUSE,,,,,,,,,,,,,,,,,,,,,,,,,,,,,,,,,,,,,,,294.7998616695404,False
1737650585.9298496,2025-01-23 17:43:05,OTHER,PAUSE,,,,,,,,,,,,,,,,,,,,,,,,,,,,,,,,,,,,,,,294.9158685207367,False
1737650586.039856,2025-01-23 17:43:06,OTHER,PAUSE,,,,,,,,,,,,,,,,,,,,,,,,,,,,,,,,,,,,,,,295.02587485313416,False
1737650586.1738634,2025-01-23 17:43:06,OTHER,PAUSE,,,,,,,,,,,,,,,,,,,,,,,,,,,,,,,,,,,,,,,295.1598823070526,False
1737650586.2828698,2025-01-23 17:43:06,OTHER,PAUSE,,,,,,,,,,,,,,,,,,,,,,,,,,,,,,,,,,,,,,,295.2688887119293,False
1737650586.3908758,2025-01-23 17:43:06,OTHER,PAUSE,,,,,,,,,,,,,,,,,,,,,,,,,,,,,,,,,,,,,,,295.3768947124481,False
1737650586.4878814,2025-01-23 17:43:06,OTHER,PAUSE,,,,,,,,,,,,,,,,,,,,,,,,,,,,,,,,,,,,,,,295.47390031814575,False
1737650586.585887,2025-01-23 17:43:06,OTHER,PAUSE,,,,,,,,,,,,,,,,,,,,,,,,,,,,,,,,,,,,,,,295.57190585136414,False
1737650586.7118943,2025-01-23 17:43:06,OTHER,PAUSE,,,,,,,,,,,,,,,,,,,,,,,,,,,,,,,,,,,,,,,295.69791316986084,False
1737650586.8259008,2025-01-23 17:43:06,OTHER,PAUSE,,,,,,,,,,,,,,,,,,,,,,,,,,,,,,,,,,,,,,,295.81191968917847,False
1737650586.9419074,2025-01-23 17:43:06,OTHER,PAUSE,,,,,,,,,,,,,,,,,,,,,,,,,,,,,,,,,,,,,,,295.9279263019562,False
1737650587.0549138,2025-01-23 17:43:07,OTHER,PAUSE,,,,,,,,,,,,,,,,,,,,,,,,,,,,,,,,,,,,,,,296.0409326553345,False
1737650587.1519194,2025-01-23 17:43:07,OTHER,PAUSE,,,,,,,,,,,,,,,,,,,,,,,,,,,,,,,,,,,,,,,296.1379382610321,False
1737650587.2599256,2025-01-23 17:43:07,OTHER,PAUSE,,,,,,,,,,,,,,,,,,,,,,,,,,,,,,,,,,,,,,,296.2459444999695,False
1737650587.3679316,2025-01-23 17:43:07,OTHER,PAUSE,,,,,,,,,,,,,,,,,,,,,,,,,,,,,,,,,,,,,,,296.3539505004883,False
1737650587.4849384,2025-01-23 17:43:07,OTHER,PAUSE,,,,,,,,,,,,,,,,,,,,,,,,,,,,,,,,,,,,,,,296.4709572792053,False
1737650587.5899444,2025-01-23 17:43:07,OTHER,PAUSE,,,,,,,,,,,,,,,,,,,,,,,,,,,,,,,,,,,,,,,296.5759632587433,False
1737650587.6879501,2025-01-23 17:43:07,OTHER,PAUSE,,,,,,,,,,,,,,,,,,,,,,,,,,,,,,,,,,,,,,,296.67396903038025,False
1737650587.8039567,2025-01-23 17:43:07,OTHER,PAUSE,,,,,,,,,,,,,,,,,,,,,,,,,,,,,,,,,,,,,,,296.78997564315796,False
1737650587.9379642,2025-01-23 17:43:07,OTHER,PAUSE,,,,,,,,,,,,,,,,,,,,,,,,,,,,,,,,,,,,,,,296.9239830970764,False
1737650588.0509708,2025-01-23 17:43:08,OTHER,PAUSE,,,,,,,,,,,,,,,,,,,,,,,,,,,,,,,,,,,,,,,297.0369896888733,False
1737650588.159977,2025-01-23 17:43:08,OTHER,PAUSE,,,,,,,,,,,,,,,,,,,,,,,,,,,,,,,,,,,,,,,297.1459958553314,False
1737650588.2579827,2025-01-23 17:43:08,OTHER,PAUSE,,,,,,,,,,,,,,,,,,,,,,,,,,,,,,,,,,,,,,,297.2440016269684,False
1737650588.3579884,2025-01-23 17:43:08,OTHER,PAUSE,,,,,,,,,,,,,,,,,,,,,,,,,,,,,,,,,,,,,,,297.34400725364685,False
1737650588.4719949,2025-01-23 17:43:08,OTHER,PAUSE,,,,,,,,,,,,,,,,,,,,,,,,,,,,,,,,,,,,,,,297.4580137729645,False
1737650588.5900016,2025-01-23 17:43:08,OTHER,PAUSE,,,,,,,,,,,,,,,,,,,,,,,,,,,,,,,,,,,,,,,297.57602047920227,False
1737650588.700008,2025-01-23 17:43:08,OTHER,PAUSE,,,,,,,,,,,,,,,,,,,,,,,,,,,,,,,,,,,,,,,297.68602681159973,False
1737650588.8030138,2025-01-23 17:43:08,OTHER,PAUSE,,,,,,,,,,,,,,,,,,,,,,,,,,,,,,,,,,,,,,,297.7890326976776,False
1737650588.9050198,2025-01-23 17:43:08,OTHER,PAUSE,,,,,,,,,,,,,,,,,,,,,,,,,,,,,,,,,,,,,,,297.89103865623474,False
1737650589.0300267,2025-01-23 17:43:09,OTHER,PAUSE,,,,,,,,,,,,,,,,,,,,,,,,,,,,,,,,,,,,,,,298.01604557037354,False
1737650589.142033,2025-01-23 17:43:09,OTHER,PAUSE,,,,,,,,,,,,,,,,,,,,,,,,,,,,,,,,,,,,,,,298.1280519962311,False
1737650589.2620401,2025-01-23 17:43:09,OTHER,PAUSE,,,,,,,,,,,,,,,,,,,,,,,,,,,,,,,,,,,,,,,298.24805903434753,False
1737650589.368046,2025-01-23 17:43:09,OTHER,PAUSE,,,,,,,,,,,,,,,,,,,,,,,,,,,,,,,,,,,,,,,298.35406494140625,False
1737650589.4810526,2025-01-23 17:43:09,OTHER,PAUSE,,,,,,,,,,,,,,,,,,,,,,,,,,,,,,,,,,,,,,,298.4670715332031,False
1737650589.61206,2025-01-23 17:43:09,OTHER,PAUSE,,,,,,,,,,,,,,,,,,,,,,,,,,,,,,,,,,,,,,,298.59807896614075,False
1737650589.7210662,2025-01-23 17:43:09,OTHER,PAUSE,,,,,,,,,,,,,,,,,,,,,,,,,,,,,,,,,,,,,,,298.7070851325989,False
1737650589.8350728,2025-01-23 17:43:09,OTHER,PAUSE,,,,,,,,,,,,,,,,,,,,,,,,,,,,,,,,,,,,,,,298.8210916519165,False
1737650589.9370787,2025-01-23 17:43:09,OTHER,PAUSE,,,,,,,,,,,,,,,,,,,,,,,,,,,,,,,,,,,,,,,298.92309761047363,False
1737650590.0380845,2025-01-23 17:43:10,OTHER,PAUSE,,,,,,,,,,,,,,,,,,,,,,,,,,,,,,,,,,,,,,,299.02410340309143,False
1737650590.1600914,2025-01-23 17:43:10,OTHER,PAUSE,,,,,,,,,,,,,,,,,,,,,,,,,,,,,,,,,,,,,,,299.1461102962494,False
1737650590.2630973,2025-01-23 17:43:10,OTHER,PAUSE,,,,,,,,,,,,,,,,,,,,,,,,,,,,,,,,,,,,,,,299.24911618232727,False
1737650590.3731036,2025-01-23 17:43:10,OTHER,PAUSE,,,,,,,,,,,,,,,,,,,,,,,,,,,,,,,,,,,,,,,299.35912251472473,False
1737650590.4771094,2025-01-23 17:43:10,OTHER,PAUSE,,,,,,,,,,,,,,,,,,,,,,,,,,,,,,,,,,,,,,,299.46312832832336,False
1737650590.5761151,2025-01-23 17:43:10,OTHER,PAUSE,,,,,,,,,,,,,,,,,,,,,,,,,,,,,,,,,,,,,,,299.5621340274811,False
1737650590.7031224,2025-01-23 17:43:10,OTHER,PAUSE,,,,,,,,,,,,,,,,,,,,,,,,,,,,,,,,,,,,,,,299.68914127349854,False
1737650590.8111286,2025-01-23 17:43:10,OTHER,PAUSE,,,,,,,,,,,,,,,,,,,,,,,,,,,,,,,,,,,,,,,299.7971475124359,False
1737650590.9291353,2025-01-23 17:43:10,OTHER,PAUSE,,,,,,,,,,,,,,,,,,,,,,,,,,,,,,,,,,,,,,,299.9151542186737,False
1737650591.025141,2025-01-23 17:43:11,OTHER,PAUSE,,,,,,,,,,,,,,,,,,,,,,,,,,,,,,,,,,,,,,,300.0111598968506,False
1737650591.1371474,2025-01-23 17:43:11,OTHER,PAUSE,,,,,,,,,,,,,,,,,,,,,,,,,,,,,,,,,,,,,,,300.12316632270813,False
1737650591.2911563,2025-01-23 17:43:11,OTHER,PAUSE,,,,,,,,,,,,,,,,,,,,,,,,,,,,,,,,,,,,,,,300.2771751880646,False
1737650591.4391646,2025-01-23 17:43:11,OTHER,PAUSE,,,,,,,,,,,,,,,,,,,,,,,,,,,,,,,,,,,,,,,300.4251835346222,False
1737650591.5781724,2025-01-23 17:43:11,OTHER,PAUSE,,,,,,,,,,,,,,,,,,,,,,,,,,,,,,,,,,,,,,,300.56419134140015,False
1737650591.7461822,2025-01-23 17:43:11,OTHER,PAUSE,,,,,,,,,,,,,,,,,,,,,,,,,,,,,,,,,,,,,,,300.73220109939575,False
1737650591.88319,2025-01-23 17:43:11,OTHER,PAUSE,,,,,,,,,,,,,,,,,,,,,,,,,,,,,,,,,,,,,,,300.8692088127136,False
1737650592.0091972,2025-01-23 17:43:12,OTHER,PAUSE,,,,,,,,,,,,,,,,,,,,,,,,,,,,,,,,,,,,,,,300.9952161312103,False
1737650592.1302042,2025-01-23 17:43:12,OTHER,PAUSE,,,,,,,,,,,,,,,,,,,,,,,,,,,,,,,,,,,,,,,301.11622309684753,False
1737650592.2282097,2025-01-23 17:43:12,OTHER,PAUSE,,,,,,,,,,,,,,,,,,,,,,,,,,,,,,,,,,,,,,,301.2142286300659,False
1737650592.3342156,2025-01-23 17:43:12,OTHER,PAUSE,,,,,,,,,,,,,,,,,,,,,,,,,,,,,,,,,,,,,,,301.32023453712463,False
1737650592.4522223,2025-01-23 17:43:12,OTHER,PAUSE,,,,,,,,,,,,,,,,,,,,,,,,,,,,,,,,,,,,,,,301.4382412433624,False
1737650592.5582285,2025-01-23 17:43:12,OTHER,PAUSE,,,,,,,,,,,,,,,,,,,,,,,,,,,,,,,,,,,,,,,301.5442473888397,False
1737650592.6642346,2025-01-23 17:43:12,OTHER,PAUSE,,,,,,,,,,,,,,,,,,,,,,,,,,,,,,,,,,,,,,,301.650253534317,False
1737650592.7642403,2025-01-23 17:43:12,OTHER,PAUSE,,,,,,,,,,,,,,,,,,,,,,,,,,,,,,,,,,,,,,,301.7502591609955,False
1737650592.8592458,2025-01-23 17:43:12,OTHER,PAUSE,,,,,,,,,,,,,,,,,,,,,,,,,,,,,,,,,,,,,,,301.84526467323303,False
1737650592.9992537,2025-01-23 17:43:12,OTHER,PAUSE,,,,,,,,,,,,,,,,,,,,,,,,,,,,,,,,,,,,,,,301.9852726459503,False
1737650593.1122603,2025-01-23 17:43:13,OTHER,PAUSE,,,,,,,,,,,,,,,,,,,,,,,,,,,,,,,,,,,,,,,302.0982792377472,False
1737650593.2272668,2025-01-23 17:43:13,OTHER,PAUSE,,,,,,,,,,,,,,,,,,,,,,,,,,,,,,,,,,,,,,,302.21328568458557,False
1737650593.3372731,2025-01-23 17:43:13,OTHER,PAUSE,,,,,,,,,,,,,,,,,,,,,,,,,,,,,,,,,,,,,,,302.32329201698303,False
1737650593.4502797,2025-01-23 17:43:13,OTHER,PAUSE,,,,,,,,,,,,,,,,,,,,,,,,,,,,,,,,,,,,,,,302.4362986087799,False
1737650593.5832872,2025-01-23 17:43:13,OTHER,PAUSE,,,,,,,,,,,,,,,,,,,,,,,,,,,,,,,,,,,,,,,302.5693061351776,False
1737650593.7012942,2025-01-23 17:43:13,OTHER,PAUSE,,,,,,,,,,,,,,,,,,,,,,,,,,,,,,,,,,,,,,,302.687313079834,False
1737650593.8213007,2025-01-23 17:43:13,OTHER,PAUSE,,,,,,,,,,,,,,,,,,,,,,,,,,,,,,,,,,,,,,,302.8073196411133,False
1737650593.9303071,2025-01-23 17:43:13,OTHER,PAUSE,,,,,,,,,,,,,,,,,,,,,,,,,,,,,,,,,,,,,,,302.91632604599,False
1737650594.0403132,2025-01-23 17:43:14,OTHER,PAUSE,,,,,,,,,,,,,,,,,,,,,,,,,,,,,,,,,,,,,,,303.0263321399689,False
1737650594.1623204,2025-01-23 17:43:14,OTHER,PAUSE,,,,,,,,,,,,,,,,,,,,,,,,,,,,,,,,,,,,,,,303.1483392715454,False
1737650594.2673264,2025-01-23 17:43:14,OTHER,PAUSE,,,,,,,,,,,,,,,,,,,,,,,,,,,,,,,,,,,,,,,303.2533452510834,False
1737650594.3713324,2025-01-23 17:43:14,OTHER,PAUSE,,,,,,,,,,,,,,,,,,,,,,,,,,,,,,,,,,,,,,,303.3573513031006,False
1737650594.469338,2025-01-23 17:43:14,OTHER,PAUSE,,,,,,,,,,,,,,,,,,,,,,,,,,,,,,,,,,,,,,,303.45535683631897,False
1737650594.5663433,2025-01-23 17:43:14,OTHER,PAUSE,,,,,,,,,,,,,,,,,,,,,,,,,,,,,,,,,,,,,,,303.552362203598,False
1737650594.700351,2025-01-23 17:43:14,OTHER,PAUSE,,,,,,,,,,,,,,,,,,,,,,,,,,,,,,,,,,,,,,,303.68636989593506,False
1737650594.8083575,2025-01-23 17:43:14,OTHER,PAUSE,,,,,,,,,,,,,,,,,,,,,,,,,,,,,,,,,,,,,,,303.794376373291,False
1737650594.9183636,2025-01-23 17:43:14,OTHER,PAUSE,,,,,,,,,,,,,,,,,,,,,,,,,,,,,,,,,,,,,,,303.9043824672699,False
1737650595.0203693,2025-01-23 17:43:15,OTHER,PAUSE,,,,,,,,,,,,,,,,,,,,,,,,,,,,,,,,,,,,,,,304.00638818740845,False
1737650595.1293757,2025-01-23 17:43:15,OTHER,PAUSE,,,,,,,,,,,,,,,,,,,,,,,,,,,,,,,,,,,,,,,304.11539459228516,False
1737650595.2553828,2025-01-23 17:43:15,OTHER,PAUSE,,,,,,,,,,,,,,,,,,,,,,,,,,,,,,,,,,,,,,,304.2414016723633,False
1737650595.3673892,2025-01-23 17:43:15,OTHER,PAUSE,,,,,,,,,,,,,,,,,,,,,,,,,,,,,,,,,,,,,,,304.3534080982208,False
1737650595.473395,2025-01-23 17:43:15,OTHER,PAUSE,,,,,,,,,,,,,,,,,,,,,,,,,,,,,,,,,,,,,,,304.45941400527954,False
1737650595.573401,2025-01-23 17:43:15,OTHER,PAUSE,,,,,,,,,,,,,,,,,,,,,,,,,,,,,,,,,,,,,,,304.5594198703766,False
1737650595.6724067,2025-01-23 17:43:15,OTHER,PAUSE,,,,,,,,,,,,,,,,,,,,,,,,,,,,,,,,,,,,,,,304.6584255695343,False
1737650595.8044143,2025-01-23 17:43:15,OTHER,PAUSE,,,,,,,,,,,,,,,,,,,,,,,,,,,,,,,,,,,,,,,304.79043316841125,False
1737650595.920421,2025-01-23 17:43:15,OTHER,PAUSE,,,,,,,,,,,,,,,,,,,,,,,,,,,,,,,,,,,,,,,304.90643978118896,False
1737650596.0374277,2025-01-23 17:43:16,OTHER,PAUSE,,,,,,,,,,,,,,,,,,,,,,,,,,,,,,,,,,,,,,,305.023446559906,False
1737650596.1354332,2025-01-23 17:43:16,OTHER,PAUSE,,,,,,,,,,,,,,,,,,,,,,,,,,,,,,,,,,,,,,,305.1214520931244,False
1737650596.2444394,2025-01-23 17:43:16,OTHER,PAUSE,,,,,,,,,,,,,,,,,,,,,,,,,,,,,,,,,,,,,,,305.2304582595825,False
1737650596.3674464,2025-01-23 17:43:16,OTHER,PAUSE,,,,,,,,,,,,,,,,,,,,,,,,,,,,,,,,,,,,,,,305.3534653186798,False
1737650596.467452,2025-01-23 17:43:16,OTHER,PAUSE,,,,,,,,,,,,,,,,,,,,,,,,,,,,,,,,,,,,,,,305.4534709453583,False
1737650596.5744584,2025-01-23 17:43:16,OTHER,PAUSE,,,,,,,,,,,,,,,,,,,,,,,,,,,,,,,,,,,,,,,305.5604772567749,False
1737650596.6774642,2025-01-23 17:43:16,OTHER,PAUSE,,,,,,,,,,,,,,,,,,,,,,,,,,,,,,,,,,,,,,,305.6634831428528,False
1737650596.7894707,2025-01-23 17:43:16,OTHER,PAUSE,,,,,,,,,,,,,,,,,,,,,,,,,,,,,,,,,,,,,,,305.7754895687103,False
1737650596.919478,2025-01-23 17:43:16,OTHER,PAUSE,,,,,,,,,,,,,,,,,,,,,,,,,,,,,,,,,,,,,,,305.9054968357086,False
1737650597.0314844,2025-01-23 17:43:17,OTHER,PAUSE,,,,,,,,,,,,,,,,,,,,,,,,,,,,,,,,,,,,,,,306.01750326156616,False
1737650597.1344903,2025-01-23 17:43:17,OTHER,PAUSE,,,,,,,,,,,,,,,,,,,,,,,,,,,,,,,,,,,,,,,306.12050914764404,False
1737650597.2314959,2025-01-23 17:43:17,OTHER,PAUSE,,,,,,,,,,,,,,,,,,,,,,,,,,,,,,,,,,,,,,,306.2175147533417,False
1737650597.3315015,2025-01-23 17:43:17,OTHER,PAUSE,,,,,,,,,,,,,,,,,,,,,,,,,,,,,,,,,,,,,,,306.31752038002014,False
1737650597.4485085,2025-01-23 17:43:17,OTHER,PAUSE,,,,,,,,,,,,,,,,,,,,,,,,,,,,,,,,,,,,,,,306.43452739715576,False
1737650597.5525143,2025-01-23 17:43:17,OTHER,PAUSE,,,,,,,,,,,,,,,,,,,,,,,,,,,,,,,,,,,,,,,306.5385332107544,False
1737650597.6755214,2025-01-23 17:43:17,OTHER,PAUSE,,,,,,,,,,,,,,,,,,,,,,,,,,,,,,,,,,,,,,,306.6615402698517,False
1737650597.777527,2025-01-23 17:43:17,OTHER,PAUSE,,,,,,,,,,,,,,,,,,,,,,,,,,,,,,,,,,,,,,,306.76354598999023,False
1737650597.8815331,2025-01-23 17:43:17,OTHER,PAUSE,,,,,,,,,,,,,,,,,,,,,,,,,,,,,,,,,,,,,,,306.86755204200745,False
1737650598.0115404,2025-01-23 17:43:18,OTHER,PAUSE,,,,,,,,,,,,,,,,,,,,,,,,,,,,,,,,,,,,,,,306.99755930900574,False
1737650598.1315475,2025-01-23 17:43:18,OTHER,PAUSE,,,,,,,,,,,,,,,,,,,,,,,,,,,,,,,,,,,,,,,307.1175663471222,False
1737650598.2385535,2025-01-23 17:43:18,OTHER,PAUSE,,,,,,,,,,,,,,,,,,,,,,,,,,,,,,,,,,,,,,,307.22457242012024,False
1737650598.3385592,2025-01-23 17:43:18,OTHER,PAUSE,,,,,,,,,,,,,,,,,,,,,,,,,,,,,,,,,,,,,,,307.3245780467987,False
1737650598.4425652,2025-01-23 17:43:18,OTHER,PAUSE,,,,,,,,,,,,,,,,,,,,,,,,,,,,,,,,,,,,,,,307.4285840988159,False
1737650598.580573,2025-01-23 17:43:18,OTHER,PAUSE,,,,,,,,,,,,,,,,,,,,,,,,,,,,,,,,,,,,,,,307.5665919780731,False
1737650598.6935794,2025-01-23 17:43:18,OTHER,PAUSE,,,,,,,,,,,,,,,,,,,,,,,,,,,,,,,,,,,,,,,307.6795983314514,False
1737650598.8015857,2025-01-23 17:43:18,OTHER,PAUSE,,,,,,,,,,,,,,,,,,,,,,,,,,,,,,,,,,,,,,,307.7876045703888,False
1737650598.9015913,2025-01-23 17:43:18,OTHER,PAUSE,,,,,,,,,,,,,,,,,,,,,,,,,,,,,,,,,,,,,,,307.88761019706726,False
1737650599.0085976,2025-01-23 17:43:19,OTHER,PAUSE,,,,,,,,,,,,,,,,,,,,,,,,,,,,,,,,,,,,,,,307.9946165084839,False
1737650599.136605,2025-01-23 17:43:19,OTHER,PAUSE,,,,,,,,,,,,,,,,,,,,,,,,,,,,,,,,,,,,,,,308.1226239204407,False
1737650599.2576118,2025-01-23 17:43:19,OTHER,PAUSE,,,,,,,,,,,,,,,,,,,,,,,,,,,,,,,,,,,,,,,308.2436306476593,False
1737650599.3726184,2025-01-23 17:43:19,OTHER,PAUSE,,,,,,,,,,,,,,,,,,,,,,,,,,,,,,,,,,,,,,,308.35863733291626,False
1737650599.4796245,2025-01-23 17:43:19,OTHER,PAUSE,,,,,,,,,,,,,,,,,,,,,,,,,,,,,,,,,,,,,,,308.4656434059143,False
1737650599.5846305,2025-01-23 17:43:19,OTHER,PAUSE,,,,,,,,,,,,,,,,,,,,,,,,,,,,,,,,,,,,,,,308.57064938545227,False
1737650599.7146378,2025-01-23 17:43:19,OTHER,PAUSE,,,,,,,,,,,,,,,,,,,,,,,,,,,,,,,,,,,,,,,308.70065665245056,False
1737650599.8286443,2025-01-23 17:43:19,OTHER,PAUSE,,,,,,,,,,,,,,,,,,,,,,,,,,,,,,,,,,,,,,,308.8146631717682,False
1737650599.9446511,2025-01-23 17:43:19,OTHER,PAUSE,,,,,,,,,,,,,,,,,,,,,,,,,,,,,,,,,,,,,,,308.9306700229645,False
1737650600.0526574,2025-01-23 17:43:20,OTHER,PAUSE,,,,,,,,,,,,,,,,,,,,,,,,,,,,,,,,,,,,,,,309.03867626190186,False
1737650600.1826646,2025-01-23 17:43:20,OTHER,PAUSE,,,,,,,,,,,,,,,,,,,,,,,,,,,,,,,,,,,,,,,309.16868352890015,False
1737650600.2906709,2025-01-23 17:43:20,OTHER,PAUSE,,,,,,,,,,,,,,,,,,,,,,,,,,,,,,,,,,,,,,,309.2766897678375,False
1737650600.3866765,2025-01-23 17:43:20,OTHER,PAUSE,,,,,,,,,,,,,,,,,,,,,,,,,,,,,,,,,,,,,,,309.3726954460144,False
1737650600.4886823,2025-01-23 17:43:20,OTHER,PAUSE,,,,,,,,,,,,,,,,,,,,,,,,,,,,,,,,,,,,,,,309.47470116615295,False
1737650600.592688,2025-01-23 17:43:20,OTHER,PAUSE,,,,,,,,,,,,,,,,,,,,,,,,,,,,,,,,,,,,,,,309.5787069797516,False
1737650600.7096946,2025-01-23 17:43:20,OTHER,PAUSE,,,,,,,,,,,,,,,,,,,,,,,,,,,,,,,,,,,,,,,309.69571352005005,False
1737650600.8407023,2025-01-23 17:43:20,OTHER,PAUSE,,,,,,,,,,,,,,,,,,,,,,,,,,,,,,,,,,,,,,,309.82672119140625,False
1737650600.958709,2025-01-23 17:43:20,OTHER,PAUSE,,,,,,,,,,,,,,,,,,,,,,,,,,,,,,,,,,,,,,,309.94472789764404,False
1737650601.0577147,2025-01-23 17:43:21,OTHER,PAUSE,,,,,,,,,,,,,,,,,,,,,,,,,,,,,,,,,,,,,,,310.04373359680176,False
1737650601.1687212,2025-01-23 17:43:21,OTHER,PAUSE,,,,,,,,,,,,,,,,,,,,,,,,,,,,,,,,,,,,,,,310.15474009513855,False
1737650601.275727,2025-01-23 17:43:21,OTHER,PAUSE,,,,,,,,,,,,,,,,,,,,,,,,,,,,,,,,,,,,,,,310.261745929718,False
1737650601.3797333,2025-01-23 17:43:21,OTHER,PAUSE,,,,,,,,,,,,,,,,,,,,,,,,,,,,,,,,,,,,,,,310.3657522201538,False
1737650601.479739,2025-01-23 17:43:21,OTHER,PAUSE,,,,,,,,,,,,,,,,,,,,,,,,,,,,,,,,,,,,,,,310.4657578468323,False
1737650601.584745,2025-01-23 17:43:21,OTHER,PAUSE,,,,,,,,,,,,,,,,,,,,,,,,,,,,,,,,,,,,,,,310.57076382637024,False
1737650601.6877508,2025-01-23 17:43:21,OTHER,PAUSE,,,,,,,,,,,,,,,,,,,,,,,,,,,,,,,,,,,,,,,310.6737697124481,False
1737650601.7937567,2025-01-23 17:43:21,OTHER,PAUSE,,,,,,,,,,,,,,,,,,,,,,,,,,,,,,,,,,,,,,,310.77977561950684,False
1737650601.9037633,2025-01-23 17:43:21,OTHER,PAUSE,,,,,,,,,,,,,,,,,,,,,,,,,,,,,,,,,,,,,,,310.8897821903229,False
1737650602.008769,2025-01-23 17:43:22,OTHER,PAUSE,,,,,,,,,,,,,,,,,,,,,,,,,,,,,,,,,,,,,,,310.99478793144226,False
1737650602.111775,2025-01-23 17:43:22,OTHER,PAUSE,,,,,,,,,,,,,,,,,,,,,,,,,,,,,,,,,,,,,,,311.09779381752014,False
1737650602.231782,2025-01-23 17:43:22,OTHER,PAUSE,,,,,,,,,,,,,,,,,,,,,,,,,,,,,,,,,,,,,,,311.2178008556366,False
1737650602.339788,2025-01-23 17:43:22,OTHER,PAUSE,,,,,,,,,,,,,,,,,,,,,,,,,,,,,,,,,,,,,,,311.3258068561554,False
1737650602.4517944,2025-01-23 17:43:22,OTHER,PAUSE,,,,,,,,,,,,,,,,,,,,,,,,,,,,,,,,,,,,,,,311.43781328201294,False
1737650602.5718014,2025-01-23 17:43:22,OTHER,PAUSE,,,,,,,,,,,,,,,,,,,,,,,,,,,,,,,,,,,,,,,311.5578203201294,False
1737650602.6748073,2025-01-23 17:43:22,OTHER,PAUSE,,,,,,,,,,,,,,,,,,,,,,,,,,,,,,,,,,,,,,,311.6608262062073,False
1737650602.7788131,2025-01-23 17:43:22,OTHER,PAUSE,,,,,,,,,,,,,,,,,,,,,,,,,,,,,,,,,,,,,,,311.7648320198059,False
1737650602.8848193,2025-01-23 17:43:22,OTHER,PAUSE,,,,,,,,,,,,,,,,,,,,,,,,,,,,,,,,,,,,,,,311.8708381652832,False
1737650603.0108266,2025-01-23 17:43:23,OTHER,PAUSE,,,,,,,,,,,,,,,,,,,,,,,,,,,,,,,,,,,,,,,311.9968454837799,False
1737650603.122833,2025-01-23 17:43:23,OTHER,PAUSE,,,,,,,,,,,,,,,,,,,,,,,,,,,,,,,,,,,,,,,312.10885190963745,False
1737650603.2398396,2025-01-23 17:43:23,OTHER,PAUSE,,,,,,,,,,,,,,,,,,,,,,,,,,,,,,,,,,,,,,,312.2258584499359,False
1737650603.353846,2025-01-23 17:43:23,OTHER,PAUSE,,,,,,,,,,,,,,,,,,,,,,,,,,,,,,,,,,,,,,,312.33986496925354,False
1737650603.4608521,2025-01-23 17:43:23,OTHER,PAUSE,,,,,,,,,,,,,,,,,,,,,,,,,,,,,,,,,,,,,,,312.4468710422516,False
1737650603.5668583,2025-01-23 17:43:23,OTHER,PAUSE,,,,,,,,,,,,,,,,,,,,,,,,,,,,,,,,,,,,,,,312.5528771877289,False
1737650603.683865,2025-01-23 17:43:23,OTHER,PAUSE,,,,,,,,,,,,,,,,,,,,,,,,,,,,,,,,,,,,,,,312.6698839664459,False
1737650603.8098722,2025-01-23 17:43:23,OTHER,PAUSE,,,,,,,,,,,,,,,,,,,,,,,,,,,,,,,,,,,,,,,312.79589104652405,False
1737650603.9418797,2025-01-23 17:43:23,OTHER,PAUSE,,,,,,,,,,,,,,,,,,,,,,,,,,,,,,,,,,,,,,,312.927898645401,False
1737650604.0408854,2025-01-23 17:43:24,OTHER,PAUSE,,,,,,,,,,,,,,,,,,,,,,,,,,,,,,,,,,,,,,,313.0269043445587,False
1737650604.1598923,2025-01-23 17:43:24,OTHER,PAUSE,,,,,,,,,,,,,,,,,,,,,,,,,,,,,,,,,,,,,,,313.14591121673584,False
1737650604.2688982,2025-01-23 17:43:24,OTHER,PAUSE,,,,,,,,,,,,,,,,,,,,,,,,,,,,,,,,,,,,,,,313.2549171447754,False
1737650604.3799047,2025-01-23 17:43:24,OTHER,PAUSE,,,,,,,,,,,,,,,,,,,,,,,,,,,,,,,,,,,,,,,313.3659236431122,False
1737650604.4889112,2025-01-23 17:43:24,OTHER,PAUSE,,,,,,,,,,,,,,,,,,,,,,,,,,,,,,,,,,,,,,,313.4749300479889,False
1737650604.6039176,2025-01-23 17:43:24,OTHER,PAUSE,,,,,,,,,,,,,,,,,,,,,,,,,,,,,,,,,,,,,,,313.58993649482727,False
1737650604.7369251,2025-01-23 17:43:24,OTHER,PAUSE,,,,,,,,,,,,,,,,,,,,,,,,,,,,,,,,,,,,,,,313.722944021225,False
1737650604.8439314,2025-01-23 17:43:24,OTHER,PAUSE,,,,,,,,,,,,,,,,,,,,,,,,,,,,,,,,,,,,,,,313.8299503326416,False
1737650604.9449372,2025-01-23 17:43:24,OTHER,PAUSE,,,,,,,,,,,,,,,,,,,,,,,,,,,,,,,,,,,,,,,313.9309561252594,False
1737650605.0539434,2025-01-23 17:43:25,OTHER,PAUSE,,,,,,,,,,,,,,,,,,,,,,,,,,,,,,,,,,,,,,,314.03996229171753,False
1737650605.153949,2025-01-23 17:43:25,OTHER,PAUSE,,,,,,,,,,,,,,,,,,,,,,,,,,,,,,,,,,,,,,,314.139967918396,False
1737650605.276956,2025-01-23 17:43:25,OTHER,PAUSE,,,,,,,,,,,,,,,,,,,,,,,,,,,,,,,,,,,,,,,314.2629749774933,False
1737650605.3899624,2025-01-23 17:43:25,OTHER,PAUSE,,,,,,,,,,,,,,,,,,,,,,,,,,,,,,,,,,,,,,,314.3759813308716,False
1737650605.4989688,2025-01-23 17:43:25,OTHER,PAUSE,,,,,,,,,,,,,,,,,,,,,,,,,,,,,,,,,,,,,,,314.4849877357483,False
1737650605.622976,2025-01-23 17:43:25,OTHER,PAUSE,,,,,,,,,,,,,,,,,,,,,,,,,,,,,,,,,,,,,,,314.6089949607849,False
1737650605.7229817,2025-01-23 17:43:25,OTHER,PAUSE,,,,,,,,,,,,,,,,,,,,,,,,,,,,,,,,,,,,,,,314.7090005874634,False
1737650605.8439884,2025-01-23 17:43:25,OTHER,PAUSE,,,,,,,,,,,,,,,,,,,,,,,,,,,,,,,,,,,,,,,314.830007314682,False
1737650605.9459941,2025-01-23 17:43:25,OTHER,PAUSE,,,,,,,,,,,,,,,,,,,,,,,,,,,,,,,,,,,,,,,314.93201303482056,False
1737650606.0510004,2025-01-23 17:43:26,OTHER,PAUSE,,,,,,,,,,,,,,,,,,,,,,,,,,,,,,,,,,,,,,,315.0370192527771,False
1737650606.1510062,2025-01-23 17:43:26,OTHER,PAUSE,,,,,,,,,,,,,,,,,,,,,,,,,,,,,,,,,,,,,,,315.13702511787415,False
1737650606.2570121,2025-01-23 17:43:26,OTHER,PAUSE,,,,,,,,,,,,,,,,,,,,,,,,,,,,,,,,,,,,,,,315.24303102493286,False
1737650606.3840194,2025-01-23 17:43:26,OTHER,PAUSE,,,,,,,,,,,,,,,,,,,,,,,,,,,,,,,,,,,,,,,315.3700382709503,False
1737650606.4920256,2025-01-23 17:43:26,OTHER,PAUSE,,,,,,,,,,,,,,,,,,,,,,,,,,,,,,,,,,,,,,,315.4780445098877,False
1737650606.6100323,2025-01-23 17:43:26,OTHER,PAUSE,,,,,,,,,,,,,,,,,,,,,,,,,,,,,,,,,,,,,,,315.5960512161255,False
1737650606.7200387,2025-01-23 17:43:26,OTHER,PAUSE,,,,,,,,,,,,,,,,,,,,,,,,,,,,,,,,,,,,,,,315.70605754852295,False
1737650606.8190444,2025-01-23 17:43:26,OTHER,PAUSE,,,,,,,,,,,,,,,,,,,,,,,,,,,,,,,,,,,,,,,315.80506324768066,False
1737650606.9480517,2025-01-23 17:43:26,OTHER,PAUSE,,,,,,,,,,,,,,,,,,,,,,,,,,,,,,,,,,,,,,,315.9340705871582,False
1737650607.0620582,2025-01-23 17:43:27,OTHER,PAUSE,,,,,,,,,,,,,,,,,,,,,,,,,,,,,,,,,,,,,,,316.04807710647583,False
1737650607.2070665,2025-01-23 17:43:27,OTHER,PAUSE,,,,,,,,,,,,,,,,,,,,,,,,,,,,,,,,,,,,,,,316.1930854320526,False
1737650607.351075,2025-01-23 17:43:27,OTHER,PAUSE,,,,,,,,,,,,,,,,,,,,,,,,,,,,,,,,,,,,,,,316.33709383010864,False
1737650607.4970832,2025-01-23 17:43:27,OTHER,PAUSE,,,,,,,,,,,,,,,,,,,,,,,,,,,,,,,,,,,,,,,316.4831020832062,False
1737650607.634091,2025-01-23 17:43:27,OTHER,PAUSE,,,,,,,,,,,,,,,,,,,,,,,,,,,,,,,,,,,,,,,316.62010979652405,False
1737650607.7640984,2025-01-23 17:43:27,OTHER,PAUSE,,,,,,,,,,,,,,,,,,,,,,,,,,,,,,,,,,,,,,,316.7501173019409,False
1737650607.8931057,2025-01-23 17:43:27,OTHER,PAUSE,,,,,,,,,,,,,,,,,,,,,,,,,,,,,,,,,,,,,,,316.87912464141846,False
1737650608.020113,2025-01-23 17:43:28,OTHER,PAUSE,,,,,,,,,,,,,,,,,,,,,,,,,,,,,,,,,,,,,,,317.0061318874359,False
1737650608.1471202,2025-01-23 17:43:28,OTHER,PAUSE,,,,,,,,,,,,,,,,,,,,,,,,,,,,,,,,,,,,,,,317.13313913345337,False
1737650608.246126,2025-01-23 17:43:28,OTHER,PAUSE,,,,,,,,,,,,,,,,,,,,,,,,,,,,,,,,,,,,,,,317.2321448326111,False
1737650608.3481317,2025-01-23 17:43:28,OTHER,PAUSE,,,,,,,,,,,,,,,,,,,,,,,,,,,,,,,,,,,,,,,317.33415055274963,False
1737650608.4641385,2025-01-23 17:43:28,OTHER,PAUSE,,,,,,,,,,,,,,,,,,,,,,,,,,,,,,,,,,,,,,,317.4501574039459,False
1737650608.579145,2025-01-23 17:43:28,OTHER,PAUSE,,,,,,,,,,,,,,,,,,,,,,,,,,,,,,,,,,,,,,,317.5651638507843,False
1737650608.716153,2025-01-23 17:43:28,OTHER,PAUSE,,,,,,,,,,,,,,,,,,,,,,,,,,,,,,,,,,,,,,,317.70217180252075,False
1737650608.8151584,2025-01-23 17:43:28,OTHER,PAUSE,,,,,,,,,,,,,,,,,,,,,,,,,,,,,,,,,,,,,,,317.8011772632599,False
1737650608.9201646,2025-01-23 17:43:28,OTHER,PAUSE,,,,,,,,,,,,,,,,,,,,,,,,,,,,,,,,,,,,,,,317.90618348121643,False
1737650609.0291708,2025-01-23 17:43:29,OTHER,PAUSE,,,,,,,,,,,,,,,,,,,,,,,,,,,,,,,,,,,,,,,318.01518964767456,False
1737650609.1351767,2025-01-23 17:43:29,OTHER,PAUSE,,,,,,,,,,,,,,,,,,,,,,,,,,,,,,,,,,,,,,,318.1211955547333,False
1737650609.261184,2025-01-23 17:43:29,OTHER,PAUSE,,,,,,,,,,,,,,,,,,,,,,,,,,,,,,,,,,,,,,,318.24720287323,False
1737650609.3791907,2025-01-23 17:43:29,OTHER,PAUSE,,,,,,,,,,,,,,,,,,,,,,,,,,,,,,,,,,,,,,,318.3652095794678,False
1737650609.5011978,2025-01-23 17:43:29,OTHER,PAUSE,,,,,,,,,,,,,,,,,,,,,,,,,,,,,,,,,,,,,,,318.4872167110443,False
1737650609.6072035,2025-01-23 17:43:29,OTHER,PAUSE,,,,,,,,,,,,,,,,,,,,,,,,,,,,,,,,,,,,,,,318.59322237968445,False
1737650609.7092097,2025-01-23 17:43:29,OTHER,PAUSE,,,,,,,,,,,,,,,,,,,,,,,,,,,,,,,,,,,,,,,318.69522857666016,False
1737650609.841217,2025-01-23 17:43:29,OTHER,PAUSE,,,,,,,,,,,,,,,,,,,,,,,,,,,,,,,,,,,,,,,318.82723593711853,False
1737650609.9562237,2025-01-23 17:43:29,OTHER,PAUSE,,,,,,,,,,,,,,,,,,,,,,,,,,,,,,,,,,,,,,,318.9422426223755,False
1737650610.1082325,2025-01-23 17:43:30,OTHER,PAUSE,,,,,,,,,,,,,,,,,,,,,,,,,,,,,,,,,,,,,,,319.09425139427185,False
1737650610.223239,2025-01-23 17:43:30,OTHER,PAUSE,,,,,,,,,,,,,,,,,,,,,,,,,,,,,,,,,,,,,,,319.20925784111023,False
1737650610.3552465,2025-01-23 17:43:30,OTHER,PAUSE,,,,,,,,,,,,,,,,,,,,,,,,,,,,,,,,,,,,,,,319.3412654399872,False
1737650610.4792535,2025-01-23 17:43:30,OTHER,PAUSE,,,,,,,,,,,,,,,,,,,,,,,,,,,,,,,,,,,,,,,319.4652724266052,False
1737650610.5842595,2025-01-23 17:43:30,OTHER,PAUSE,,,,,,,,,,,,,,,,,,,,,,,,,,,,,,,,,,,,,,,319.5702784061432,False
1737650610.6902657,2025-01-23 17:43:30,OTHER,PAUSE,,,,,,,,,,,,,,,,,,,,,,,,,,,,,,,,,,,,,,,319.6762845516205,False
1737650610.7992718,2025-01-23 17:43:30,OTHER,PAUSE,,,,,,,,,,,,,,,,,,,,,,,,,,,,,,,,,,,,,,,319.7852907180786,False
1737650610.9002779,2025-01-23 17:43:30,OTHER,PAUSE,,,,,,,,,,,,,,,,,,,,,,,,,,,,,,,,,,,,,,,319.886296749115,False
1737650611.0242846,2025-01-23 17:43:31,OTHER,PAUSE,,,,,,,,,,,,,,,,,,,,,,,,,,,,,,,,,,,,,,,320.01030349731445,False
1737650611.135291,2025-01-23 17:43:31,OTHER,PAUSE,,,,,,,,,,,,,,,,,,,,,,,,,,,,,,,,,,,,,,,320.12130999565125,False
1737650611.2432973,2025-01-23 17:43:31,OTHER,PAUSE,,,,,,,,,,,,,,,,,,,,,,,,,,,,,,,,,,,,,,,320.2293162345886,False
1737650611.3573039,2025-01-23 17:43:31,OTHER,PAUSE,,,,,,,,,,,,,,,,,,,,,,,,,,,,,,,,,,,,,,,320.34332275390625,False
1737650611.4873114,2025-01-23 17:43:31,OTHER,PAUSE,,,,,,,,,,,,,,,,,,,,,,,,,,,,,,,,,,,,,,,320.4733302593231,False
1737650611.608318,2025-01-23 17:43:31,OTHER,PAUSE,,,,,,,,,,,,,,,,,,,,,,,,,,,,,,,,,,,,,,,320.59433698654175,False
1737650611.727325,2025-01-23 17:43:31,OTHER,PAUSE,,,,,,,,,,,,,,,,,,,,,,,,,,,,,,,,,,,,,,,320.7133438587189,False
1737650611.8493319,2025-01-23 17:43:31,OTHER,PAUSE,,,,,,,,,,,,,,,,,,,,,,,,,,,,,,,,,,,,,,,320.83535075187683,False
1737650611.960338,2025-01-23 17:43:31,OTHER,PAUSE,,,,,,,,,,,,,,,,,,,,,,,,,,,,,,,,,,,,,,,320.94635701179504,False
1737650612.0703447,2025-01-23 17:43:32,OTHER,PAUSE,,,,,,,,,,,,,,,,,,,,,,,,,,,,,,,,,,,,,,,321.0563635826111,False
1737650612.1903517,2025-01-23 17:43:32,OTHER,PAUSE,,,,,,,,,,,,,,,,,,,,,,,,,,,,,,,,,,,,,,,321.17637062072754,False
1737650612.302358,2025-01-23 17:43:32,OTHER,PAUSE,,,,,,,,,,,,,,,,,,,,,,,,,,,,,,,,,,,,,,,321.2883768081665,False
1737650612.4213648,2025-01-23 17:43:32,OTHER,PAUSE,,,,,,,,,,,,,,,,,,,,,,,,,,,,,,,,,,,,,,,321.4073836803436,False
1737650612.5343714,2025-01-23 17:43:32,OTHER,PAUSE,,,,,,,,,,,,,,,,,,,,,,,,,,,,,,,,,,,,,,,321.5203902721405,False
1737650612.6453776,2025-01-23 17:43:32,OTHER,PAUSE,,,,,,,,,,,,,,,,,,,,,,,,,,,,,,,,,,,,,,,321.6313965320587,False
1737650612.7583842,2025-01-23 17:43:32,OTHER,PAUSE,,,,,,,,,,,,,,,,,,,,,,,,,,,,,,,,,,,,,,,321.7444031238556,False
1737650612.8763907,2025-01-23 17:43:32,OTHER,PAUSE,,,,,,,,,,,,,,,,,,,,,,,,,,,,,,,,,,,,,,,321.8624095916748,False
1737650612.9893973,2025-01-23 17:43:32,OTHER,PAUSE,,,,,,,,,,,,,,,,,,,,,,,,,,,,,,,,,,,,,,,321.9754161834717,False
1737650613.0954032,2025-01-23 17:43:33,OTHER,PAUSE,,,,,,,,,,,,,,,,,,,,,,,,,,,,,,,,,,,,,,,322.0814220905304,False
1737650613.21441,2025-01-23 17:43:33,OTHER,PAUSE,,,,,,,,,,,,,,,,,,,,,,,,,,,,,,,,,,,,,,,322.2004289627075,False
1737650613.333417,2025-01-23 17:43:33,OTHER,PAUSE,,,,,,,,,,,,,,,,,,,,,,,,,,,,,,,,,,,,,,,322.31943583488464,False
1737650613.439423,2025-01-23 17:43:33,OTHER,PAUSE,,,,,,,,,,,,,,,,,,,,,,,,,,,,,,,,,,,,,,,322.42544198036194,False
1737650613.5674305,2025-01-23 17:43:33,OTHER,PAUSE,,,,,,,,,,,,,,,,,,,,,,,,,,,,,,,,,,,,,,,322.5534493923187,False
1737650613.6764364,2025-01-23 17:43:33,OTHER,PAUSE,,,,,,,,,,,,,,,,,,,,,,,,,,,,,,,,,,,,,,,322.6624553203583,False
1737650613.8114443,2025-01-23 17:43:33,OTHER,PAUSE,,,,,,,,,,,,,,,,,,,,,,,,,,,,,,,,,,,,,,,322.79746317863464,False
1737650613.929451,2025-01-23 17:43:33,OTHER,PAUSE,,,,,,,,,,,,,,,,,,,,,,,,,,,,,,,,,,,,,,,322.91546988487244,False
1737650614.0404572,2025-01-23 17:43:34,OTHER,PAUSE,,,,,,,,,,,,,,,,,,,,,,,,,,,,,,,,,,,,,,,323.02647614479065,False
1737650614.1474633,2025-01-23 17:43:34,OTHER,PAUSE,,,,,,,,,,,,,,,,,,,,,,,,,,,,,,,,,,,,,,,323.1334822177887,False
1737650614.2534695,2025-01-23 17:43:34,OTHER,PAUSE,,,,,,,,,,,,,,,,,,,,,,,,,,,,,,,,,,,,,,,323.239488363266,False
1737650614.3894775,2025-01-23 17:43:34,OTHER,PAUSE,,,,,,,,,,,,,,,,,,,,,,,,,,,,,,,,,,,,,,,323.3754963874817,False
1737650614.504484,2025-01-23 17:43:34,OTHER,PAUSE,,,,,,,,,,,,,,,,,,,,,,,,,,,,,,,,,,,,,,,323.49050283432007,False
1737650614.6394916,2025-01-23 17:43:34,OTHER,PAUSE,,,,,,,,,,,,,,,,,,,,,,,,,,,,,,,,,,,,,,,323.62551045417786,False
1737650614.7424974,2025-01-23 17:43:34,OTHER,PAUSE,,,,,,,,,,,,,,,,,,,,,,,,,,,,,,,,,,,,,,,323.72851634025574,False
1737650614.8485036,2025-01-23 17:43:34,OTHER,PAUSE,,,,,,,,,,,,,,,,,,,,,,,,,,,,,,,,,,,,,,,323.83452248573303,False
1737650614.981511,2025-01-23 17:43:34,OTHER,PAUSE,,,,,,,,,,,,,,,,,,,,,,,,,,,,,,,,,,,,,,,323.96753001213074,False
1737650615.0925174,2025-01-23 17:43:35,OTHER,PAUSE,,,,,,,,,,,,,,,,,,,,,,,,,,,,,,,,,,,,,,,324.07853627204895,False
1737650615.1995237,2025-01-23 17:43:35,OTHER,PAUSE,,,,,,,,,,,,,,,,,,,,,,,,,,,,,,,,,,,,,,,324.1855425834656,False
1737650615.3025296,2025-01-23 17:43:35,OTHER,PAUSE,,,,,,,,,,,,,,,,,,,,,,,,,,,,,,,,,,,,,,,324.28854846954346,False
1737650615.4035354,2025-01-23 17:43:35,OTHER,PAUSE,,,,,,,,,,,,,,,,,,,,,,,,,,,,,,,,,,,,,,,324.38955426216125,False
1737650615.5315425,2025-01-23 17:43:35,OTHER,PAUSE,,,,,,,,,,,,,,,,,,,,,,,,,,,,,,,,,,,,,,,324.51756143569946,False
1737650615.6475492,2025-01-23 17:43:35,OTHER,PAUSE,,,,,,,,,,,,,,,,,,,,,,,,,,,,,,,,,,,,,,,324.6335680484772,False
1737650615.7705564,2025-01-23 17:43:35,OTHER,PAUSE,,,,,,,,,,,,,,,,,,,,,,,,,,,,,,,,,,,,,,,324.75657534599304,False
1737650615.8725622,2025-01-23 17:43:35,OTHER,PAUSE,,,,,,,,,,,,,,,,,,,,,,,,,,,,,,,,,,,,,,,324.8585810661316,False
1737650615.976568,2025-01-23 17:43:35,OTHER,PAUSE,,,,,,,,,,,,,,,,,,,,,,,,,,,,,,,,,,,,,,,324.9625868797302,False
1737650616.1085756,2025-01-23 17:43:36,OTHER,PAUSE,,,,,,,,,,,,,,,,,,,,,,,,,,,,,,,,,,,,,,,325.0945944786072,False
1737650616.2255824,2025-01-23 17:43:36,OTHER,PAUSE,,,,,,,,,,,,,,,,,,,,,,,,,,,,,,,,,,,,,,,325.2116012573242,False
1737650616.3405888,2025-01-23 17:43:36,OTHER,PAUSE,,,,,,,,,,,,,,,,,,,,,,,,,,,,,,,,,,,,,,,325.3266077041626,False
1737650616.4415946,2025-01-23 17:43:36,OTHER,PAUSE,,,,,,,,,,,,,,,,,,,,,,,,,,,,,,,,,,,,,,,325.4276134967804,False
1737650616.5426004,2025-01-23 17:43:36,OTHER,PAUSE,,,,,,,,,,,,,,,,,,,,,,,,,,,,,,,,,,,,,,,325.5286192893982,False
1737650616.6756082,2025-01-23 17:43:36,OTHER,PAUSE,,,,,,,,,,,,,,,,,,,,,,,,,,,,,,,,,,,,,,,325.6616270542145,False
1737650616.800615,2025-01-23 17:43:36,OTHER,PAUSE,,,,,,,,,,,,,,,,,,,,,,,,,,,,,,,,,,,,,,,325.78663396835327,False
1737650616.9116213,2025-01-23 17:43:36,OTHER,PAUSE,,,,,,,,,,,,,,,,,,,,,,,,,,,,,,,,,,,,,,,325.8976402282715,False
1737650617.0126271,2025-01-23 17:43:37,OTHER,PAUSE,,,,,,,,,,,,,,,,,,,,,,,,,,,,,,,,,,,,,,,325.9986460208893,False
1737650617.1146333,2025-01-23 17:43:37,OTHER,PAUSE,,,,,,,,,,,,,,,,,,,,,,,,,,,,,,,,,,,,,,,326.100652217865,False
1737650617.2476408,2025-01-23 17:43:37,OTHER,PAUSE,,,,,,,,,,,,,,,,,,,,,,,,,,,,,,,,,,,,,,,326.2336597442627,False
1737650617.3626473,2025-01-23 17:43:37,OTHER,PAUSE,,,,,,,,,,,,,,,,,,,,,,,,,,,,,,,,,,,,,,,326.3486661911011,False
1737650617.475654,2025-01-23 17:43:37,OTHER,PAUSE,,,,,,,,,,,,,,,,,,,,,,,,,,,,,,,,,,,,,,,326.46167278289795,False
1737650617.5796597,2025-01-23 17:43:37,OTHER,PAUSE,,,,,,,,,,,,,,,,,,,,,,,,,,,,,,,,,,,,,,,326.5656785964966,False
1737650617.688666,2025-01-23 17:43:37,OTHER,PAUSE,,,,,,,,,,,,,,,,,,,,,,,,,,,,,,,,,,,,,,,326.6746850013733,False
1737650617.8196735,2025-01-23 17:43:37,OTHER,PAUSE,,,,,,,,,,,,,,,,,,,,,,,,,,,,,,,,,,,,,,,326.8056924343109,False
1737650617.9256797,2025-01-23 17:43:37,OTHER,PAUSE,,,,,,,,,,,,,,,,,,,,,,,,,,,,,,,,,,,,,,,326.9116985797882,False
1737650618.0476863,2025-01-23 17:43:38,OTHER,PAUSE,,,,,,,,,,,,,,,,,,,,,,,,,,,,,,,,,,,,,,,327.0337052345276,False
1737650618.1496923,2025-01-23 17:43:38,OTHER,PAUSE,,,,,,,,,,,,,,,,,,,,,,,,,,,,,,,,,,,,,,,327.1357111930847,False
1737650618.2566986,2025-01-23 17:43:38,OTHER,PAUSE,,,,,,,,,,,,,,,,,,,,,,,,,,,,,,,,,,,,,,,327.24271750450134,False
1737650618.385706,2025-01-23 17:43:38,OTHER,PAUSE,,,,,,,,,,,,,,,,,,,,,,,,,,,,,,,,,,,,,,,327.3717248439789,False
1737650618.4977124,2025-01-23 17:43:38,OTHER,PAUSE,,,,,,,,,,,,,,,,,,,,,,,,,,,,,,,,,,,,,,,327.4837312698364,False
1737650618.6127188,2025-01-23 17:43:38,OTHER,PAUSE,,,,,,,,,,,,,,,,,,,,,,,,,,,,,,,,,,,,,,,327.5987377166748,False
1737650618.7227252,2025-01-23 17:43:38,OTHER,PAUSE,,,,,,,,,,,,,,,,,,,,,,,,,,,,,,,,,,,,,,,327.70874404907227,False
1737650618.828731,2025-01-23 17:43:38,OTHER,PAUSE,,,,,,,,,,,,,,,,,,,,,,,,,,,,,,,,,,,,,,,327.814749956131,False
1737650618.963739,2025-01-23 17:43:38,OTHER,PAUSE,,,,,,,,,,,,,,,,,,,,,,,,,,,,,,,,,,,,,,,327.94975781440735,False
1737650619.0857458,2025-01-23 17:43:39,OTHER,PAUSE,,,,,,,,,,,,,,,,,,,,,,,,,,,,,,,,,,,,,,,328.0717647075653,False
1737650619.2047527,2025-01-23 17:43:39,OTHER,PAUSE,,,,,,,,,,,,,,,,,,,,,,,,,,,,,,,,,,,,,,,328.19077157974243,False
1737650619.3157592,2025-01-23 17:43:39,OTHER,PAUSE,,,,,,,,,,,,,,,,,,,,,,,,,,,,,,,,,,,,,,,328.3017780780792,False
1737650619.4267652,2025-01-23 17:43:39,OTHER,PAUSE,,,,,,,,,,,,,,,,,,,,,,,,,,,,,,,,,,,,,,,328.41278409957886,False
1737650619.5507724,2025-01-23 17:43:39,OTHER,PAUSE,,,,,,,,,,,,,,,,,,,,,,,,,,,,,,,,,,,,,,,328.5367913246155,False
1737650619.664779,2025-01-23 17:43:39,OTHER,PAUSE,,,,,,,,,,,,,,,,,,,,,,,,,,,,,,,,,,,,,,,328.6507978439331,False
1737650619.7887862,2025-01-23 17:43:39,OTHER,PAUSE,,,,,,,,,,,,,,,,,,,,,,,,,,,,,,,,,,,,,,,328.7748050689697,False
1737650619.890792,2025-01-23 17:43:39,OTHER,PAUSE,,,,,,,,,,,,,,,,,,,,,,,,,,,,,,,,,,,,,,,328.8768107891083,False
1737650620.0077984,2025-01-23 17:43:40,OTHER,PAUSE,,,,,,,,,,,,,,,,,,,,,,,,,,,,,,,,,,,,,,,328.99381732940674,False
1737650620.120805,2025-01-23 17:43:40,OTHER,PAUSE,,,,,,,,,,,,,,,,,,,,,,,,,,,,,,,,,,,,,,,329.1068239212036,False
1737650620.241812,2025-01-23 17:43:40,OTHER,PAUSE,,,,,,,,,,,,,,,,,,,,,,,,,,,,,,,,,,,,,,,329.2278308868408,False
1737650620.3498182,2025-01-23 17:43:40,OTHER,PAUSE,,,,,,,,,,,,,,,,,,,,,,,,,,,,,,,,,,,,,,,329.3358371257782,False
1737650620.449824,2025-01-23 17:43:40,OTHER,PAUSE,,,,,,,,,,,,,,,,,,,,,,,,,,,,,,,,,,,,,,,329.43584299087524,False
1737650620.5678308,2025-01-23 17:43:40,OTHER,PAUSE,,,,,,,,,,,,,,,,,,,,,,,,,,,,,,,,,,,,,,,329.55384969711304,False
1737650620.675837,2025-01-23 17:43:40,OTHER,PAUSE,,,,,,,,,,,,,,,,,,,,,,,,,,,,,,,,,,,,,,,329.6618559360504,False
1737650620.7888432,2025-01-23 17:43:40,OTHER,PAUSE,,,,,,,,,,,,,,,,,,,,,,,,,,,,,,,,,,,,,,,329.77486205101013,False
1737650620.9008496,2025-01-23 17:43:40,OTHER,PAUSE,,,,,,,,,,,,,,,,,,,,,,,,,,,,,,,,,,,,,,,329.8868684768677,False
1737650621.0038557,2025-01-23 17:43:41,OTHER,PAUSE,,,,,,,,,,,,,,,,,,,,,,,,,,,,,,,,,,,,,,,329.98987460136414,False
1737650621.1248624,2025-01-23 17:43:41,OTHER,PAUSE,,,,,,,,,,,,,,,,,,,,,,,,,,,,,,,,,,,,,,,330.11088132858276,False
1737650621.2288687,2025-01-23 17:43:41,OTHER,PAUSE,,,,,,,,,,,,,,,,,,,,,,,,,,,,,,,,,,,,,,,330.21488761901855,False
1737650621.3358746,2025-01-23 17:43:41,OTHER,PAUSE,,,,,,,,,,,,,,,,,,,,,,,,,,,,,,,,,,,,,,,330.321893453598,False
1737650621.4548812,2025-01-23 17:43:41,OTHER,PAUSE,,,,,,,,,,,,,,,,,,,,,,,,,,,,,,,,,,,,,,,330.44090008735657,False
1737650621.5648878,2025-01-23 17:43:41,OTHER,PAUSE,,,,,,,,,,,,,,,,,,,,,,,,,,,,,,,,,,,,,,,330.5509066581726,False
1737650621.6958952,2025-01-23 17:43:41,OTHER,PAUSE,,,,,,,,,,,,,,,,,,,,,,,,,,,,,,,,,,,,,,,330.68191409111023,False
1737650621.817902,2025-01-23 17:43:41,OTHER,PAUSE,,,,,,,,,,,,,,,,,,,,,,,,,,,,,,,,,,,,,,,330.8039209842682,False
1737650621.9389093,2025-01-23 17:43:41,OTHER,PAUSE,,,,,,,,,,,,,,,,,,,,,,,,,,,,,,,,,,,,,,,330.924928188324,False
1737650622.043915,2025-01-23 17:43:42,OTHER,PAUSE,,,,,,,,,,,,,,,,,,,,,,,,,,,,,,,,,,,,,,,331.02993392944336,False
1737650622.143921,2025-01-23 17:43:42,OTHER,PAUSE,,,,,,,,,,,,,,,,,,,,,,,,,,,,,,,,,,,,,,,331.1299397945404,False
1737650622.2949295,2025-01-23 17:43:42,OTHER,PAUSE,,,,,,,,,,,,,,,,,,,,,,,,,,,,,,,,,,,,,,,331.28094840049744,False
1737650622.409936,2025-01-23 17:43:42,OTHER,PAUSE,,,,,,,,,,,,,,,,,,,,,,,,,,,,,,,,,,,,,,,331.3959548473358,False
1737650622.5209424,2025-01-23 17:43:42,OTHER,PAUSE,,,,,,,,,,,,,,,,,,,,,,,,,,,,,,,,,,,,,,,331.5069613456726,False
1737650622.6239483,2025-01-23 17:43:42,OTHER,PAUSE,,,,,,,,,,,,,,,,,,,,,,,,,,,,,,,,,,,,,,,331.6099672317505,False
1737650622.7269542,2025-01-23 17:43:42,OTHER,PAUSE,,,,,,,,,,,,,,,,,,,,,,,,,,,,,,,,,,,,,,,331.71297311782837,False
1737650622.8729625,2025-01-23 17:43:42,OTHER,PAUSE,,,,,,,,,,,,,,,,,,,,,,,,,,,,,,,,,,,,,,,331.8589813709259,False
1737650622.9969695,2025-01-23 17:43:42,OTHER,PAUSE,,,,,,,,,,,,,,,,,,,,,,,,,,,,,,,,,,,,,,,331.98298835754395,False
1737650623.1199768,2025-01-23 17:43:43,OTHER,PAUSE,,,,,,,,,,,,,,,,,,,,,,,,,,,,,,,,,,,,,,,332.1059956550598,False
1737650623.2789857,2025-01-23 17:43:43,OTHER,PAUSE,,,,,,,,,,,,,,,,,,,,,,,,,,,,,,,,,,,,,,,332.2650046348572,False
1737650623.4439952,2025-01-23 17:43:43,OTHER,PAUSE,,,,,,,,,,,,,,,,,,,,,,,,,,,,,,,,,,,,,,,332.43001413345337,False
1737650623.5900035,2025-01-23 17:43:43,OTHER,PAUSE,,,,,,,,,,,,,,,,,,,,,,,,,,,,,,,,,,,,,,,332.5760223865509,False
1737650623.7530127,2025-01-23 17:43:43,OTHER,PAUSE,,,,,,,,,,,,,,,,,,,,,,,,,,,,,,,,,,,,,,,332.73903155326843,False
1737650623.895021,2025-01-23 17:43:43,OTHER,PAUSE,,,,,,,,,,,,,,,,,,,,,,,,,,,,,,,,,,,,,,,332.8810398578644,False
1737650624.0540302,2025-01-23 17:43:44,OTHER,PAUSE,,,,,,,,,,,,,,,,,,,,,,,,,,,,,,,,,,,,,,,333.0400490760803,False
1737650624.1680367,2025-01-23 17:43:44,OTHER,PAUSE,,,,,,,,,,,,,,,,,,,,,,,,,,,,,,,,,,,,,,,333.15405559539795,False
1737650624.2720425,2025-01-23 17:43:44,OTHER,PAUSE,,,,,,,,,,,,,,,,,,,,,,,,,,,,,,,,,,,,,,,333.2580614089966,False
1737650624.3760483,2025-01-23 17:43:44,OTHER,PAUSE,,,,,,,,,,,,,,,,,,,,,,,,,,,,,,,,,,,,,,,333.3620672225952,False
1737650624.4760542,2025-01-23 17:43:44,OTHER,PAUSE,,,,,,,,,,,,,,,,,,,,,,,,,,,,,,,,,,,,,,,333.46207308769226,False
1737650624.610062,2025-01-23 17:43:44,OTHER,PAUSE,,,,,,,,,,,,,,,,,,,,,,,,,,,,,,,,,,,,,,,333.5960807800293,False
1737650624.717068,2025-01-23 17:43:44,OTHER,PAUSE,,,,,,,,,,,,,,,,,,,,,,,,,,,,,,,,,,,,,,,333.70308685302734,False
1737650624.842075,2025-01-23 17:43:44,OTHER,PAUSE,,,,,,,,,,,,,,,,,,,,,,,,,,,,,,,,,,,,,,,333.8280940055847,False
1737650624.963082,2025-01-23 17:43:44,OTHER,PAUSE,,,,,,,,,,,,,,,,,,,,,,,,,,,,,,,,,,,,,,,333.9491009712219,False
1737650625.0810888,2025-01-23 17:43:45,OTHER,PAUSE,,,,,,,,,,,,,,,,,,,,,,,,,,,,,,,,,,,,,,,334.0671076774597,False
1737650625.1990955,2025-01-23 17:43:45,OTHER,PAUSE,,,,,,,,,,,,,,,,,,,,,,,,,,,,,,,,,,,,,,,334.1851143836975,False
1737650625.310102,2025-01-23 17:43:45,OTHER,PAUSE,,,,,,,,,,,,,,,,,,,,,,,,,,,,,,,,,,,,,,,334.2961208820343,False
1737650625.4211082,2025-01-23 17:43:45,OTHER,PAUSE,,,,,,,,,,,,,,,,,,,,,,,,,,,,,,,,,,,,,,,334.4071271419525,False
1737650625.523114,2025-01-23 17:43:45,OTHER,PAUSE,,,,,,,,,,,,,,,,,,,,,,,,,,,,,,,,,,,,,,,334.50913286209106,False
1737650625.6301203,2025-01-23 17:43:45,OTHER,PAUSE,,,,,,,,,,,,,,,,,,,,,,,,,,,,,,,,,,,,,,,334.6161391735077,False
1737650625.7631278,2025-01-23 17:43:45,OTHER,PAUSE,,,,,,,,,,,,,,,,,,,,,,,,,,,,,,,,,,,,,,,334.7491466999054,False
1737650625.8811345,2025-01-23 17:43:45,OTHER,PAUSE,,,,,,,,,,,,,,,,,,,,,,,,,,,,,,,,,,,,,,,334.8671534061432,False
1737650625.9991415,2025-01-23 17:43:45,OTHER,PAUSE,,,,,,,,,,,,,,,,,,,,,,,,,,,,,,,,,,,,,,,334.98516035079956,False
1737650626.1081474,2025-01-23 17:43:46,OTHER,PAUSE,,,,,,,,,,,,,,,,,,,,,,,,,,,,,,,,,,,,,,,335.0941662788391,False
1737650626.2261543,2025-01-23 17:43:46,OTHER,PAUSE,,,,,,,,,,,,,,,,,,,,,,,,,,,,,,,,,,,,,,,335.2121732234955,False
1737650626.343161,2025-01-23 17:43:46,OTHER,PAUSE,,,,,,,,,,,,,,,,,,,,,,,,,,,,,,,,,,,,,,,335.3291800022125,False
1737650626.4591675,2025-01-23 17:43:46,OTHER,PAUSE,,,,,,,,,,,,,,,,,,,,,,,,,,,,,,,,,,,,,,,335.44518637657166,False
1737650626.570174,2025-01-23 17:43:46,OTHER,PAUSE,,,,,,,,,,,,,,,,,,,,,,,,,,,,,,,,,,,,,,,335.55619287490845,False
1737650626.6731799,2025-01-23 17:43:46,OTHER,PAUSE,,,,,,,,,,,,,,,,,,,,,,,,,,,,,,,,,,,,,,,335.6591987609863,False
1737650626.7771857,2025-01-23 17:43:46,OTHER,PAUSE,,,,,,,,,,,,,,,,,,,,,,,,,,,,,,,,,,,,,,,335.76320457458496,False
1737650626.9101934,2025-01-23 17:43:46,OTHER,PAUSE,,,,,,,,,,,,,,,,,,,,,,,,,,,,,,,,,,,,,,,335.89621233940125,False
1737650627.0322003,2025-01-23 17:43:47,OTHER,PAUSE,,,,,,,,,,,,,,,,,,,,,,,,,,,,,,,,,,,,,,,336.0182192325592,False
1737650627.1432068,2025-01-23 17:43:47,OTHER,PAUSE,,,,,,,,,,,,,,,,,,,,,,,,,,,,,,,,,,,,,,,336.129225730896,False
1737650627.2452126,2025-01-23 17:43:47,OTHER,PAUSE,,,,,,,,,,,,,,,,,,,,,,,,,,,,,,,,,,,,,,,336.23123145103455,False
1737650627.3462186,2025-01-23 17:43:47,OTHER,PAUSE,,,,,,,,,,,,,,,,,,,,,,,,,,,,,,,,,,,,,,,336.3322374820709,False
1737650627.4822261,2025-01-23 17:43:47,OTHER,PAUSE,,,,,,,,,,,,,,,,,,,,,,,,,,,,,,,,,,,,,,,336.46824502944946,False
1737650627.5902324,2025-01-23 17:43:47,OTHER,PAUSE,,,,,,,,,,,,,,,,,,,,,,,,,,,,,,,,,,,,,,,336.57625126838684,False
1737650627.706239,2025-01-23 17:43:47,OTHER,PAUSE,,,,,,,,,,,,,,,,,,,,,,,,,,,,,,,,,,,,,,,336.69225788116455,False
1737650627.811245,2025-01-23 17:43:47,OTHER,PAUSE,,,,,,,,,,,,,,,,,,,,,,,,,,,,,,,,,,,,,,,336.7972638607025,False
1737650627.916251,2025-01-23 17:43:47,OTHER,PAUSE,,,,,,,,,,,,,,,,,,,,,,,,,,,,,,,,,,,,,,,336.9022698402405,False
1737650628.0632594,2025-01-23 17:43:48,OTHER,PAUSE,,,,,,,,,,,,,,,,,,,,,,,,,,,,,,,,,,,,,,,337.04927825927734,False
1737650628.196267,2025-01-23 17:43:48,OTHER,PAUSE,,,,,,,,,,,,,,,,,,,,,,,,,,,,,,,,,,,,,,,337.18228578567505,False
1737650628.3122737,2025-01-23 17:43:48,OTHER,PAUSE,,,,,,,,,,,,,,,,,,,,,,,,,,,,,,,,,,,,,,,337.29829263687134,False
1737650628.4162796,2025-01-23 17:43:48,OTHER,PAUSE,,,,,,,,,,,,,,,,,,,,,,,,,,,,,,,,,,,,,,,337.40229845046997,False
1737650628.5242858,2025-01-23 17:43:48,OTHER,PAUSE,,,,,,,,,,,,,,,,,,,,,,,,,,,,,,,,,,,,,,,337.51030468940735,False
1737650628.6372924,2025-01-23 17:43:48,OTHER,PAUSE,,,,,,,,,,,,,,,,,,,,,,,,,,,,,,,,,,,,,,,337.6233112812042,False
1737650628.7482984,2025-01-23 17:43:48,OTHER,PAUSE,,,,,,,,,,,,,,,,,,,,,,,,,,,,,,,,,,,,,,,337.73431730270386,False
1737650628.862305,2025-01-23 17:43:48,OTHER,PAUSE,,,,,,,,,,,,,,,,,,,,,,,,,,,,,,,,,,,,,,,337.8483238220215,False
1737650628.9743114,2025-01-23 17:43:48,OTHER,PAUSE,,,,,,,,,,,,,,,,,,,,,,,,,,,,,,,,,,,,,,,337.960330247879,False
1737650629.0983186,2025-01-23 17:43:49,OTHER,PAUSE,,,,,,,,,,,,,,,,,,,,,,,,,,,,,,,,,,,,,,,338.08433747291565,False
1737650629.2223258,2025-01-23 17:43:49,OTHER,PAUSE,,,,,,,,,,,,,,,,,,,,,,,,,,,,,,,,,,,,,,,338.20834469795227,False
1737650629.3383324,2025-01-23 17:43:49,OTHER,PAUSE,,,,,,,,,,,,,,,,,,,,,,,,,,,,,,,,,,,,,,,338.32435131073,False
1737650629.4473386,2025-01-23 17:43:49,OTHER,PAUSE,,,,,,,,,,,,,,,,,,,,,,,,,,,,,,,,,,,,,,,338.4333574771881,False
1737650629.5543447,2025-01-23 17:43:49,OTHER,PAUSE,,,,,,,,,,,,,,,,,,,,,,,,,,,,,,,,,,,,,,,338.54036355018616,False
1737650629.661351,2025-01-23 17:43:49,OTHER,PAUSE,,,,,,,,,,,,,,,,,,,,,,,,,,,,,,,,,,,,,,,338.6473698616028,False
1737650629.788358,2025-01-23 17:43:49,OTHER,PAUSE,,,,,,,,,,,,,,,,,,,,,,,,,,,,,,,,,,,,,,,338.77437686920166,False
1737650629.909365,2025-01-23 17:43:49,OTHER,PAUSE,,,,,,,,,,,,,,,,,,,,,,,,,,,,,,,,,,,,,,,338.89538383483887,False
1737650630.0203712,2025-01-23 17:43:50,OTHER,PAUSE,,,,,,,,,,,,,,,,,,,,,,,,,,,,,,,,,,,,,,,339.0063900947571,False
1737650630.1283777,2025-01-23 17:43:50,OTHER,PAUSE,,,,,,,,,,,,,,,,,,,,,,,,,,,,,,,,,,,,,,,339.11439657211304,False
1737650630.2543848,2025-01-23 17:43:50,OTHER,PAUSE,,,,,,,,,,,,,,,,,,,,,,,,,,,,,,,,,,,,,,,339.24040365219116,False
1737650630.365391,2025-01-23 17:43:50,OTHER,PAUSE,,,,,,,,,,,,,,,,,,,,,,,,,,,,,,,,,,,,,,,339.3514099121094,False
1737650630.489398,2025-01-23 17:43:50,OTHER,PAUSE,,,,,,,,,,,,,,,,,,,,,,,,,,,,,,,,,,,,,,,339.4754168987274,False
1737650630.592404,2025-01-23 17:43:50,OTHER,PAUSE,,,,,,,,,,,,,,,,,,,,,,,,,,,,,,,,,,,,,,,339.5784227848053,False
1737650630.7074106,2025-01-23 17:43:50,OTHER,PAUSE,,,,,,,,,,,,,,,,,,,,,,,,,,,,,,,,,,,,,,,339.69342947006226,False
1737650630.837418,2025-01-23 17:43:50,OTHER,PAUSE,,,,,,,,,,,,,,,,,,,,,,,,,,,,,,,,,,,,,,,339.8234369754791,False
1737650630.9484243,2025-01-23 17:43:50,OTHER,PAUSE,,,,,,,,,,,,,,,,,,,,,,,,,,,,,,,,,,,,,,,339.93444323539734,False
1737650631.065431,2025-01-23 17:43:51,OTHER,PAUSE,,,,,,,,,,,,,,,,,,,,,,,,,,,,,,,,,,,,,,,340.0514500141144,False
1737650631.1794376,2025-01-23 17:43:51,OTHER,PAUSE,,,,,,,,,,,,,,,,,,,,,,,,,,,,,,,,,,,,,,,340.165456533432,False
1737650631.2954443,2025-01-23 17:43:51,OTHER,PAUSE,,,,,,,,,,,,,,,,,,,,,,,,,,,,,,,,,,,,,,,340.2814631462097,False
1737650631.4184513,2025-01-23 17:43:51,OTHER,PAUSE,,,,,,,,,,,,,,,,,,,,,,,,,,,,,,,,,,,,,,,340.404470205307,False
1737650631.5304575,2025-01-23 17:43:51,OTHER,PAUSE,,,,,,,,,,,,,,,,,,,,,,,,,,,,,,,,,,,,,,,340.516476392746,False
1737650631.6494646,2025-01-23 17:43:51,OTHER,PAUSE,,,,,,,,,,,,,,,,,,,,,,,,,,,,,,,,,,,,,,,340.6354835033417,False
1737650631.765471,2025-01-23 17:43:51,OTHER,PAUSE,,,,,,,,,,,,,,,,,,,,,,,,,,,,,,,,,,,,,,,340.7514898777008,False
1737650631.8914783,2025-01-23 17:43:51,OTHER,PAUSE,,,,,,,,,,,,,,,,,,,,,,,,,,,,,,,,,,,,,,,340.8774971961975,False
1737650632.0174856,2025-01-23 17:43:52,OTHER,PAUSE,,,,,,,,,,,,,,,,,,,,,,,,,,,,,,,,,,,,,,,341.0035045146942,False
1737650632.1444929,2025-01-23 17:43:52,OTHER,PAUSE,,,,,,,,,,,,,,,,,,,,,,,,,,,,,,,,,,,,,,,341.13051176071167,False
1737650632.2695,2025-01-23 17:43:52,OTHER,PAUSE,,,,,,,,,,,,,,,,,,,,,,,,,,,,,,,,,,,,,,,341.25551891326904,False
1737650632.3705058,2025-01-23 17:43:52,OTHER,PAUSE,,,,,,,,,,,,,,,,,,,,,,,,,,,,,,,,,,,,,,,341.35652470588684,False
1737650632.4765117,2025-01-23 17:43:52,OTHER,PAUSE,,,,,,,,,,,,,,,,,,,,,,,,,,,,,,,,,,,,,,,341.46253061294556,False
1737650632.5985188,2025-01-23 17:43:52,OTHER,PAUSE,,,,,,,,,,,,,,,,,,,,,,,,,,,,,,,,,,,,,,,341.5845377445221,False
1737650632.7145255,2025-01-23 17:43:52,OTHER,PAUSE,,,,,,,,,,,,,,,,,,,,,,,,,,,,,,,,,,,,,,,341.7005443572998,False
1737650632.847533,2025-01-23 17:43:52,OTHER,PAUSE,,,,,,,,,,,,,,,,,,,,,,,,,,,,,,,,,,,,,,,341.8335518836975,False
1737650632.9575393,2025-01-23 17:43:52,OTHER,PAUSE,,,,,,,,,,,,,,,,,,,,,,,,,,,,,,,,,,,,,,,341.94355821609497,False
1737650633.0825465,2025-01-23 17:43:53,OTHER,PAUSE,,,,,,,,,,,,,,,,,,,,,,,,,,,,,,,,,,,,,,,342.06856536865234,False
1737650633.196553,2025-01-23 17:43:53,OTHER,PAUSE,,,,,,,,,,,,,,,,,,,,,,,,,,,,,,,,,,,,,,,342.18257188796997,False
1737650633.3115597,2025-01-23 17:43:53,OTHER,PAUSE,,,,,,,,,,,,,,,,,,,,,,,,,,,,,,,,,,,,,,,342.29757857322693,False
1737650633.442567,2025-01-23 17:43:53,OTHER,PAUSE,,,,,,,,,,,,,,,,,,,,,,,,,,,,,,,,,,,,,,,342.42858600616455,False
1737650633.5465732,2025-01-23 17:43:53,OTHER,PAUSE,,,,,,,,,,,,,,,,,,,,,,,,,,,,,,,,,,,,,,,342.53259205818176,False
1737650633.67158,2025-01-23 17:43:53,OTHER,PAUSE,,,,,,,,,,,,,,,,,,,,,,,,,,,,,,,,,,,,,,,342.65759897232056,False
1737650633.789587,2025-01-23 17:43:53,OTHER,PAUSE,,,,,,,,,,,,,,,,,,,,,,,,,,,,,,,,,,,,,,,342.77560591697693,False
1737650633.898593,2025-01-23 17:43:53,OTHER,PAUSE,,,,,,,,,,,,,,,,,,,,,,,,,,,,,,,,,,,,,,,342.8846118450165,False
1737650634.0186,2025-01-23 17:43:54,OTHER,PAUSE,,,,,,,,,,,,,,,,,,,,,,,,,,,,,,,,,,,,,,,343.00461888313293,False
1737650634.1436074,2025-01-23 17:43:54,OTHER,PAUSE,,,,,,,,,,,,,,,,,,,,,,,,,,,,,,,,,,,,,,,343.1296262741089,False
1737650634.262614,2025-01-23 17:43:54,OTHER,PAUSE,,,,,,,,,,,,,,,,,,,,,,,,,,,,,,,,,,,,,,,343.24863290786743,False
1737650634.3876212,2025-01-23 17:43:54,OTHER,PAUSE,,,,,,,,,,,,,,,,,,,,,,,,,,,,,,,,,,,,,,,343.3736400604248,False
1737650634.5136285,2025-01-23 17:43:54,OTHER,PAUSE,,,,,,,,,,,,,,,,,,,,,,,,,,,,,,,,,,,,,,,343.4996473789215,False
1737650634.6236346,2025-01-23 17:43:54,OTHER,PAUSE,,,,,,,,,,,,,,,,,,,,,,,,,,,,,,,,,,,,,,,343.6096534729004,False
1737650634.7436416,2025-01-23 17:43:54,OTHER,PAUSE,,,,,,,,,,,,,,,,,,,,,,,,,,,,,,,,,,,,,,,343.72966051101685,False
1737650634.8636482,2025-01-23 17:43:54,OTHER,PAUSE,,,,,,,,,,,,,,,,,,,,,,,,,,,,,,,,,,,,,,,343.84966707229614,False
1737650634.9896555,2025-01-23 17:43:54,OTHER,PAUSE,,,,,,,,,,,,,,,,,,,,,,,,,,,,,,,,,,,,,,,343.97567439079285,False
1737650635.0956616,2025-01-23 17:43:55,OTHER,PAUSE,,,,,,,,,,,,,,,,,,,,,,,,,,,,,,,,,,,,,,,344.08168053627014,False
1737650635.2006676,2025-01-23 17:43:55,OTHER,PAUSE,,,,,,,,,,,,,,,,,,,,,,,,,,,,,,,,,,,,,,,344.1866865158081,False
1737650635.3466759,2025-01-23 17:43:55,OTHER,PAUSE,,,,,,,,,,,,,,,,,,,,,,,,,,,,,,,,,,,,,,,344.33269476890564,False
1737650635.4646828,2025-01-23 17:43:55,OTHER,PAUSE,,,,,,,,,,,,,,,,,,,,,,,,,,,,,,,,,,,,,,,344.450701713562,False
1737650635.59069,2025-01-23 17:43:55,OTHER,PAUSE,,,,,,,,,,,,,,,,,,,,,,,,,,,,,,,,,,,,,,,344.57670879364014,False
1737650635.6956959,2025-01-23 17:43:55,OTHER,PAUSE,,,,,,,,,,,,,,,,,,,,,,,,,,,,,,,,,,,,,,,344.6817147731781,False
1737650635.803702,2025-01-23 17:43:55,OTHER,PAUSE,,,,,,,,,,,,,,,,,,,,,,,,,,,,,,,,,,,,,,,344.7897210121155,False
1737650635.9497106,2025-01-23 17:43:55,OTHER,PAUSE,,,,,,,,,,,,,,,,,,,,,,,,,,,,,,,,,,,,,,,344.9357295036316,False
1737650636.0747178,2025-01-23 17:43:56,OTHER,PAUSE,,,,,,,,,,,,,,,,,,,,,,,,,,,,,,,,,,,,,,,345.06073665618896,False
1737650636.1907241,2025-01-23 17:43:56,OTHER,PAUSE,,,,,,,,,,,,,,,,,,,,,,,,,,,,,,,,,,,,,,,345.1767430305481,False
1737650636.3007307,2025-01-23 17:43:56,OTHER,PAUSE,,,,,,,,,,,,,,,,,,,,,,,,,,,,,,,,,,,,,,,345.28674960136414,False
1737650636.4117367,2025-01-23 17:43:56,OTHER,PAUSE,,,,,,,,,,,,,,,,,,,,,,,,,,,,,,,,,,,,,,,345.39775562286377,False
1737650636.5307438,2025-01-23 17:43:56,OTHER,PAUSE,,,,,,,,,,,,,,,,,,,,,,,,,,,,,,,,,,,,,,,345.5167627334595,False
1737650636.657751,2025-01-23 17:43:56,OTHER,PAUSE,,,,,,,,,,,,,,,,,,,,,,,,,,,,,,,,,,,,,,,345.64376997947693,False
1737650636.780758,2025-01-23 17:43:56,OTHER,PAUSE,,,,,,,,,,,,,,,,,,,,,,,,,,,,,,,,,,,,,,,345.76677680015564,False
1737650636.8857641,2025-01-23 17:43:56,OTHER,PAUSE,,,,,,,,,,,,,,,,,,,,,,,,,,,,,,,,,,,,,,,345.8717830181122,False
1737650637.0067708,2025-01-23 17:43:57,OTHER,PAUSE,,,,,,,,,,,,,,,,,,,,,,,,,,,,,,,,,,,,,,,345.9927897453308,False
1737650637.130778,2025-01-23 17:43:57,OTHER,PAUSE,,,,,,,,,,,,,,,,,,,,,,,,,,,,,,,,,,,,,,,346.11679697036743,False
1737650637.2567852,2025-01-23 17:43:57,OTHER,PAUSE,,,,,,,,,,,,,,,,,,,,,,,,,,,,,,,,,,,,,,,346.24280405044556,False
1737650637.3747919,2025-01-23 17:43:57,OTHER,PAUSE,,,,,,,,,,,,,,,,,,,,,,,,,,,,,,,,,,,,,,,346.36081075668335,False
1737650637.4817982,2025-01-23 17:43:57,OTHER,PAUSE,,,,,,,,,,,,,,,,,,,,,,,,,,,,,,,,,,,,,,,346.4678170681,False
1737650637.619806,2025-01-23 17:43:57,OTHER,PAUSE,,,,,,,,,,,,,,,,,,,,,,,,,,,,,,,,,,,,,,,346.6058249473572,False
1737650637.7348127,2025-01-23 17:43:57,OTHER,PAUSE,,,,,,,,,,,,,,,,,,,,,,,,,,,,,,,,,,,,,,,346.72083163261414,False
1737650637.8498192,2025-01-23 17:43:57,OTHER,PAUSE,,,,,,,,,,,,,,,,,,,,,,,,,,,,,,,,,,,,,,,346.8358380794525,False
1737650637.952825,2025-01-23 17:43:57,OTHER,PAUSE,,,,,,,,,,,,,,,,,,,,,,,,,,,,,,,,,,,,,,,346.9388439655304,False
1737650638.0608313,2025-01-23 17:43:58,OTHER,PAUSE,,,,,,,,,,,,,,,,,,,,,,,,,,,,,,,,,,,,,,,347.0468502044678,False
1737650638.2098396,2025-01-23 17:43:58,OTHER,PAUSE,,,,,,,,,,,,,,,,,,,,,,,,,,,,,,,,,,,,,,,347.19585847854614,False
1737650638.338847,2025-01-23 17:43:58,OTHER,PAUSE,,,,,,,,,,,,,,,,,,,,,,,,,,,,,,,,,,,,,,,347.3248658180237,False
1737650638.4648542,2025-01-23 17:43:58,OTHER,PAUSE,,,,,,,,,,,,,,,,,,,,,,,,,,,,,,,,,,,,,,,347.4508731365204,False
1737650638.579861,2025-01-23 17:43:58,OTHER,PAUSE,,,,,,,,,,,,,,,,,,,,,,,,,,,,,,,,,,,,,,,347.56587982177734,False
1737650638.7138686,2025-01-23 17:43:58,OTHER,PAUSE,,,,,,,,,,,,,,,,,,,,,,,,,,,,,,,,,,,,,,,347.6998875141144,False
1737650638.8298752,2025-01-23 17:43:58,OTHER,PAUSE,,,,,,,,,,,,,,,,,,,,,,,,,,,,,,,,,,,,,,,347.8158941268921,False
1737650638.9528823,2025-01-23 17:43:58,OTHER,PAUSE,,,,,,,,,,,,,,,,,,,,,,,,,,,,,,,,,,,,,,,347.9389011859894,False
1737650639.0558882,2025-01-23 17:43:59,OTHER,PAUSE,,,,,,,,,,,,,,,,,,,,,,,,,,,,,,,,,,,,,,,348.04190707206726,False
1737650639.1918957,2025-01-23 17:43:59,OTHER,PAUSE,,,,,,,,,,,,,,,,,,,,,,,,,,,,,,,,,,,,,,,348.1779146194458,False
1737650639.382907,2025-01-23 17:43:59,OTHER,PAUSE,,,,,,,,,,,,,,,,,,,,,,,,,,,,,,,,,,,,,,,348.36892580986023,False
1737650639.5379157,2025-01-23 17:43:59,OTHER,PAUSE,,,,,,,,,,,,,,,,,,,,,,,,,,,,,,,,,,,,,,,348.5239346027374,False
1737650639.6899242,2025-01-23 17:43:59,OTHER,PAUSE,,,,,,,,,,,,,,,,,,,,,,,,,,,,,,,,,,,,,,,348.6759431362152,False
1737650639.8749352,2025-01-23 17:43:59,OTHER,PAUSE,,,,,,,,,,,,,,,,,,,,,,,,,,,,,,,,,,,,,,,348.8609540462494,False
1737650640.0159428,2025-01-23 17:44:00,OTHER,PAUSE,,,,,,,,,,,,,,,,,,,,,,,,,,,,,,,,,,,,,,,349.00196170806885,False
1737650640.1339498,2025-01-23 17:44:00,OTHER,PAUSE,,,,,,,,,,,,,,,,,,,,,,,,,,,,,,,,,,,,,,,349.1199686527252,False
1737650640.2529566,2025-01-23 17:44:00,OTHER,PAUSE,,,,,,,,,,,,,,,,,,,,,,,,,,,,,,,,,,,,,,,349.23897552490234,False
1737650640.3809638,2025-01-23 17:44:00,OTHER,PAUSE,,,,,,,,,,,,,,,,,,,,,,,,,,,,,,,,,,,,,,,349.36698269844055,False
1737650640.5019708,2025-01-23 17:44:00,OTHER,PAUSE,,,,,,,,,,,,,,,,,,,,,,,,,,,,,,,,,,,,,,,349.48798966407776,False
1737650640.6179776,2025-01-23 17:44:00,OTHER,PAUSE,,,,,,,,,,,,,,,,,,,,,,,,,,,,,,,,,,,,,,,349.60399651527405,False
1737650640.7569854,2025-01-23 17:44:00,OTHER,PAUSE,,,,,,,,,,,,,,,,,,,,,,,,,,,,,,,,,,,,,,,349.743004322052,False
1737650640.8619914,2025-01-23 17:44:00,OTHER,PAUSE,,,,,,,,,,,,,,,,,,,,,,,,,,,,,,,,,,,,,,,349.84801030158997,False
1737650640.991999,2025-01-23 17:44:00,OTHER,PAUSE,,,,,,,,,,,,,,,,,,,,,,,,,,,,,,,,,,,,,,,349.97801780700684,False
1737650641.0950046,2025-01-23 17:44:01,OTHER,PAUSE,,,,,,,,,,,,,,,,,,,,,,,,,,,,,,,,,,,,,,,350.08102345466614,False
1737650641.2140117,2025-01-23 17:44:01,OTHER,PAUSE,,,,,,,,,,,,,,,,,,,,,,,,,,,,,,,,,,,,,,,350.20003056526184,False
1737650641.329018,2025-01-23 17:44:01,OTHER,PAUSE,,,,,,,,,,,,,,,,,,,,,,,,,,,,,,,,,,,,,,,350.3150370121002,False
1737650641.435024,2025-01-23 17:44:01,OTHER,PAUSE,,,,,,,,,,,,,,,,,,,,,,,,,,,,,,,,,,,,,,,350.42104291915894,False
1737650641.5810325,2025-01-23 17:44:01,OTHER,PAUSE,,,,,,,,,,,,,,,,,,,,,,,,,,,,,,,,,,,,,,,350.56705141067505,False
1737650641.6910386,2025-01-23 17:44:01,OTHER,PAUSE,,,,,,,,,,,,,,,,,,,,,,,,,,,,,,,,,,,,,,,350.67705750465393,False
1737650641.8080456,2025-01-23 17:44:01,OTHER,PAUSE,,,,,,,,,,,,,,,,,,,,,,,,,,,,,,,,,,,,,,,350.79406452178955,False
1737650641.9120514,2025-01-23 17:44:01,OTHER,PAUSE,,,,,,,,,,,,,,,,,,,,,,,,,,,,,,,,,,,,,,,350.8980703353882,False
1737650642.0160573,2025-01-23 17:44:02,OTHER,PAUSE,,,,,,,,,,,,,,,,,,,,,,,,,,,,,,,,,,,,,,,351.0020761489868,False
1737650642.1570654,2025-01-23 17:44:02,OTHER,PAUSE,,,,,,,,,,,,,,,,,,,,,,,,,,,,,,,,,,,,,,,351.14308428764343,False
1737650642.2750723,2025-01-23 17:44:02,OTHER,PAUSE,,,,,,,,,,,,,,,,,,,,,,,,,,,,,,,,,,,,,,,351.2610912322998,False
1737650642.3980792,2025-01-23 17:44:02,OTHER,PAUSE,,,,,,,,,,,,,,,,,,,,,,,,,,,,,,,,,,,,,,,351.3840980529785,False
1737650642.5090857,2025-01-23 17:44:02,OTHER,PAUSE,,,,,,,,,,,,,,,,,,,,,,,,,,,,,,,,,,,,,,,351.4951045513153,False
1737650642.6490936,2025-01-23 17:44:02,OTHER,PAUSE,,,,,,,,,,,,,,,,,,,,,,,,,,,,,,,,,,,,,,,351.6351125240326,False
1737650642.783101,2025-01-23 17:44:02,OTHER,PAUSE,,,,,,,,,,,,,,,,,,,,,,,,,,,,,,,,,,,,,,,351.76911997795105,False
1737650642.8961077,2025-01-23 17:44:02,OTHER,PAUSE,,,,,,,,,,,,,,,,,,,,,,,,,,,,,,,,,,,,,,,351.8821265697479,False
1737650643.006114,2025-01-23 17:44:03,OTHER,PAUSE,,,,,,,,,,,,,,,,,,,,,,,,,,,,,,,,,,,,,,,351.9921329021454,False
1737650643.1221206,2025-01-23 17:44:03,OTHER,PAUSE,,,,,,,,,,,,,,,,,,,,,,,,,,,,,,,,,,,,,,,352.1081395149231,False
1737650643.251128,2025-01-23 17:44:03,OTHER,PAUSE,,,,,,,,,,,,,,,,,,,,,,,,,,,,,,,,,,,,,,,352.23714685440063,False
1737650643.3791354,2025-01-23 17:44:03,OTHER,PAUSE,,,,,,,,,,,,,,,,,,,,,,,,,,,,,,,,,,,,,,,352.3651542663574,False
1737650643.4891417,2025-01-23 17:44:03,OTHER,PAUSE,,,,,,,,,,,,,,,,,,,,,,,,,,,,,,,,,,,,,,,352.4751605987549,False
1737650643.6141489,2025-01-23 17:44:03,OTHER,PAUSE,,,,,,,,,,,,,,,,,,,,,,,,,,,,,,,,,,,,,,,352.60016775131226,False
1737650643.737156,2025-01-23 17:44:03,OTHER,PAUSE,,,,,,,,,,,,,,,,,,,,,,,,,,,,,,,,,,,,,,,352.72317481040955,False
1737650643.8661633,2025-01-23 17:44:03,OTHER,PAUSE,,,,,,,,,,,,,,,,,,,,,,,,,,,,,,,,,,,,,,,352.8521821498871,False
1737650643.9761696,2025-01-23 17:44:03,OTHER,PAUSE,,,,,,,,,,,,,,,,,,,,,,,,,,,,,,,,,,,,,,,352.96218848228455,False
1737650644.0871758,2025-01-23 17:44:04,OTHER,PAUSE,,,,,,,,,,,,,,,,,,,,,,,,,,,,,,,,,,,,,,,353.07319474220276,False
1737650644.2001822,2025-01-23 17:44:04,OTHER,PAUSE,,,,,,,,,,,,,,,,,,,,,,,,,,,,,,,,,,,,,,,353.18620109558105,False
1737650644.3061883,2025-01-23 17:44:04,OTHER,PAUSE,,,,,,,,,,,,,,,,,,,,,,,,,,,,,,,,,,,,,,,353.29220724105835,False
1737650644.4221952,2025-01-23 17:44:04,OTHER,PAUSE,,,,,,,,,,,,,,,,,,,,,,,,,,,,,,,,,,,,,,,353.40821409225464,False
1737650644.5312014,2025-01-23 17:44:04,OTHER,PAUSE,,,,,,,,,,,,,,,,,,,,,,,,,,,,,,,,,,,,,,,353.51722025871277,False
1737650644.6412075,2025-01-23 17:44:04,OTHER,PAUSE,,,,,,,,,,,,,,,,,,,,,,,,,,,,,,,,,,,,,,,353.62722635269165,False
1737650644.7612145,2025-01-23 17:44:04,OTHER,PAUSE,,,,,,,,,,,,,,,,,,,,,,,,,,,,,,,,,,,,,,,353.7472333908081,False
1737650644.8742208,2025-01-23 17:44:04,OTHER,PAUSE,,,,,,,,,,,,,,,,,,,,,,,,,,,,,,,,,,,,,,,353.8602397441864,False
1737650644.9962277,2025-01-23 17:44:04,OTHER,PAUSE,,,,,,,,,,,,,,,,,,,,,,,,,,,,,,,,,,,,,,,353.98224663734436,False
1737650645.1142347,2025-01-23 17:44:05,OTHER,PAUSE,,,,,,,,,,,,,,,,,,,,,,,,,,,,,,,,,,,,,,,354.10025358200073,False
1737650645.2322414,2025-01-23 17:44:05,OTHER,PAUSE,,,,,,,,,,,,,,,,,,,,,,,,,,,,,,,,,,,,,,,354.2182602882385,False
1737650645.3442478,2025-01-23 17:44:05,OTHER,PAUSE,,,,,,,,,,,,,,,,,,,,,,,,,,,,,,,,,,,,,,,354.33026671409607,False
1737650645.4512541,2025-01-23 17:44:05,OTHER,PAUSE,,,,,,,,,,,,,,,,,,,,,,,,,,,,,,,,,,,,,,,354.4372730255127,False
1737650645.5702608,2025-01-23 17:44:05,OTHER,PAUSE,,,,,,,,,,,,,,,,,,,,,,,,,,,,,,,,,,,,,,,354.55627965927124,False
1737650645.6842673,2025-01-23 17:44:05,OTHER,PAUSE,,,,,,,,,,,,,,,,,,,,,,,,,,,,,,,,,,,,,,,354.67028617858887,False
1737650645.7962737,2025-01-23 17:44:05,OTHER,PAUSE,,,,,,,,,,,,,,,,,,,,,,,,,,,,,,,,,,,,,,,354.7822926044464,False
1737650645.9192805,2025-01-23 17:44:05,OTHER,PAUSE,,,,,,,,,,,,,,,,,,,,,,,,,,,,,,,,,,,,,,,354.9052994251251,False
1737650646.0242867,2025-01-23 17:44:06,OTHER,PAUSE,,,,,,,,,,,,,,,,,,,,,,,,,,,,,,,,,,,,,,,355.01030564308167,False
1737650646.1382933,2025-01-23 17:44:06,OTHER,PAUSE,,,,,,,,,,,,,,,,,,,,,,,,,,,,,,,,,,,,,,,355.1243121623993,False
1737650646.2532997,2025-01-23 17:44:06,OTHER,PAUSE,,,,,,,,,,,,,,,,,,,,,,,,,,,,,,,,,,,,,,,355.23931860923767,False
1737650646.3713064,2025-01-23 17:44:06,OTHER,PAUSE,,,,,,,,,,,,,,,,,,,,,,,,,,,,,,,,,,,,,,,355.35732531547546,False
1737650646.4773126,2025-01-23 17:44:06,OTHER,PAUSE,,,,,,,,,,,,,,,,,,,,,,,,,,,,,,,,,,,,,,,355.46333146095276,False
1737650646.6003194,2025-01-23 17:44:06,OTHER,PAUSE,,,,,,,,,,,,,,,,,,,,,,,,,,,,,,,,,,,,,,,355.58633828163147,False
1737650646.7093258,2025-01-23 17:44:06,OTHER,PAUSE,,,,,,,,,,,,,,,,,,,,,,,,,,,,,,,,,,,,,,,355.6953446865082,False
1737650646.8253324,2025-01-23 17:44:06,OTHER,PAUSE,,,,,,,,,,,,,,,,,,,,,,,,,,,,,,,,,,,,,,,355.8113512992859,False
1737650646.9463394,2025-01-23 17:44:06,OTHER,PAUSE,,,,,,,,,,,,,,,,,,,,,,,,,,,,,,,,,,,,,,,355.9323582649231,False
1737650647.0553458,2025-01-23 17:44:07,OTHER,PAUSE,,,,,,,,,,,,,,,,,,,,,,,,,,,,,,,,,,,,,,,356.0413646697998,False
1737650647.1933537,2025-01-23 17:44:07,OTHER,PAUSE,,,,,,,,,,,,,,,,,,,,,,,,,,,,,,,,,,,,,,,356.179372549057,False
1737650647.30936,2025-01-23 17:44:07,OTHER,PAUSE,,,,,,,,,,,,,,,,,,,,,,,,,,,,,,,,,,,,,,,356.29537892341614,False
1737650647.4283671,2025-01-23 17:44:07,OTHER,PAUSE,,,,,,,,,,,,,,,,,,,,,,,,,,,,,,,,,,,,,,,356.41438603401184,False
1737650647.5393734,2025-01-23 17:44:07,OTHER,PAUSE,,,,,,,,,,,,,,,,,,,,,,,,,,,,,,,,,,,,,,,356.52539229393005,False
1737650647.65238,2025-01-23 17:44:07,OTHER,PAUSE,,,,,,,,,,,,,,,,,,,,,,,,,,,,,,,,,,,,,,,356.63839888572693,False
1737650647.7903876,2025-01-23 17:44:07,OTHER,PAUSE,,,,,,,,,,,,,,,,,,,,,,,,,,,,,,,,,,,,,,,356.77640652656555,False
1737650647.9033942,2025-01-23 17:44:07,OTHER,PAUSE,,,,,,,,,,,,,,,,,,,,,,,,,,,,,,,,,,,,,,,356.8894131183624,False
1737650648.0244012,2025-01-23 17:44:08,OTHER,PAUSE,,,,,,,,,,,,,,,,,,,,,,,,,,,,,,,,,,,,,,,357.01042008399963,False
1737650648.1374075,2025-01-23 17:44:08,OTHER,PAUSE,,,,,,,,,,,,,,,,,,,,,,,,,,,,,,,,,,,,,,,357.12342643737793,False
1737650648.2524142,2025-01-23 17:44:08,OTHER,PAUSE,,,,,,,,,,,,,,,,,,,,,,,,,,,,,,,,,,,,,,,357.2384331226349,False
1737650648.3754213,2025-01-23 17:44:08,OTHER,PAUSE,,,,,,,,,,,,,,,,,,,,,,,,,,,,,,,,,,,,,,,357.3614401817322,False
1737650648.4904277,2025-01-23 17:44:08,OTHER,PAUSE,,,,,,,,,,,,,,,,,,,,,,,,,,,,,,,,,,,,,,,357.47644662857056,False
1737650648.6014342,2025-01-23 17:44:08,OTHER,PAUSE,,,,,,,,,,,,,,,,,,,,,,,,,,,,,,,,,,,,,,,357.58745312690735,False
1737650648.7174408,2025-01-23 17:44:08,OTHER,PAUSE,,,,,,,,,,,,,,,,,,,,,,,,,,,,,,,,,,,,,,,357.70345973968506,False
1737650648.860449,2025-01-23 17:44:08,OTHER,PAUSE,,,,,,,,,,,,,,,,,,,,,,,,,,,,,,,,,,,,,,,357.84646797180176,False
1737650648.9814558,2025-01-23 17:44:08,OTHER,PAUSE,,,,,,,,,,,,,,,,,,,,,,,,,,,,,,,,,,,,,,,357.9674746990204,False
1737650649.1004627,2025-01-23 17:44:09,OTHER,PAUSE,,,,,,,,,,,,,,,,,,,,,,,,,,,,,,,,,,,,,,,358.0864815711975,False
1737650649.2144692,2025-01-23 17:44:09,OTHER,PAUSE,,,,,,,,,,,,,,,,,,,,,,,,,,,,,,,,,,,,,,,358.20048809051514,False
1737650649.320475,2025-01-23 17:44:09,OTHER,PAUSE,,,,,,,,,,,,,,,,,,,,,,,,,,,,,,,,,,,,,,,358.30649399757385,False
1737650649.4624832,2025-01-23 17:44:09,OTHER,PAUSE,,,,,,,,,,,,,,,,,,,,,,,,,,,,,,,,,,,,,,,358.4485020637512,False
1737650649.5714896,2025-01-23 17:44:09,OTHER,PAUSE,,,,,,,,,,,,,,,,,,,,,,,,,,,,,,,,,,,,,,,358.55750846862793,False
1737650649.6884964,2025-01-23 17:44:09,OTHER,PAUSE,,,,,,,,,,,,,,,,,,,,,,,,,,,,,,,,,,,,,,,358.67451524734497,False
1737650649.8135035,2025-01-23 17:44:09,OTHER,PAUSE,,,,,,,,,,,,,,,,,,,,,,,,,,,,,,,,,,,,,,,358.79952239990234,False
1737650649.9335103,2025-01-23 17:44:09,OTHER,PAUSE,,,,,,,,,,,,,,,,,,,,,,,,,,,,,,,,,,,,,,,358.9195291996002,False
1737650650.050517,2025-01-23 17:44:10,OTHER,PAUSE,,,,,,,,,,,,,,,,,,,,,,,,,,,,,,,,,,,,,,,359.03653597831726,False
1737650650.1575232,2025-01-23 17:44:10,OTHER,PAUSE,,,,,,,,,,,,,,,,,,,,,,,,,,,,,,,,,,,,,,,359.1435420513153,False
1737650650.2635293,2025-01-23 17:44:10,OTHER,PAUSE,,,,,,,,,,,,,,,,,,,,,,,,,,,,,,,,,,,,,,,359.2495481967926,False
1737650650.379536,2025-01-23 17:44:10,OTHER,PAUSE,,,,,,,,,,,,,,,,,,,,,,,,,,,,,,,,,,,,,,,359.3655548095703,False
1737650650.5005426,2025-01-23 17:44:10,OTHER,PAUSE,,,,,,,,,,,,,,,,,,,,,,,,,,,,,,,,,,,,,,,359.48656153678894,False
1737650650.612549,2025-01-23 17:44:10,OTHER,PAUSE,,,,,,,,,,,,,,,,,,,,,,,,,,,,,,,,,,,,,,,359.5985679626465,False
1737650650.7215555,2025-01-23 17:44:10,OTHER,PAUSE,,,,,,,,,,,,,,,,,,,,,,,,,,,,,,,,,,,,,,,359.7075743675232,False
1737650650.8535628,2025-01-23 17:44:10,OTHER,PAUSE,,,,,,,,,,,,,,,,,,,,,,,,,,,,,,,,,,,,,,,359.83958172798157,False
1737650650.9635692,2025-01-23 17:44:10,OTHER,PAUSE,,,,,,,,,,,,,,,,,,,,,,,,,,,,,,,,,,,,,,,359.949588060379,False
1737650651.0985768,2025-01-23 17:44:11,OTHER,PAUSE,,,,,,,,,,,,,,,,,,,,,,,,,,,,,,,,,,,,,,,360.0845956802368,False
1737650651.2335846,2025-01-23 17:44:11,OTHER,PAUSE,,,,,,,,,,,,,,,,,,,,,,,,,,,,,,,,,,,,,,,360.2196035385132,False
1737650651.3555918,2025-01-23 17:44:11,OTHER,PAUSE,,,,,,,,,,,,,,,,,,,,,,,,,,,,,,,,,,,,,,,360.3416106700897,False
1737650651.4595976,2025-01-23 17:44:11,OTHER,PAUSE,,,,,,,,,,,,,,,,,,,,,,,,,,,,,,,,,,,,,,,360.44561648368835,False
1737650651.568604,2025-01-23 17:44:11,OTHER,PAUSE,,,,,,,,,,,,,,,,,,,,,,,,,,,,,,,,,,,,,,,360.55462288856506,False
1737650651.6966112,2025-01-23 17:44:11,OTHER,PAUSE,,,,,,,,,,,,,,,,,,,,,,,,,,,,,,,,,,,,,,,360.68263006210327,False
1737650651.836619,2025-01-23 17:44:11,OTHER,PAUSE,,,,,,,,,,,,,,,,,,,,,,,,,,,,,,,,,,,,,,,360.822637796402,False
1737650651.9516258,2025-01-23 17:44:11,OTHER,PAUSE,,,,,,,,,,,,,,,,,,,,,,,,,,,,,,,,,,,,,,,360.9376447200775,False
1737650652.0596318,2025-01-23 17:44:12,OTHER,PAUSE,,,,,,,,,,,,,,,,,,,,,,,,,,,,,,,,,,,,,,,361.0456507205963,False
1737650652.167638,2025-01-23 17:44:12,OTHER,PAUSE,,,,,,,,,,,,,,,,,,,,,,,,,,,,,,,,,,,,,,,361.1536569595337,False
1737650652.2946453,2025-01-23 17:44:12,OTHER,PAUSE,,,,,,,,,,,,,,,,,,,,,,,,,,,,,,,,,,,,,,,361.28066420555115,False
1737650652.412652,2025-01-23 17:44:12,OTHER,PAUSE,,,,,,,,,,,,,,,,,,,,,,,,,,,,,,,,,,,,,,,361.39867091178894,False
1737650652.535659,2025-01-23 17:44:12,OTHER,PAUSE,,,,,,,,,,,,,,,,,,,,,,,,,,,,,,,,,,,,,,,361.52167797088623,False
1737650652.6476655,2025-01-23 17:44:12,OTHER,PAUSE,,,,,,,,,,,,,,,,,,,,,,,,,,,,,,,,,,,,,,,361.6336843967438,False
1737650652.776673,2025-01-23 17:44:12,OTHER,PAUSE,,,,,,,,,,,,,,,,,,,,,,,,,,,,,,,,,,,,,,,361.7626919746399,False
1737650652.9036803,2025-01-23 17:44:12,OTHER,PAUSE,,,,,,,,,,,,,,,,,,,,,,,,,,,,,,,,,,,,,,,361.88969922065735,False
1737650653.022687,2025-01-23 17:44:13,OTHER,PAUSE,,,,,,,,,,,,,,,,,,,,,,,,,,,,,,,,,,,,,,,362.0087058544159,False
1737650653.1326933,2025-01-23 17:44:13,OTHER,PAUSE,,,,,,,,,,,,,,,,,,,,,,,,,,,,,,,,,,,,,,,362.11871218681335,False
1737650653.2406993,2025-01-23 17:44:13,OTHER,PAUSE,,,,,,,,,,,,,,,,,,,,,,,,,,,,,,,,,,,,,,,362.22671818733215,False
1737650653.376707,2025-01-23 17:44:13,OTHER,PAUSE,,,,,,,,,,,,,,,,,,,,,,,,,,,,,,,,,,,,,,,362.3627259731293,False
1737650653.5017145,2025-01-23 17:44:13,OTHER,PAUSE,,,,,,,,,,,,,,,,,,,,,,,,,,,,,,,,,,,,,,,362.4877333641052,False
1737650653.634722,2025-01-23 17:44:13,OTHER,PAUSE,,,,,,,,,,,,,,,,,,,,,,,,,,,,,,,,,,,,,,,362.62074089050293,False
1737650653.738728,2025-01-23 17:44:13,OTHER,PAUSE,,,,,,,,,,,,,,,,,,,,,,,,,,,,,,,,,,,,,,,362.72474694252014,False
1737650653.8487341,2025-01-23 17:44:13,OTHER,PAUSE,,,,,,,,,,,,,,,,,,,,,,,,,,,,,,,,,,,,,,,362.834753036499,False
1737650653.9927423,2025-01-23 17:44:13,OTHER,PAUSE,,,,,,,,,,,,,,,,,,,,,,,,,,,,,,,,,,,,,,,362.9787611961365,False
1737650654.1077492,2025-01-23 17:44:14,OTHER,PAUSE,,,,,,,,,,,,,,,,,,,,,,,,,,,,,,,,,,,,,,,363.093768119812,False
1737650654.2227557,2025-01-23 17:44:14,OTHER,PAUSE,,,,,,,,,,,,,,,,,,,,,,,,,,,,,,,,,,,,,,,363.2087745666504,False
1737650654.333762,2025-01-23 17:44:14,OTHER,PAUSE,,,,,,,,,,,,,,,,,,,,,,,,,,,,,,,,,,,,,,,363.3197808265686,False
1737650654.4637694,2025-01-23 17:44:14,OTHER,PAUSE,,,,,,,,,,,,,,,,,,,,,,,,,,,,,,,,,,,,,,,363.4497883319855,False
1737650654.5927768,2025-01-23 17:44:14,OTHER,PAUSE,,,,,,,,,,,,,,,,,,,,,,,,,,,,,,,,,,,,,,,363.578795671463,False
1737650654.7057834,2025-01-23 17:44:14,OTHER,PAUSE,,,,,,,,,,,,,,,,,,,,,,,,,,,,,,,,,,,,,,,363.6918022632599,False
1737650654.8397908,2025-01-23 17:44:14,OTHER,PAUSE,,,,,,,,,,,,,,,,,,,,,,,,,,,,,,,,,,,,,,,363.82580971717834,False
1737650654.9797988,2025-01-23 17:44:14,OTHER,PAUSE,,,,,,,,,,,,,,,,,,,,,,,,,,,,,,,,,,,,,,,363.96581768989563,False
1737650655.120807,2025-01-23 17:44:15,OTHER,PAUSE,,,,,,,,,,,,,,,,,,,,,,,,,,,,,,,,,,,,,,,364.10682582855225,False
1737650655.2898166,2025-01-23 17:44:15,OTHER,PAUSE,,,,,,,,,,,,,,,,,,,,,,,,,,,,,,,,,,,,,,,364.2758355140686,False
1737650655.4478257,2025-01-23 17:44:15,OTHER,PAUSE,,,,,,,,,,,,,,,,,,,,,,,,,,,,,,,,,,,,,,,364.4338445663452,False
1737650655.6138353,2025-01-23 17:44:15,OTHER,PAUSE,,,,,,,,,,,,,,,,,,,,,,,,,,,,,,,,,,,,,,,364.59985423088074,False
1737650655.7738442,2025-01-23 17:44:15,OTHER,PAUSE,,,,,,,,,,,,,,,,,,,,,,,,,,,,,,,,,,,,,,,364.75986313819885,False
1737650655.9238527,2025-01-23 17:44:15,OTHER,PAUSE,,,,,,,,,,,,,,,,,,,,,,,,,,,,,,,,,,,,,,,364.90987157821655,False
1737650656.0688612,2025-01-23 17:44:16,OTHER,PAUSE,,,,,,,,,,,,,,,,,,,,,,,,,,,,,,,,,,,,,,,365.0548801422119,False
1737650656.2078693,2025-01-23 17:44:16,OTHER,PAUSE,,,,,,,,,,,,,,,,,,,,,,,,,,,,,,,,,,,,,,,365.19388818740845,False
1737650656.327876,2025-01-23 17:44:16,OTHER,PAUSE,,,,,,,,,,,,,,,,,,,,,,,,,,,,,,,,,,,,,,,365.3138949871063,False
1737650656.447883,2025-01-23 17:44:16,OTHER,PAUSE,,,,,,,,,,,,,,,,,,,,,,,,,,,,,,,,,,,,,,,365.4339017868042,False
1737650656.553889,2025-01-23 17:44:16,OTHER,PAUSE,,,,,,,,,,,,,,,,,,,,,,,,,,,,,,,,,,,,,,,365.5399079322815,False
1737650656.6628952,2025-01-23 17:44:16,OTHER,PAUSE,,,,,,,,,,,,,,,,,,,,,,,,,,,,,,,,,,,,,,,365.6489140987396,False
1737650656.796903,2025-01-23 17:44:16,OTHER,PAUSE,,,,,,,,,,,,,,,,,,,,,,,,,,,,,,,,,,,,,,,365.78292179107666,False
1737650656.9239101,2025-01-23 17:44:16,OTHER,PAUSE,,,,,,,,,,,,,,,,,,,,,,,,,,,,,,,,,,,,,,,365.9099290370941,False
1737650657.0529175,2025-01-23 17:44:17,OTHER,PAUSE,,,,,,,,,,,,,,,,,,,,,,,,,,,,,,,,,,,,,,,366.03893637657166,False
1737650657.1579237,2025-01-23 17:44:17,OTHER,PAUSE,,,,,,,,,,,,,,,,,,,,,,,,,,,,,,,,,,,,,,,366.1439425945282,False
1737650657.2759302,2025-01-23 17:44:17,OTHER,PAUSE,,,,,,,,,,,,,,,,,,,,,,,,,,,,,,,,,,,,,,,366.2619490623474,False
1737650657.3869367,2025-01-23 17:44:17,OTHER,PAUSE,,,,,,,,,,,,,,,,,,,,,,,,,,,,,,,,,,,,,,,366.3729555606842,False
1737650657.5069435,2025-01-23 17:44:17,OTHER,PAUSE,,,,,,,,,,,,,,,,,,,,,,,,,,,,,,,,,,,,,,,366.4929623603821,False
1737650657.62595,2025-01-23 17:44:17,OTHER,PAUSE,,,,,,,,,,,,,,,,,,,,,,,,,,,,,,,,,,,,,,,366.6119689941406,False
1737650657.7339563,2025-01-23 17:44:17,OTHER,PAUSE,,,,,,,,,,,,,,,,,,,,,,,,,,,,,,,,,,,,,,,366.719975233078,False
1737650657.8599637,2025-01-23 17:44:17,OTHER,PAUSE,,,,,,,,,,,,,,,,,,,,,,,,,,,,,,,,,,,,,,,366.8459825515747,False
1737650657.96897,2025-01-23 17:44:17,OTHER,PAUSE,,,,,,,,,,,,,,,,,,,,,,,,,,,,,,,,,,,,,,,366.9549889564514,False
1737650658.0849764,2025-01-23 17:44:18,OTHER,PAUSE,,,,,,,,,,,,,,,,,,,,,,,,,,,,,,,,,,,,,,,367.07099533081055,False
1737650658.197983,2025-01-23 17:44:18,OTHER,PAUSE,,,,,,,,,,,,,,,,,,,,,,,,,,,,,,,,,,,,,,,367.1840019226074,False
1737650658.3219903,2025-01-23 17:44:18,OTHER,PAUSE,,,,,,,,,,,,,,,,,,,,,,,,,,,,,,,,,,,,,,,367.30800914764404,False
1737650658.4469972,2025-01-23 17:44:18,OTHER,PAUSE,,,,,,,,,,,,,,,,,,,,,,,,,,,,,,,,,,,,,,,367.43301606178284,False
1737650658.565004,2025-01-23 17:44:18,OTHER,PAUSE,,,,,,,,,,,,,,,,,,,,,,,,,,,,,,,,,,,,,,,367.5510230064392,False
1737650658.6840107,2025-01-23 17:44:18,OTHER,PAUSE,,,,,,,,,,,,,,,,,,,,,,,,,,,,,,,,,,,,,,,367.67002964019775,False
1737650658.7960172,2025-01-23 17:44:18,OTHER,PAUSE,,,,,,,,,,,,,,,,,,,,,,,,,,,,,,,,,,,,,,,367.7820360660553,False
1737650658.9220245,2025-01-23 17:44:18,OTHER,PAUSE,,,,,,,,,,,,,,,,,,,,,,,,,,,,,,,,,,,,,,,367.908043384552,False
1737650659.0540318,2025-01-23 17:44:19,OTHER,PAUSE,,,,,,,,,,,,,,,,,,,,,,,,,,,,,,,,,,,,,,,368.0400507450104,False
1737650659.179039,2025-01-23 17:44:19,OTHER,PAUSE,,,,,,,,,,,,,,,,,,,,,,,,,,,,,,,,,,,,,,,368.16505789756775,False
1737650659.283045,2025-01-23 17:44:19,OTHER,PAUSE,,,,,,,,,,,,,,,,,,,,,,,,,,,,,,,,,,,,,,,368.26906394958496,False
1737650659.3910513,2025-01-23 17:44:19,OTHER,PAUSE,,,,,,,,,,,,,,,,,,,,,,,,,,,,,,,,,,,,,,,368.37707018852234,False
1737650659.5390596,2025-01-23 17:44:19,OTHER,PAUSE,,,,,,,,,,,,,,,,,,,,,,,,,,,,,,,,,,,,,,,368.52507853507996,False
1737650659.665067,2025-01-23 17:44:19,OTHER,PAUSE,,,,,,,,,,,,,,,,,,,,,,,,,,,,,,,,,,,,,,,368.65108585357666,False
1737650659.7790732,2025-01-23 17:44:19,OTHER,PAUSE,,,,,,,,,,,,,,,,,,,,,,,,,,,,,,,,,,,,,,,368.7650921344757,False
1737650659.8840795,2025-01-23 17:44:19,OTHER,PAUSE,,,,,,,,,,,,,,,,,,,,,,,,,,,,,,,,,,,,,,,368.87009835243225,False
1737650659.9910855,2025-01-23 17:44:19,OTHER,PAUSE,,,,,,,,,,,,,,,,,,,,,,,,,,,,,,,,,,,,,,,368.9771044254303,False
1737650660.1290934,2025-01-23 17:44:20,OTHER,PAUSE,,,,,,,,,,,,,,,,,,,,,,,,,,,,,,,,,,,,,,,369.1151123046875,False
1737650660.2481,2025-01-23 17:44:20,OTHER,PAUSE,,,,,,,,,,,,,,,,,,,,,,,,,,,,,,,,,,,,,,,369.23411893844604,False
1737650660.3601065,2025-01-23 17:44:20,OTHER,PAUSE,,,,,,,,,,,,,,,,,,,,,,,,,,,,,,,,,,,,,,,369.3461253643036,False
1737650660.4791136,2025-01-23 17:44:20,OTHER,PAUSE,,,,,,,,,,,,,,,,,,,,,,,,,,,,,,,,,,,,,,,369.4651324748993,False
1737650660.6741245,2025-01-23 17:44:20,OTHER,PAUSE,,,,,,,,,,,,,,,,,,,,,,,,,,,,,,,,,,,,,,,369.66014337539673,False
1737650660.8031318,2025-01-23 17:44:20,OTHER,PAUSE,,,,,,,,,,,,,,,,,,,,,,,,,,,,,,,,,,,,,,,369.78915071487427,False
1737650660.9291391,2025-01-23 17:44:20,OTHER,PAUSE,,,,,,,,,,,,,,,,,,,,,,,,,,,,,,,,,,,,,,,369.915158033371,False
1737650661.0421457,2025-01-23 17:44:21,OTHER,PAUSE,,,,,,,,,,,,,,,,,,,,,,,,,,,,,,,,,,,,,,,370.02816462516785,False
1737650661.1641526,2025-01-23 17:44:21,OTHER,PAUSE,,,,,,,,,,,,,,,,,,,,,,,,,,,,,,,,,,,,,,,370.1501715183258,False
1737650661.3021605,2025-01-23 17:44:21,OTHER,PAUSE,,,,,,,,,,,,,,,,,,,,,,,,,,,,,,,,,,,,,,,370.288179397583,False
1737650661.434168,2025-01-23 17:44:21,OTHER,PAUSE,,,,,,,,,,,,,,,,,,,,,,,,,,,,,,,,,,,,,,,370.42018699645996,False
1737650661.5411742,2025-01-23 17:44:21,OTHER,PAUSE,,,,,,,,,,,,,,,,,,,,,,,,,,,,,,,,,,,,,,,370.527193069458,False
1737650661.6541805,2025-01-23 17:44:21,OTHER,PAUSE,,,,,,,,,,,,,,,,,,,,,,,,,,,,,,,,,,,,,,,370.6401994228363,False
1737650661.7851882,2025-01-23 17:44:21,OTHER,PAUSE,,,,,,,,,,,,,,,,,,,,,,,,,,,,,,,,,,,,,,,370.7712070941925,False
1737650661.9121954,2025-01-23 17:44:21,OTHER,PAUSE,,,,,,,,,,,,,,,,,,,,,,,,,,,,,,,,,,,,,,,370.89821434020996,False
1737650662.0322022,2025-01-23 17:44:22,OTHER,PAUSE,,,,,,,,,,,,,,,,,,,,,,,,,,,,,,,,,,,,,,,371.01822113990784,False
1737650662.152209,2025-01-23 17:44:22,OTHER,PAUSE,,,,,,,,,,,,,,,,,,,,,,,,,,,,,,,,,,,,,,,371.1382279396057,False
1737650662.2712162,2025-01-23 17:44:22,OTHER,PAUSE,,,,,,,,,,,,,,,,,,,,,,,,,,,,,,,,,,,,,,,371.2572350502014,False
1737650662.4192243,2025-01-23 17:44:22,OTHER,PAUSE,,,,,,,,,,,,,,,,,,,,,,,,,,,,,,,,,,,,,,,371.40524315834045,False
1737650662.566233,2025-01-23 17:44:22,OTHER,PAUSE,,,,,,,,,,,,,,,,,,,,,,,,,,,,,,,,,,,,,,,371.5522518157959,False
1737650662.6782393,2025-01-23 17:44:22,OTHER,PAUSE,,,,,,,,,,,,,,,,,,,,,,,,,,,,,,,,,,,,,,,371.66425824165344,False
1737650662.8032463,2025-01-23 17:44:22,OTHER,PAUSE,,,,,,,,,,,,,,,,,,,,,,,,,,,,,,,,,,,,,,,371.78926515579224,False
1737650662.9452543,2025-01-23 17:44:22,OTHER,PAUSE,,,,,,,,,,,,,,,,,,,,,,,,,,,,,,,,,,,,,,,371.9312732219696,False
1737650663.0682614,2025-01-23 17:44:23,OTHER,PAUSE,,,,,,,,,,,,,,,,,,,,,,,,,,,,,,,,,,,,,,,372.0542802810669,False
1737650663.2032695,2025-01-23 17:44:23,OTHER,PAUSE,,,,,,,,,,,,,,,,,,,,,,,,,,,,,,,,,,,,,,,372.18928837776184,False
1737650663.3092754,2025-01-23 17:44:23,OTHER,PAUSE,,,,,,,,,,,,,,,,,,,,,,,,,,,,,,,,,,,,,,,372.29529428482056,False
1737650663.4192817,2025-01-23 17:44:23,OTHER,PAUSE,,,,,,,,,,,,,,,,,,,,,,,,,,,,,,,,,,,,,,,372.405300617218,False
1737650663.5552893,2025-01-23 17:44:23,OTHER,PAUSE,,,,,,,,,,,,,,,,,,,,,,,,,,,,,,,,,,,,,,,372.54130816459656,False
1737650663.670296,2025-01-23 17:44:23,OTHER,PAUSE,,,,,,,,,,,,,,,,,,,,,,,,,,,,,,,,,,,,,,,372.6563148498535,False
1737650663.793303,2025-01-23 17:44:23,OTHER,PAUSE,,,,,,,,,,,,,,,,,,,,,,,,,,,,,,,,,,,,,,,372.7793219089508,False
1737650663.9013093,2025-01-23 17:44:23,OTHER,PAUSE,,,,,,,,,,,,,,,,,,,,,,,,,,,,,,,,,,,,,,,372.8873281478882,False
1737650664.020316,2025-01-23 17:44:24,OTHER,PAUSE,,,,,,,,,,,,,,,,,,,,,,,,,,,,,,,,,,,,,,,373.00633478164673,False
1737650664.141323,2025-01-23 17:44:24,OTHER,PAUSE,,,,,,,,,,,,,,,,,,,,,,,,,,,,,,,,,,,,,,,373.1273419857025,False
1737650664.281331,2025-01-23 17:44:24,OTHER,PAUSE,,,,,,,,,,,,,,,,,,,,,,,,,,,,,,,,,,,,,,,373.2673499584198,False
1737650664.3943372,2025-01-23 17:44:24,OTHER,PAUSE,,,,,,,,,,,,,,,,,,,,,,,,,,,,,,,,,,,,,,,373.3803560733795,False
1737650664.547346,2025-01-23 17:44:24,OTHER,PAUSE,,,,,,,,,,,,,,,,,,,,,,,,,,,,,,,,,,,,,,,373.5333650112152,False
1737650664.6793537,2025-01-23 17:44:24,OTHER,PAUSE,,,,,,,,,,,,,,,,,,,,,,,,,,,,,,,,,,,,,,,373.66537261009216,False
1737650664.8013606,2025-01-23 17:44:24,OTHER,PAUSE,,,,,,,,,,,,,,,,,,,,,,,,,,,,,,,,,,,,,,,373.7873795032501,False
1737650664.9223676,2025-01-23 17:44:24,OTHER,PAUSE,,,,,,,,,,,,,,,,,,,,,,,,,,,,,,,,,,,,,,,373.90838646888733,False
1737650665.0403743,2025-01-23 17:44:25,OTHER,PAUSE,,,,,,,,,,,,,,,,,,,,,,,,,,,,,,,,,,,,,,,374.0263931751251,False
1737650665.1663816,2025-01-23 17:44:25,OTHER,PAUSE,,,,,,,,,,,,,,,,,,,,,,,,,,,,,,,,,,,,,,,374.1524004936218,False
1737650665.3093898,2025-01-23 17:44:25,OTHER,PAUSE,,,,,,,,,,,,,,,,,,,,,,,,,,,,,,,,,,,,,,,374.2954087257385,False
1737650665.4253964,2025-01-23 17:44:25,OTHER,PAUSE,,,,,,,,,,,,,,,,,,,,,,,,,,,,,,,,,,,,,,,374.41141533851624,False
1737650665.543403,2025-01-23 17:44:25,OTHER,PAUSE,,,,,,,,,,,,,,,,,,,,,,,,,,,,,,,,,,,,,,,374.52942180633545,False
1737650665.6554093,2025-01-23 17:44:25,OTHER,PAUSE,,,,,,,,,,,,,,,,,,,,,,,,,,,,,,,,,,,,,,,374.641428232193,False
1737650665.786417,2025-01-23 17:44:25,OTHER,PAUSE,,,,,,,,,,,,,,,,,,,,,,,,,,,,,,,,,,,,,,,374.7724359035492,False
1737650665.9064238,2025-01-23 17:44:25,OTHER,PAUSE,,,,,,,,,,,,,,,,,,,,,,,,,,,,,,,,,,,,,,,374.89244270324707,False
1737650666.0264306,2025-01-23 17:44:26,OTHER,PAUSE,,,,,,,,,,,,,,,,,,,,,,,,,,,,,,,,,,,,,,,375.01244950294495,False
1737650666.135437,2025-01-23 17:44:26,OTHER,PAUSE,,,,,,,,,,,,,,,,,,,,,,,,,,,,,,,,,,,,,,,375.12145590782166,False
1737650666.2444432,2025-01-23 17:44:26,OTHER,PAUSE,,,,,,,,,,,,,,,,,,,,,,,,,,,,,,,,,,,,,,,375.2304620742798,False
1737650666.3714507,2025-01-23 17:44:26,OTHER,PAUSE,,,,,,,,,,,,,,,,,,,,,,,,,,,,,,,,,,,,,,,375.3574695587158,False
1737650666.4894571,2025-01-23 17:44:26,OTHER,PAUSE,,,,,,,,,,,,,,,,,,,,,,,,,,,,,,,,,,,,,,,375.47547602653503,False
1737650666.6224647,2025-01-23 17:44:26,OTHER,PAUSE,,,,,,,,,,,,,,,,,,,,,,,,,,,,,,,,,,,,,,,375.60848355293274,False
1737650666.731471,2025-01-23 17:44:26,OTHER,PAUSE,,,,,,,,,,,,,,,,,,,,,,,,,,,,,,,,,,,,,,,375.71748995780945,False
1737650666.8594785,2025-01-23 17:44:26,OTHER,PAUSE,,,,,,,,,,,,,,,,,,,,,,,,,,,,,,,,,,,,,,,375.84549736976624,False
1737650666.9674847,2025-01-23 17:44:26,OTHER,PAUSE,,,,,,,,,,,,,,,,,,,,,,,,,,,,,,,,,,,,,,,375.9535036087036,False
1737650667.0874913,2025-01-23 17:44:27,OTHER,PAUSE,,,,,,,,,,,,,,,,,,,,,,,,,,,,,,,,,,,,,,,376.0735101699829,False
1737650667.2134986,2025-01-23 17:44:27,OTHER,PAUSE,,,,,,,,,,,,,,,,,,,,,,,,,,,,,,,,,,,,,,,376.1995174884796,False
1737650667.3345056,2025-01-23 17:44:27,OTHER,PAUSE,,,,,,,,,,,,,,,,,,,,,,,,,,,,,,,,,,,,,,,376.3205244541168,False
1737650667.4595125,2025-01-23 17:44:27,OTHER,PAUSE,,,,,,,,,,,,,,,,,,,,,,,,,,,,,,,,,,,,,,,376.4455313682556,False
1737650667.5915203,2025-01-23 17:44:27,OTHER,PAUSE,,,,,,,,,,,,,,,,,,,,,,,,,,,,,,,,,,,,,,,376.57753920555115,False
1737650667.7135272,2025-01-23 17:44:27,OTHER,PAUSE,,,,,,,,,,,,,,,,,,,,,,,,,,,,,,,,,,,,,,,376.6995460987091,False
1737650667.8285336,2025-01-23 17:44:27,OTHER,PAUSE,,,,,,,,,,,,,,,,,,,,,,,,,,,,,,,,,,,,,,,376.8145525455475,False
1737650667.9675417,2025-01-23 17:44:27,OTHER,PAUSE,,,,,,,,,,,,,,,,,,,,,,,,,,,,,,,,,,,,,,,376.953560590744,False
1737650668.0885487,2025-01-23 17:44:28,OTHER,PAUSE,,,,,,,,,,,,,,,,,,,,,,,,,,,,,,,,,,,,,,,377.0745675563812,False
1737650668.2075555,2025-01-23 17:44:28,OTHER,PAUSE,,,,,,,,,,,,,,,,,,,,,,,,,,,,,,,,,,,,,,,377.19357442855835,False
1737650668.3325627,2025-01-23 17:44:28,OTHER,PAUSE,,,,,,,,,,,,,,,,,,,,,,,,,,,,,,,,,,,,,,,377.3185815811157,False
1737650668.445569,2025-01-23 17:44:28,OTHER,PAUSE,,,,,,,,,,,,,,,,,,,,,,,,,,,,,,,,,,,,,,,377.431587934494,False
1737650668.5905774,2025-01-23 17:44:28,OTHER,PAUSE,,,,,,,,,,,,,,,,,,,,,,,,,,,,,,,,,,,,,,,377.5765962600708,False
1737650668.7335856,2025-01-23 17:44:28,OTHER,PAUSE,,,,,,,,,,,,,,,,,,,,,,,,,,,,,,,,,,,,,,,377.7196044921875,False
1737650668.862593,2025-01-23 17:44:28,OTHER,PAUSE,,,,,,,,,,,,,,,,,,,,,,,,,,,,,,,,,,,,,,,377.84861183166504,False
1737650668.9735992,2025-01-23 17:44:28,OTHER,PAUSE,,,,,,,,,,,,,,,,,,,,,,,,,,,,,,,,,,,,,,,377.95961809158325,False
1737650669.1106071,2025-01-23 17:44:29,OTHER,PAUSE,,,,,,,,,,,,,,,,,,,,,,,,,,,,,,,,,,,,,,,378.0966260433197,False
1737650669.2246137,2025-01-23 17:44:29,OTHER,PAUSE,,,,,,,,,,,,,,,,,,,,,,,,,,,,,,,,,,,,,,,378.21063256263733,False
1737650669.33462,2025-01-23 17:44:29,OTHER,PAUSE,,,,,,,,,,,,,,,,,,,,,,,,,,,,,,,,,,,,,,,378.3206388950348,False
1737650669.455627,2025-01-23 17:44:29,OTHER,PAUSE,,,,,,,,,,,,,,,,,,,,,,,,,,,,,,,,,,,,,,,378.441645860672,False
1737650669.5686333,2025-01-23 17:44:29,OTHER,PAUSE,,,,,,,,,,,,,,,,,,,,,,,,,,,,,,,,,,,,,,,378.5546522140503,False
1737650669.7036412,2025-01-23 17:44:29,OTHER,PAUSE,,,,,,,,,,,,,,,,,,,,,,,,,,,,,,,,,,,,,,,378.68966007232666,False
1737650669.8106472,2025-01-23 17:44:29,OTHER,PAUSE,,,,,,,,,,,,,,,,,,,,,,,,,,,,,,,,,,,,,,,378.7966661453247,False
1737650669.9206536,2025-01-23 17:44:29,OTHER,PAUSE,,,,,,,,,,,,,,,,,,,,,,,,,,,,,,,,,,,,,,,378.90667247772217,False
1737650670.0456607,2025-01-23 17:44:30,OTHER,PAUSE,,,,,,,,,,,,,,,,,,,,,,,,,,,,,,,,,,,,,,,379.03167963027954,False
1737650670.1606672,2025-01-23 17:44:30,OTHER,PAUSE,,,,,,,,,,,,,,,,,,,,,,,,,,,,,,,,,,,,,,,379.1466860771179,False
1737650670.3116758,2025-01-23 17:44:30,OTHER,PAUSE,,,,,,,,,,,,,,,,,,,,,,,,,,,,,,,,,,,,,,,379.29769468307495,False
1737650670.4266825,2025-01-23 17:44:30,OTHER,PAUSE,,,,,,,,,,,,,,,,,,,,,,,,,,,,,,,,,,,,,,,379.4127013683319,False
1737650670.540689,2025-01-23 17:44:30,OTHER,PAUSE,,,,,,,,,,,,,,,,,,,,,,,,,,,,,,,,,,,,,,,379.52670788764954,False
1737650670.650695,2025-01-23 17:44:30,OTHER,PAUSE,,,,,,,,,,,,,,,,,,,,,,,,,,,,,,,,,,,,,,,379.6367139816284,False
1737650670.7657018,2025-01-23 17:44:30,OTHER,PAUSE,,,,,,,,,,,,,,,,,,,,,,,,,,,,,,,,,,,,,,,379.7517206668854,False
1737650670.8887088,2025-01-23 17:44:30,OTHER,PAUSE,,,,,,,,,,,,,,,,,,,,,,,,,,,,,,,,,,,,,,,379.87472772598267,False
1737650671.0227165,2025-01-23 17:44:31,OTHER,PAUSE,,,,,,,,,,,,,,,,,,,,,,,,,,,,,,,,,,,,,,,380.0087354183197,False
1737650671.1447234,2025-01-23 17:44:31,OTHER,PAUSE,,,,,,,,,,,,,,,,,,,,,,,,,,,,,,,,,,,,,,,380.13074231147766,False
1737650671.3167331,2025-01-23 17:44:31,OTHER,PAUSE,,,,,,,,,,,,,,,,,,,,,,,,,,,,,,,,,,,,,,,380.30275201797485,False
1737650671.5067444,2025-01-23 17:44:31,OTHER,PAUSE,,,,,,,,,,,,,,,,,,,,,,,,,,,,,,,,,,,,,,,380.49276328086853,False
1737650671.6807542,2025-01-23 17:44:31,OTHER,PAUSE,,,,,,,,,,,,,,,,,,,,,,,,,,,,,,,,,,,,,,,380.6667730808258,False
1737650671.834763,2025-01-23 17:44:31,OTHER,PAUSE,,,,,,,,,,,,,,,,,,,,,,,,,,,,,,,,,,,,,,,380.82078194618225,False
1737650672.007773,2025-01-23 17:44:32,OTHER,PAUSE,,,,,,,,,,,,,,,,,,,,,,,,,,,,,,,,,,,,,,,380.9937918186188,False
1737650672.1337802,2025-01-23 17:44:32,OTHER,PAUSE,,,,,,,,,,,,,,,,,,,,,,,,,,,,,,,,,,,,,,,381.1197991371155,False
1737650672.2477865,2025-01-23 17:44:32,OTHER,PAUSE,,,,,,,,,,,,,,,,,,,,,,,,,,,,,,,,,,,,,,,381.2338054180145,False
1737650672.3687935,2025-01-23 17:44:32,OTHER,PAUSE,,,,,,,,,,,,,,,,,,,,,,,,,,,,,,,,,,,,,,,381.35481238365173,False
1737650672.5108016,2025-01-23 17:44:32,OTHER,PAUSE,,,,,,,,,,,,,,,,,,,,,,,,,,,,,,,,,,,,,,,381.4968204498291,False
1737650672.6418092,2025-01-23 17:44:32,OTHER,PAUSE,,,,,,,,,,,,,,,,,,,,,,,,,,,,,,,,,,,,,,,381.6278281211853,False
1737650672.7698164,2025-01-23 17:44:32,OTHER,PAUSE,,,,,,,,,,,,,,,,,,,,,,,,,,,,,,,,,,,,,,,381.7558352947235,False
1737650672.8928235,2025-01-23 17:44:32,OTHER,PAUSE,,,,,,,,,,,,,,,,,,,,,,,,,,,,,,,,,,,,,,,381.8788423538208,False
1737650673.0028298,2025-01-23 17:44:33,OTHER,PAUSE,,,,,,,,,,,,,,,,,,,,,,,,,,,,,,,,,,,,,,,381.98884868621826,False
1737650673.1538384,2025-01-23 17:44:33,OTHER,PAUSE,,,,,,,,,,,,,,,,,,,,,,,,,,,,,,,,,,,,,,,382.1398572921753,False
1737650673.2788458,2025-01-23 17:44:33,OTHER,PAUSE,,,,,,,,,,,,,,,,,,,,,,,,,,,,,,,,,,,,,,,382.26486468315125,False
1737650673.4038527,2025-01-23 17:44:33,OTHER,PAUSE,,,,,,,,,,,,,,,,,,,,,,,,,,,,,,,,,,,,,,,382.38987159729004,False
1737650673.5198593,2025-01-23 17:44:33,OTHER,PAUSE,,,,,,,,,,,,,,,,,,,,,,,,,,,,,,,,,,,,,,,382.50587821006775,False
1737650673.6508667,2025-01-23 17:44:33,OTHER,PAUSE,,,,,,,,,,,,,,,,,,,,,,,,,,,,,,,,,,,,,,,382.63688564300537,False
1737650673.7818742,2025-01-23 17:44:33,OTHER,PAUSE,,,,,,,,,,,,,,,,,,,,,,,,,,,,,,,,,,,,,,,382.767893075943,False
1737650673.9098816,2025-01-23 17:44:33,OTHER,PAUSE,,,,,,,,,,,,,,,,,,,,,,,,,,,,,,,,,,,,,,,382.8959004878998,False
1737650674.020888,2025-01-23 17:44:34,OTHER,PAUSE,,,,,,,,,,,,,,,,,,,,,,,,,,,,,,,,,,,,,,,383.0069069862366,False
1737650674.1338944,2025-01-23 17:44:34,OTHER,PAUSE,,,,,,,,,,,,,,,,,,,,,,,,,,,,,,,,,,,,,,,383.11991333961487,False
1737650674.269902,2025-01-23 17:44:34,OTHER,PAUSE,,,,,,,,,,,,,,,,,,,,,,,,,,,,,,,,,,,,,,,383.2559208869934,False
1737650674.3989098,2025-01-23 17:44:34,OTHER,PAUSE,,,,,,,,,,,,,,,,,,,,,,,,,,,,,,,,,,,,,,,383.3849287033081,False
1737650674.5159163,2025-01-23 17:44:34,OTHER,PAUSE,,,,,,,,,,,,,,,,,,,,,,,,,,,,,,,,,,,,,,,383.50193524360657,False
1737650674.6359231,2025-01-23 17:44:34,OTHER,PAUSE,,,,,,,,,,,,,,,,,,,,,,,,,,,,,,,,,,,,,,,383.62194204330444,False
1737650674.7769313,2025-01-23 17:44:34,OTHER,PAUSE,,,,,,,,,,,,,,,,,,,,,,,,,,,,,,,,,,,,,,,383.76295018196106,False
1737650674.9059386,2025-01-23 17:44:34,OTHER,PAUSE,,,,,,,,,,,,,,,,,,,,,,,,,,,,,,,,,,,,,,,383.8919575214386,False
1737650675.0219452,2025-01-23 17:44:35,OTHER,PAUSE,,,,,,,,,,,,,,,,,,,,,,,,,,,,,,,,,,,,,,,384.0079641342163,False
1737650675.1319516,2025-01-23 17:44:35,OTHER,PAUSE,,,,,,,,,,,,,,,,,,,,,,,,,,,,,,,,,,,,,,,384.11797046661377,False
1737650675.241958,2025-01-23 17:44:35,OTHER,PAUSE,,,,,,,,,,,,,,,,,,,,,,,,,,,,,,,,,,,,,,,384.22797679901123,False
1737650675.3789659,2025-01-23 17:44:35,OTHER,PAUSE,,,,,,,,,,,,,,,,,,,,,,,,,,,,,,,,,,,,,,,384.3649847507477,False
1737650675.4959724,2025-01-23 17:44:35,OTHER,PAUSE,,,,,,,,,,,,,,,,,,,,,,,,,,,,,,,,,,,,,,,384.48199129104614,False
1737650675.6399806,2025-01-23 17:44:35,OTHER,PAUSE,,,,,,,,,,,,,,,,,,,,,,,,,,,,,,,,,,,,,,,384.6259994506836,False
1737650675.7549872,2025-01-23 17:44:35,OTHER,PAUSE,,,,,,,,,,,,,,,,,,,,,,,,,,,,,,,,,,,,,,,384.74100613594055,False
1737650675.9019954,2025-01-23 17:44:35,OTHER,PAUSE,,,,,,,,,,,,,,,,,,,,,,,,,,,,,,,,,,,,,,,384.88801431655884,False
1737650676.0360034,2025-01-23 17:44:36,OTHER,PAUSE,,,,,,,,,,,,,,,,,,,,,,,,,,,,,,,,,,,,,,,385.02202224731445,False
1737650676.1790113,2025-01-23 17:44:36,OTHER,PAUSE,,,,,,,,,,,,,,,,,,,,,,,,,,,,,,,,,,,,,,,385.1650302410126,False
1737650676.3000185,2025-01-23 17:44:36,OTHER,PAUSE,,,,,,,,,,,,,,,,,,,,,,,,,,,,,,,,,,,,,,,385.28603744506836,False
1737650676.4180253,2025-01-23 17:44:36,OTHER,PAUSE,,,,,,,,,,,,,,,,,,,,,,,,,,,,,,,,,,,,,,,385.40404415130615,False
1737650676.5580332,2025-01-23 17:44:36,OTHER,PAUSE,,,,,,,,,,,,,,,,,,,,,,,,,,,,,,,,,,,,,,,385.54405212402344,False
1737650676.6850405,2025-01-23 17:44:36,OTHER,PAUSE,,,,,,,,,,,,,,,,,,,,,,,,,,,,,,,,,,,,,,,385.6710593700409,False
1737650676.813048,2025-01-23 17:44:36,OTHER,PAUSE,,,,,,,,,,,,,,,,,,,,,,,,,,,,,,,,,,,,,,,385.7990667819977,False
1737650676.9360547,2025-01-23 17:44:36,OTHER,PAUSE,,,,,,,,,,,,,,,,,,,,,,,,,,,,,,,,,,,,,,,385.9220736026764,False
1737650677.0740626,2025-01-23 17:44:37,OTHER,PAUSE,,,,,,,,,,,,,,,,,,,,,,,,,,,,,,,,,,,,,,,386.0600814819336,False
1737650677.20207,2025-01-23 17:44:37,OTHER,PAUSE,,,,,,,,,,,,,,,,,,,,,,,,,,,,,,,,,,,,,,,386.1880888938904,False
1737650677.3290772,2025-01-23 17:44:37,OTHER,PAUSE,,,,,,,,,,,,,,,,,,,,,,,,,,,,,,,,,,,,,,,386.31509613990784,False
1737650677.4370835,2025-01-23 17:44:37,OTHER,PAUSE,,,,,,,,,,,,,,,,,,,,,,,,,,,,,,,,,,,,,,,386.4231023788452,False
1737650677.5460894,2025-01-23 17:44:37,OTHER,PAUSE,,,,,,,,,,,,,,,,,,,,,,,,,,,,,,,,,,,,,,,386.53210830688477,False
1737650677.6890976,2025-01-23 17:44:37,OTHER,PAUSE,,,,,,,,,,,,,,,,,,,,,,,,,,,,,,,,,,,,,,,386.67511653900146,False
1737650677.8051045,2025-01-23 17:44:37,OTHER,PAUSE,,,,,,,,,,,,,,,,,,,,,,,,,,,,,,,,,,,,,,,386.79112339019775,False
1737650677.9411123,2025-01-23 17:44:37,OTHER,PAUSE,,,,,,,,,,,,,,,,,,,,,,,,,,,,,,,,,,,,,,,386.9271311759949,False
1737650678.0641193,2025-01-23 17:44:38,OTHER,PAUSE,,,,,,,,,,,,,,,,,,,,,,,,,,,,,,,,,,,,,,,387.05013823509216,False
1737650678.2061274,2025-01-23 17:44:38,OTHER,PAUSE,,,,,,,,,,,,,,,,,,,,,,,,,,,,,,,,,,,,,,,387.19214630126953,False
1737650678.3321347,2025-01-23 17:44:38,OTHER,PAUSE,,,,,,,,,,,,,,,,,,,,,,,,,,,,,,,,,,,,,,,387.31815361976624,False
1737650678.4551415,2025-01-23 17:44:38,OTHER,PAUSE,,,,,,,,,,,,,,,,,,,,,,,,,,,,,,,,,,,,,,,387.44116044044495,False
1737650678.5741484,2025-01-23 17:44:38,OTHER,PAUSE,,,,,,,,,,,,,,,,,,,,,,,,,,,,,,,,,,,,,,,387.56016731262207,False
1737650678.7001557,2025-01-23 17:44:38,OTHER,PAUSE,,,,,,,,,,,,,,,,,,,,,,,,,,,,,,,,,,,,,,,387.6861746311188,False
1737650678.827163,2025-01-23 17:44:38,OTHER,PAUSE,,,,,,,,,,,,,,,,,,,,,,,,,,,,,,,,,,,,,,,387.81318187713623,False
1737650678.9651706,2025-01-23 17:44:38,OTHER,PAUSE,,,,,,,,,,,,,,,,,,,,,,,,,,,,,,,,,,,,,,,387.95118951797485,False
1737650679.0861778,2025-01-23 17:44:39,OTHER,PAUSE,,,,,,,,,,,,,,,,,,,,,,,,,,,,,,,,,,,,,,,388.07219672203064,False
1737650679.2071846,2025-01-23 17:44:39,OTHER,PAUSE,,,,,,,,,,,,,,,,,,,,,,,,,,,,,,,,,,,,,,,388.19320344924927,False
1737650679.353193,2025-01-23 17:44:39,OTHER,PAUSE,,,,,,,,,,,,,,,,,,,,,,,,,,,,,,,,,,,,,,,388.3392119407654,False
1737650679.4772,2025-01-23 17:44:39,OTHER,PAUSE,,,,,,,,,,,,,,,,,,,,,,,,,,,,,,,,,,,,,,,388.4632189273834,False
1737650679.6022072,2025-01-23 17:44:39,OTHER,PAUSE,,,,,,,,,,,,,,,,,,,,,,,,,,,,,,,,,,,,,,,388.5882260799408,False
1737650679.7162137,2025-01-23 17:44:39,OTHER,PAUSE,,,,,,,,,,,,,,,,,,,,,,,,,,,,,,,,,,,,,,,388.7022325992584,False
1737650679.8352206,2025-01-23 17:44:39,OTHER,PAUSE,,,,,,,,,,,,,,,,,,,,,,,,,,,,,,,,,,,,,,,388.82123947143555,False
1737650679.9702282,2025-01-23 17:44:39,OTHER,PAUSE,,,,,,,,,,,,,,,,,,,,,,,,,,,,,,,,,,,,,,,388.95624709129333,False
1737650680.0912354,2025-01-23 17:44:40,OTHER,PAUSE,,,,,,,,,,,,,,,,,,,,,,,,,,,,,,,,,,,,,,,389.0772542953491,False
1737650680.2172425,2025-01-23 17:44:40,OTHER,PAUSE,,,,,,,,,,,,,,,,,,,,,,,,,,,,,,,,,,,,,,,389.20326137542725,False
1737650680.3282487,2025-01-23 17:44:40,OTHER,PAUSE,,,,,,,,,,,,,,,,,,,,,,,,,,,,,,,,,,,,,,,389.31426763534546,False
1737650680.4652567,2025-01-23 17:44:40,OTHER,PAUSE,,,,,,,,,,,,,,,,,,,,,,,,,,,,,,,,,,,,,,,389.4512755870819,False
1737650680.5802631,2025-01-23 17:44:40,OTHER,PAUSE,,,,,,,,,,,,,,,,,,,,,,,,,,,,,,,,,,,,,,,389.5662820339203,False
1737650680.713271,2025-01-23 17:44:40,OTHER,PAUSE,,,,,,,,,,,,,,,,,,,,,,,,,,,,,,,,,,,,,,,389.6992897987366,False
1737650680.8382778,2025-01-23 17:44:40,OTHER,PAUSE,,,,,,,,,,,,,,,,,,,,,,,,,,,,,,,,,,,,,,,389.82429671287537,False
1737650680.962285,2025-01-23 17:44:40,OTHER,PAUSE,,,,,,,,,,,,,,,,,,,,,,,,,,,,,,,,,,,,,,,389.948303937912,False
1737650681.1062932,2025-01-23 17:44:41,OTHER,PAUSE,,,,,,,,,,,,,,,,,,,,,,,,,,,,,,,,,,,,,,,390.09231209754944,False
1737650681.2273002,2025-01-23 17:44:41,OTHER,PAUSE,,,,,,,,,,,,,,,,,,,,,,,,,,,,,,,,,,,,,,,390.21331906318665,False
1737650681.3643079,2025-01-23 17:44:41,OTHER,PAUSE,,,,,,,,,,,,,,,,,,,,,,,,,,,,,,,,,,,,,,,390.3503267765045,False
1737650681.4903152,2025-01-23 17:44:41,OTHER,PAUSE,,,,,,,,,,,,,,,,,,,,,,,,,,,,,,,,,,,,,,,390.4763340950012,False
1737650681.6273232,2025-01-23 17:44:41,OTHER,PAUSE,,,,,,,,,,,,,,,,,,,,,,,,,,,,,,,,,,,,,,,390.61334204673767,False
1737650681.7523303,2025-01-23 17:44:41,OTHER,PAUSE,,,,,,,,,,,,,,,,,,,,,,,,,,,,,,,,,,,,,,,390.73834919929504,False
1737650681.8753371,2025-01-23 17:44:41,OTHER,PAUSE,,,,,,,,,,,,,,,,,,,,,,,,,,,,,,,,,,,,,,,390.86135601997375,False
1737650682.0013444,2025-01-23 17:44:42,OTHER,PAUSE,,,,,,,,,,,,,,,,,,,,,,,,,,,,,,,,,,,,,,,390.98736333847046,False
1737650682.1383524,2025-01-23 17:44:42,OTHER,PAUSE,,,,,,,,,,,,,,,,,,,,,,,,,,,,,,,,,,,,,,,391.1243712902069,False
1737650682.2533588,2025-01-23 17:44:42,OTHER,PAUSE,,,,,,,,,,,,,,,,,,,,,,,,,,,,,,,,,,,,,,,391.2393777370453,False
1737650682.3633652,2025-01-23 17:44:42,OTHER,PAUSE,,,,,,,,,,,,,,,,,,,,,,,,,,,,,,,,,,,,,,,391.34938406944275,False
1737650682.4743717,2025-01-23 17:44:42,OTHER,PAUSE,,,,,,,,,,,,,,,,,,,,,,,,,,,,,,,,,,,,,,,391.46039056777954,False
1737650682.590378,2025-01-23 17:44:42,OTHER,PAUSE,,,,,,,,,,,,,,,,,,,,,,,,,,,,,,,,,,,,,,,391.5763969421387,False
1737650682.7363865,2025-01-23 17:44:42,OTHER,PAUSE,,,,,,,,,,,,,,,,,,,,,,,,,,,,,,,,,,,,,,,391.7224054336548,False
1737650682.8633938,2025-01-23 17:44:42,OTHER,PAUSE,,,,,,,,,,,,,,,,,,,,,,,,,,,,,,,,,,,,,,,391.84941267967224,False
1737650682.988401,2025-01-23 17:44:42,OTHER,PAUSE,,,,,,,,,,,,,,,,,,,,,,,,,,,,,,,,,,,,,,,391.9744198322296,False
1737650683.1054075,2025-01-23 17:44:43,OTHER,PAUSE,,,,,,,,,,,,,,,,,,,,,,,,,,,,,,,,,,,,,,,392.0914263725281,False
1737650683.2244143,2025-01-23 17:44:43,OTHER,PAUSE,,,,,,,,,,,,,,,,,,,,,,,,,,,,,,,,,,,,,,,392.2104332447052,False
1737650683.3404212,2025-01-23 17:44:43,OTHER,PAUSE,,,,,,,,,,,,,,,,,,,,,,,,,,,,,,,,,,,,,,,392.3264400959015,False
1737650683.4714286,2025-01-23 17:44:43,OTHER,PAUSE,,,,,,,,,,,,,,,,,,,,,,,,,,,,,,,,,,,,,,,392.4574475288391,False
1737650683.6124365,2025-01-23 17:44:43,OTHER,PAUSE,,,,,,,,,,,,,,,,,,,,,,,,,,,,,,,,,,,,,,,392.59845542907715,False
1737650683.724443,2025-01-23 17:44:43,OTHER,PAUSE,,,,,,,,,,,,,,,,,,,,,,,,,,,,,,,,,,,,,,,392.7104618549347,False
1737650683.8684514,2025-01-23 17:44:43,OTHER,PAUSE,,,,,,,,,,,,,,,,,,,,,,,,,,,,,,,,,,,,,,,392.8544702529907,False
1737650683.9944587,2025-01-23 17:44:43,OTHER,PAUSE,,,,,,,,,,,,,,,,,,,,,,,,,,,,,,,,,,,,,,,392.9804775714874,False
1737650684.1234658,2025-01-23 17:44:44,OTHER,PAUSE,,,,,,,,,,,,,,,,,,,,,,,,,,,,,,,,,,,,,,,393.1094846725464,False
1737650684.2404726,2025-01-23 17:44:44,OTHER,PAUSE,,,,,,,,,,,,,,,,,,,,,,,,,,,,,,,,,,,,,,,393.2264914512634,False
1737650684.3794806,2025-01-23 17:44:44,OTHER,PAUSE,,,,,,,,,,,,,,,,,,,,,,,,,,,,,,,,,,,,,,,393.36549949645996,False
1737650684.5054877,2025-01-23 17:44:44,OTHER,PAUSE,,,,,,,,,,,,,,,,,,,,,,,,,,,,,,,,,,,,,,,393.4915065765381,False
1737650684.6224945,2025-01-23 17:44:44,OTHER,PAUSE,,,,,,,,,,,,,,,,,,,,,,,,,,,,,,,,,,,,,,,393.6085133552551,False
1737650684.7595022,2025-01-23 17:44:44,OTHER,PAUSE,,,,,,,,,,,,,,,,,,,,,,,,,,,,,,,,,,,,,,,393.745521068573,False
1737650684.877509,2025-01-23 17:44:44,OTHER,PAUSE,,,,,,,,,,,,,,,,,,,,,,,,,,,,,,,,,,,,,,,393.86352801322937,False
1737650685.0275176,2025-01-23 17:44:45,OTHER,PAUSE,,,,,,,,,,,,,,,,,,,,,,,,,,,,,,,,,,,,,,,394.01353645324707,False
1737650685.1615252,2025-01-23 17:44:45,OTHER,PAUSE,,,,,,,,,,,,,,,,,,,,,,,,,,,,,,,,,,,,,,,394.1475441455841,False
1737650685.2905326,2025-01-23 17:44:45,OTHER,PAUSE,,,,,,,,,,,,,,,,,,,,,,,,,,,,,,,,,,,,,,,394.27655148506165,False
1737650685.4085393,2025-01-23 17:44:45,OTHER,PAUSE,,,,,,,,,,,,,,,,,,,,,,,,,,,,,,,,,,,,,,,394.39455819129944,False
1737650685.558548,2025-01-23 17:44:45,OTHER,PAUSE,,,,,,,,,,,,,,,,,,,,,,,,,,,,,,,,,,,,,,,394.5445668697357,False
1737650685.6865551,2025-01-23 17:44:45,OTHER,PAUSE,,,,,,,,,,,,,,,,,,,,,,,,,,,,,,,,,,,,,,,394.6725740432739,False
1737650685.8085623,2025-01-23 17:44:45,OTHER,PAUSE,,,,,,,,,,,,,,,,,,,,,,,,,,,,,,,,,,,,,,,394.79458117485046,False
1737650685.9555707,2025-01-23 17:44:45,OTHER,PAUSE,,,,,,,,,,,,,,,,,,,,,,,,,,,,,,,,,,,,,,,394.94158959388733,False
1737650686.0975788,2025-01-23 17:44:46,OTHER,PAUSE,,,,,,,,,,,,,,,,,,,,,,,,,,,,,,,,,,,,,,,395.0835976600647,False
1737650686.2255862,2025-01-23 17:44:46,OTHER,PAUSE,,,,,,,,,,,,,,,,,,,,,,,,,,,,,,,,,,,,,,,395.2116050720215,False
1737650686.3415926,2025-01-23 17:44:46,OTHER,PAUSE,,,,,,,,,,,,,,,,,,,,,,,,,,,,,,,,,,,,,,,395.3276114463806,False
1737650686.4575992,2025-01-23 17:44:46,OTHER,PAUSE,,,,,,,,,,,,,,,,,,,,,,,,,,,,,,,,,,,,,,,395.4436180591583,False
1737650686.5746062,2025-01-23 17:44:46,OTHER,PAUSE,,,,,,,,,,,,,,,,,,,,,,,,,,,,,,,,,,,,,,,395.56062507629395,False
1737650686.7236147,2025-01-23 17:44:46,OTHER,PAUSE,,,,,,,,,,,,,,,,,,,,,,,,,,,,,,,,,,,,,,,395.7096335887909,False
1737650686.8496218,2025-01-23 17:44:46,OTHER,PAUSE,,,,,,,,,,,,,,,,,,,,,,,,,,,,,,,,,,,,,,,395.835640668869,False
1737650686.9896297,2025-01-23 17:44:46,OTHER,PAUSE,,,,,,,,,,,,,,,,,,,,,,,,,,,,,,,,,,,,,,,395.9756486415863,False
1737650687.1006362,2025-01-23 17:44:47,OTHER,PAUSE,,,,,,,,,,,,,,,,,,,,,,,,,,,,,,,,,,,,,,,396.0866551399231,False
1737650687.2506447,2025-01-23 17:44:47,OTHER,PAUSE,,,,,,,,,,,,,,,,,,,,,,,,,,,,,,,,,,,,,,,396.2366635799408,False
1737650687.4036534,2025-01-23 17:44:47,OTHER,PAUSE,,,,,,,,,,,,,,,,,,,,,,,,,,,,,,,,,,,,,,,396.3896722793579,False
1737650687.5716631,2025-01-23 17:44:47,OTHER,PAUSE,,,,,,,,,,,,,,,,,,,,,,,,,,,,,,,,,,,,,,,396.5576820373535,False
1737650687.7516735,2025-01-23 17:44:47,OTHER,PAUSE,,,,,,,,,,,,,,,,,,,,,,,,,,,,,,,,,,,,,,,396.7376923561096,False
1737650687.9116826,2025-01-23 17:44:47,OTHER,PAUSE,,,,,,,,,,,,,,,,,,,,,,,,,,,,,,,,,,,,,,,396.8977015018463,False
1737650688.0736918,2025-01-23 17:44:48,OTHER,PAUSE,,,,,,,,,,,,,,,,,,,,,,,,,,,,,,,,,,,,,,,397.0597107410431,False
1737650688.1836982,2025-01-23 17:44:48,OTHER,PAUSE,,,,,,,,,,,,,,,,,,,,,,,,,,,,,,,,,,,,,,,397.16971707344055,False
1737650688.2987046,2025-01-23 17:44:48,OTHER,PAUSE,,,,,,,,,,,,,,,,,,,,,,,,,,,,,,,,,,,,,,,397.28472352027893,False
1737650688.432712,2025-01-23 17:44:48,OTHER,PAUSE,,,,,,,,,,,,,,,,,,,,,,,,,,,,,,,,,,,,,,,397.4187309741974,False
1737650688.5597196,2025-01-23 17:44:48,OTHER,PAUSE,,,,,,,,,,,,,,,,,,,,,,,,,,,,,,,,,,,,,,,397.5457384586334,False
1737650688.6827266,2025-01-23 17:44:48,OTHER,PAUSE,,,,,,,,,,,,,,,,,,,,,,,,,,,,,,,,,,,,,,,397.6687455177307,False
1737650688.811734,2025-01-23 17:44:48,OTHER,PAUSE,,,,,,,,,,,,,,,,,,,,,,,,,,,,,,,,,,,,,,,397.79775285720825,False
1737650688.9747434,2025-01-23 17:44:48,OTHER,PAUSE,,,,,,,,,,,,,,,,,,,,,,,,,,,,,,,,,,,,,,,397.96076226234436,False
1737650689.0997505,2025-01-23 17:44:49,OTHER,PAUSE,,,,,,,,,,,,,,,,,,,,,,,,,,,,,,,,,,,,,,,398.08576941490173,False
1737650689.2187574,2025-01-23 17:44:49,OTHER,PAUSE,,,,,,,,,,,,,,,,,,,,,,,,,,,,,,,,,,,,,,,398.20477628707886,False
1737650689.337764,2025-01-23 17:44:49,OTHER,PAUSE,,,,,,,,,,,,,,,,,,,,,,,,,,,,,,,,,,,,,,,398.3237829208374,False
1737650689.456771,2025-01-23 17:44:49,OTHER,PAUSE,,,,,,,,,,,,,,,,,,,,,,,,,,,,,,,,,,,,,,,398.4427897930145,False
1737650689.5827782,2025-01-23 17:44:49,OTHER,PAUSE,,,,,,,,,,,,,,,,,,,,,,,,,,,,,,,,,,,,,,,398.56879711151123,False
1737650689.7157857,2025-01-23 17:44:49,OTHER,PAUSE,,,,,,,,,,,,,,,,,,,,,,,,,,,,,,,,,,,,,,,398.70180463790894,False
1737650689.826792,2025-01-23 17:44:49,OTHER,PAUSE,,,,,,,,,,,,,,,,,,,,,,,,,,,,,,,,,,,,,,,398.81281089782715,False
1737650689.9417987,2025-01-23 17:44:49,OTHER,PAUSE,,,,,,,,,,,,,,,,,,,,,,,,,,,,,,,,,,,,,,,398.9278175830841,False
1737650690.089807,2025-01-23 17:44:50,OTHER,PAUSE,,,,,,,,,,,,,,,,,,,,,,,,,,,,,,,,,,,,,,,399.0758259296417,False
1737650690.2148142,2025-01-23 17:44:50,OTHER,PAUSE,,,,,,,,,,,,,,,,,,,,,,,,,,,,,,,,,,,,,,,399.2008330821991,False
1737650690.3348212,2025-01-23 17:44:50,OTHER,PAUSE,,,,,,,,,,,,,,,,,,,,,,,,,,,,,,,,,,,,,,,399.32084012031555,False
1737650690.4518278,2025-01-23 17:44:50,OTHER,PAUSE,,,,,,,,,,,,,,,,,,,,,,,,,,,,,,,,,,,,,,,399.437846660614,False
1737650690.595836,2025-01-23 17:44:50,OTHER,PAUSE,,,,,,,,,,,,,,,,,,,,,,,,,,,,,,,,,,,,,,,399.58185482025146,False
1737650690.7358441,2025-01-23 17:44:50,OTHER,PAUSE,,,,,,,,,,,,,,,,,,,,,,,,,,,,,,,,,,,,,,,399.72186303138733,False
1737650690.8538508,2025-01-23 17:44:50,OTHER,PAUSE,,,,,,,,,,,,,,,,,,,,,,,,,,,,,,,,,,,,,,,399.8398697376251,False
1737650690.9638572,2025-01-23 17:44:50,OTHER,PAUSE,,,,,,,,,,,,,,,,,,,,,,,,,,,,,,,,,,,,,,,399.9498760700226,False
1737650691.1058652,2025-01-23 17:44:51,OTHER,PAUSE,,,,,,,,,,,,,,,,,,,,,,,,,,,,,,,,,,,,,,,400.09188413619995,False
1737650691.2248719,2025-01-23 17:44:51,OTHER,PAUSE,,,,,,,,,,,,,,,,,,,,,,,,,,,,,,,,,,,,,,,400.2108907699585,False
1737650691.3528793,2025-01-23 17:44:51,OTHER,PAUSE,,,,,,,,,,,,,,,,,,,,,,,,,,,,,,,,,,,,,,,400.3388981819153,False
1737650691.4758863,2025-01-23 17:44:51,OTHER,PAUSE,,,,,,,,,,,,,,,,,,,,,,,,,,,,,,,,,,,,,,,400.4619052410126,False
1737650691.607894,2025-01-23 17:44:51,OTHER,PAUSE,,,,,,,,,,,,,,,,,,,,,,,,,,,,,,,,,,,,,,,400.5939128398895,False
1737650691.7379012,2025-01-23 17:44:51,OTHER,PAUSE,,,,,,,,,,,,,,,,,,,,,,,,,,,,,,,,,,,,,,,400.7239201068878,False
1737650691.8579082,2025-01-23 17:44:51,OTHER,PAUSE,,,,,,,,,,,,,,,,,,,,,,,,,,,,,,,,,,,,,,,400.8439271450043,False
1737650691.9829154,2025-01-23 17:44:51,OTHER,PAUSE,,,,,,,,,,,,,,,,,,,,,,,,,,,,,,,,,,,,,,,400.96893429756165,False
1737650692.1079223,2025-01-23 17:44:52,OTHER,PAUSE,,,,,,,,,,,,,,,,,,,,,,,,,,,,,,,,,,,,,,,401.09394121170044,False
1737650692.254931,2025-01-23 17:44:52,OTHER,PAUSE,,,,,,,,,,,,,,,,,,,,,,,,,,,,,,,,,,,,,,,401.2409498691559,False
1737650692.377938,2025-01-23 17:44:52,OTHER,PAUSE,,,,,,,,,,,,,,,,,,,,,,,,,,,,,,,,,,,,,,,401.3639569282532,False
1737650692.499945,2025-01-23 17:44:52,OTHER,PAUSE,,,,,,,,,,,,,,,,,,,,,,,,,,,,,,,,,,,,,,,401.48596382141113,False
1737650692.620952,2025-01-23 17:44:52,OTHER,PAUSE,,,,,,,,,,,,,,,,,,,,,,,,,,,,,,,,,,,,,,,401.60697078704834,False
1737650692.7469592,2025-01-23 17:44:52,OTHER,PAUSE,,,,,,,,,,,,,,,,,,,,,,,,,,,,,,,,,,,,,,,401.73297810554504,False
1737650692.8779666,2025-01-23 17:44:52,OTHER,PAUSE,,,,,,,,,,,,,,,,,,,,,,,,,,,,,,,,,,,,,,,401.86398553848267,False
1737650692.9989734,2025-01-23 17:44:52,OTHER,PAUSE,,,,,,,,,,,,,,,,,,,,,,,,,,,,,,,,,,,,,,,401.9849922657013,False
1737650693.1109798,2025-01-23 17:44:53,OTHER,PAUSE,,,,,,,,,,,,,,,,,,,,,,,,,,,,,,,,,,,,,,,402.09699869155884,False
1737650693.2239864,2025-01-23 17:44:53,OTHER,PAUSE,,,,,,,,,,,,,,,,,,,,,,,,,,,,,,,,,,,,,,,402.2100052833557,False
1737650693.3659945,2025-01-23 17:44:53,OTHER,PAUSE,,,,,,,,,,,,,,,,,,,,,,,,,,,,,,,,,,,,,,,402.3520133495331,False
1737650693.4840014,2025-01-23 17:44:53,OTHER,PAUSE,,,,,,,,,,,,,,,,,,,,,,,,,,,,,,,,,,,,,,,402.47002029418945,False
1737650693.6040082,2025-01-23 17:44:53,OTHER,PAUSE,,,,,,,,,,,,,,,,,,,,,,,,,,,,,,,,,,,,,,,402.59002709388733,False
1737650693.7270153,2025-01-23 17:44:53,OTHER,PAUSE,,,,,,,,,,,,,,,,,,,,,,,,,,,,,,,,,,,,,,,402.7130341529846,False
1737650693.864023,2025-01-23 17:44:53,OTHER,PAUSE,,,,,,,,,,,,,,,,,,,,,,,,,,,,,,,,,,,,,,,402.8500418663025,False
1737650694.007031,2025-01-23 17:44:54,OTHER,PAUSE,,,,,,,,,,,,,,,,,,,,,,,,,,,,,,,,,,,,,,,402.9930498600006,False
1737650694.1380386,2025-01-23 17:44:54,OTHER,PAUSE,,,,,,,,,,,,,,,,,,,,,,,,,,,,,,,,,,,,,,,403.1240575313568,False
1737650694.2710462,2025-01-23 17:44:54,OTHER,PAUSE,,,,,,,,,,,,,,,,,,,,,,,,,,,,,,,,,,,,,,,403.2570650577545,False
1737650694.4010537,2025-01-23 17:44:54,OTHER,PAUSE,,,,,,,,,,,,,,,,,,,,,,,,,,,,,,,,,,,,,,,403.3870725631714,False
1737650694.5260608,2025-01-23 17:44:54,OTHER,PAUSE,,,,,,,,,,,,,,,,,,,,,,,,,,,,,,,,,,,,,,,403.51207971572876,False
1737650694.6440675,2025-01-23 17:44:54,OTHER,PAUSE,,,,,,,,,,,,,,,,,,,,,,,,,,,,,,,,,,,,,,,403.63008642196655,False
1737650694.7710748,2025-01-23 17:44:54,OTHER,PAUSE,,,,,,,,,,,,,,,,,,,,,,,,,,,,,,,,,,,,,,,403.757093667984,False
1737650694.8870814,2025-01-23 17:44:54,OTHER,PAUSE,,,,,,,,,,,,,,,,,,,,,,,,,,,,,,,,,,,,,,,403.8731002807617,False
1737650695.0280895,2025-01-23 17:44:55,OTHER,PAUSE,,,,,,,,,,,,,,,,,,,,,,,,,,,,,,,,,,,,,,,404.01410841941833,False
1737650695.1490965,2025-01-23 17:44:55,OTHER,PAUSE,,,,,,,,,,,,,,,,,,,,,,,,,,,,,,,,,,,,,,,404.13511538505554,False
1737650695.2951047,2025-01-23 17:44:55,OTHER,PAUSE,,,,,,,,,,,,,,,,,,,,,,,,,,,,,,,,,,,,,,,404.2811236381531,False
1737650695.4121115,2025-01-23 17:44:55,OTHER,PAUSE,,,,,,,,,,,,,,,,,,,,,,,,,,,,,,,,,,,,,,,404.3981304168701,False
1737650695.5401187,2025-01-23 17:44:55,OTHER,PAUSE,,,,,,,,,,,,,,,,,,,,,,,,,,,,,,,,,,,,,,,404.5261375904083,False
1737650695.6601257,2025-01-23 17:44:55,OTHER,PAUSE,,,,,,,,,,,,,,,,,,,,,,,,,,,,,,,,,,,,,,,404.6461446285248,False
1737650695.7831326,2025-01-23 17:44:55,OTHER,PAUSE,,,,,,,,,,,,,,,,,,,,,,,,,,,,,,,,,,,,,,,404.7691514492035,False
1737650695.9061399,2025-01-23 17:44:55,OTHER,PAUSE,,,,,,,,,,,,,,,,,,,,,,,,,,,,,,,,,,,,,,,404.89215874671936,False
1737650696.0221462,2025-01-23 17:44:56,OTHER,PAUSE,,,,,,,,,,,,,,,,,,,,,,,,,,,,,,,,,,,,,,,405.0081651210785,False
1737650696.1671548,2025-01-23 17:44:56,OTHER,PAUSE,,,,,,,,,,,,,,,,,,,,,,,,,,,,,,,,,,,,,,,405.15317368507385,False
1737650696.3041625,2025-01-23 17:44:56,OTHER,PAUSE,,,,,,,,,,,,,,,,,,,,,,,,,,,,,,,,,,,,,,,405.2901813983917,False
1737650696.43417,2025-01-23 17:44:56,OTHER,PAUSE,,,,,,,,,,,,,,,,,,,,,,,,,,,,,,,,,,,,,,,405.4201889038086,False
1737650696.5511768,2025-01-23 17:44:56,OTHER,PAUSE,,,,,,,,,,,,,,,,,,,,,,,,,,,,,,,,,,,,,,,405.53719568252563,False
1737650696.6981852,2025-01-23 17:44:56,OTHER,PAUSE,,,,,,,,,,,,,,,,,,,,,,,,,,,,,,,,,,,,,,,405.6842041015625,False
1737650696.8171918,2025-01-23 17:44:56,OTHER,PAUSE,,,,,,,,,,,,,,,,,,,,,,,,,,,,,,,,,,,,,,,405.80321073532104,False
1737650696.9461992,2025-01-23 17:44:56,OTHER,PAUSE,,,,,,,,,,,,,,,,,,,,,,,,,,,,,,,,,,,,,,,405.9322180747986,False
1737650697.060206,2025-01-23 17:44:57,OTHER,PAUSE,,,,,,,,,,,,,,,,,,,,,,,,,,,,,,,,,,,,,,,406.0462248325348,False
1737650697.1982136,2025-01-23 17:44:57,OTHER,PAUSE,,,,,,,,,,,,,,,,,,,,,,,,,,,,,,,,,,,,,,,406.1842324733734,False
1737650697.329221,2025-01-23 17:44:57,OTHER,PAUSE,,,,,,,,,,,,,,,,,,,,,,,,,,,,,,,,,,,,,,,406.31523990631104,False
1737650697.4542282,2025-01-23 17:44:57,OTHER,PAUSE,,,,,,,,,,,,,,,,,,,,,,,,,,,,,,,,,,,,,,,406.4402470588684,False
1737650697.5742352,2025-01-23 17:44:57,OTHER,PAUSE,,,,,,,,,,,,,,,,,,,,,,,,,,,,,,,,,,,,,,,406.56025409698486,False
1737650697.6872418,2025-01-23 17:44:57,OTHER,PAUSE,,,,,,,,,,,,,,,,,,,,,,,,,,,,,,,,,,,,,,,406.67326068878174,False
1737650697.8372502,2025-01-23 17:44:57,OTHER,PAUSE,,,,,,,,,,,,,,,,,,,,,,,,,,,,,,,,,,,,,,,406.82326912879944,False
1737650697.9672575,2025-01-23 17:44:57,OTHER,PAUSE,,,,,,,,,,,,,,,,,,,,,,,,,,,,,,,,,,,,,,,406.95327639579773,False
1737650698.0912647,2025-01-23 17:44:58,OTHER,PAUSE,,,,,,,,,,,,,,,,,,,,,,,,,,,,,,,,,,,,,,,407.07728362083435,False
1737650698.2052712,2025-01-23 17:44:58,OTHER,PAUSE,,,,,,,,,,,,,,,,,,,,,,,,,,,,,,,,,,,,,,,407.191290140152,False
1737650698.3502796,2025-01-23 17:44:58,OTHER,PAUSE,,,,,,,,,,,,,,,,,,,,,,,,,,,,,,,,,,,,,,,407.33629846572876,False
1737650698.4762866,2025-01-23 17:44:58,OTHER,PAUSE,,,,,,,,,,,,,,,,,,,,,,,,,,,,,,,,,,,,,,,407.4623055458069,False
1737650698.6082945,2025-01-23 17:44:58,OTHER,PAUSE,,,,,,,,,,,,,,,,,,,,,,,,,,,,,,,,,,,,,,,407.5943133831024,False
1737650698.7293012,2025-01-23 17:44:58,OTHER,PAUSE,,,,,,,,,,,,,,,,,,,,,,,,,,,,,,,,,,,,,,,407.71532011032104,False
1737650698.8753095,2025-01-23 17:44:58,OTHER,PAUSE,,,,,,,,,,,,,,,,,,,,,,,,,,,,,,,,,,,,,,,407.8613283634186,False
1737650698.9963164,2025-01-23 17:44:58,OTHER,PAUSE,,,,,,,,,,,,,,,,,,,,,,,,,,,,,,,,,,,,,,,407.9823353290558,False
1737650699.1193237,2025-01-23 17:44:59,OTHER,PAUSE,,,,,,,,,,,,,,,,,,,,,,,,,,,,,,,,,,,,,,,408.10534262657166,False
1737650699.2383304,2025-01-23 17:44:59,OTHER,PAUSE,,,,,,,,,,,,,,,,,,,,,,,,,,,,,,,,,,,,,,,408.2243492603302,False
1737650699.371338,2025-01-23 17:44:59,OTHER,PAUSE,,,,,,,,,,,,,,,,,,,,,,,,,,,,,,,,,,,,,,,408.3573567867279,False
1737650699.514346,2025-01-23 17:44:59,OTHER,PAUSE,,,,,,,,,,,,,,,,,,,,,,,,,,,,,,,,,,,,,,,408.500364780426,False
1737650699.6373532,2025-01-23 17:44:59,OTHER,PAUSE,,,,,,,,,,,,,,,,,,,,,,,,,,,,,,,,,,,,,,,408.6233720779419,False
1737650699.7803614,2025-01-23 17:44:59,OTHER,PAUSE,,,,,,,,,,,,,,,,,,,,,,,,,,,,,,,,,,,,,,,408.7663803100586,False
1737650699.8933678,2025-01-23 17:44:59,OTHER,PAUSE,,,,,,,,,,,,,,,,,,,,,,,,,,,,,,,,,,,,,,,408.8793866634369,False
1737650700.0473766,2025-01-23 17:45:00,OTHER,PAUSE,,,,,,,,,,,,,,,,,,,,,,,,,,,,,,,,,,,,,,,409.03339552879333,False
1737650700.175384,2025-01-23 17:45:00,OTHER,PAUSE,,,,,,,,,,,,,,,,,,,,,,,,,,,,,,,,,,,,,,,409.1614029407501,False
1737650700.3113918,2025-01-23 17:45:00,OTHER,PAUSE,,,,,,,,,,,,,,,,,,,,,,,,,,,,,,,,,,,,,,,409.29741072654724,False
1737650700.4293985,2025-01-23 17:45:00,OTHER,PAUSE,,,,,,,,,,,,,,,,,,,,,,,,,,,,,,,,,,,,,,,409.41541743278503,False
1737650700.5704064,2025-01-23 17:45:00,OTHER,PAUSE,,,,,,,,,,,,,,,,,,,,,,,,,,,,,,,,,,,,,,,409.55642533302307,False
1737650700.7034142,2025-01-23 17:45:00,OTHER,PAUSE,,,,,,,,,,,,,,,,,,,,,,,,,,,,,,,,,,,,,,,409.68943309783936,False
1737650700.8454223,2025-01-23 17:45:00,OTHER,PAUSE,,,,,,,,,,,,,,,,,,,,,,,,,,,,,,,,,,,,,,,409.8314411640167,False
1737650700.9714293,2025-01-23 17:45:00,OTHER,PAUSE,,,,,,,,,,,,,,,,,,,,,,,,,,,,,,,,,,,,,,,409.95744824409485,False
1737650701.1224382,2025-01-23 17:45:01,OTHER,PAUSE,,,,,,,,,,,,,,,,,,,,,,,,,,,,,,,,,,,,,,,410.10845708847046,False
1737650701.2484453,2025-01-23 17:45:01,OTHER,PAUSE,,,,,,,,,,,,,,,,,,,,,,,,,,,,,,,,,,,,,,,410.2344641685486,False
1737650701.3774529,2025-01-23 17:45:01,OTHER,PAUSE,,,,,,,,,,,,,,,,,,,,,,,,,,,,,,,,,,,,,,,410.3634717464447,False
1737650701.50746,2025-01-23 17:45:01,OTHER,PAUSE,,,,,,,,,,,,,,,,,,,,,,,,,,,,,,,,,,,,,,,410.493479013443,False
1737650701.6504683,2025-01-23 17:45:01,OTHER,PAUSE,,,,,,,,,,,,,,,,,,,,,,,,,,,,,,,,,,,,,,,410.6364872455597,False
1737650701.7754755,2025-01-23 17:45:01,OTHER,PAUSE,,,,,,,,,,,,,,,,,,,,,,,,,,,,,,,,,,,,,,,410.76149439811707,False
1737650701.8964822,2025-01-23 17:45:01,OTHER,PAUSE,,,,,,,,,,,,,,,,,,,,,,,,,,,,,,,,,,,,,,,410.8825011253357,False
1737650702.0094888,2025-01-23 17:45:02,OTHER,PAUSE,,,,,,,,,,,,,,,,,,,,,,,,,,,,,,,,,,,,,,,410.99550771713257,False
1737650702.1224952,2025-01-23 17:45:02,OTHER,PAUSE,,,,,,,,,,,,,,,,,,,,,,,,,,,,,,,,,,,,,,,411.10851407051086,False
1737650702.2665036,2025-01-23 17:45:02,OTHER,PAUSE,,,,,,,,,,,,,,,,,,,,,,,,,,,,,,,,,,,,,,,411.2525224685669,False
1737650702.4045115,2025-01-23 17:45:02,OTHER,PAUSE,,,,,,,,,,,,,,,,,,,,,,,,,,,,,,,,,,,,,,,411.3905303478241,False
1737650702.5345187,2025-01-23 17:45:02,OTHER,PAUSE,,,,,,,,,,,,,,,,,,,,,,,,,,,,,,,,,,,,,,,411.5205376148224,False
1737650702.6455252,2025-01-23 17:45:02,OTHER,PAUSE,,,,,,,,,,,,,,,,,,,,,,,,,,,,,,,,,,,,,,,411.6315441131592,False
1737650702.7775328,2025-01-23 17:45:02,OTHER,PAUSE,,,,,,,,,,,,,,,,,,,,,,,,,,,,,,,,,,,,,,,411.76355171203613,False
1737650702.8995397,2025-01-23 17:45:02,OTHER,PAUSE,,,,,,,,,,,,,,,,,,,,,,,,,,,,,,,,,,,,,,,411.8855586051941,False
1737650703.0335474,2025-01-23 17:45:03,OTHER,PAUSE,,,,,,,,,,,,,,,,,,,,,,,,,,,,,,,,,,,,,,,412.0195662975311,False
1737650703.1705554,2025-01-23 17:45:03,OTHER,PAUSE,,,,,,,,,,,,,,,,,,,,,,,,,,,,,,,,,,,,,,,412.1565742492676,False
1737650703.3435652,2025-01-23 17:45:03,OTHER,PAUSE,,,,,,,,,,,,,,,,,,,,,,,,,,,,,,,,,,,,,,,412.3295841217041,False
1737650703.5195754,2025-01-23 17:45:03,OTHER,PAUSE,,,,,,,,,,,,,,,,,,,,,,,,,,,,,,,,,,,,,,,412.50559425354004,False
1737650703.6625834,2025-01-23 17:45:03,OTHER,PAUSE,,,,,,,,,,,,,,,,,,,,,,,,,,,,,,,,,,,,,,,412.64860224723816,False
1737650703.8265927,2025-01-23 17:45:03,OTHER,PAUSE,,,,,,,,,,,,,,,,,,,,,,,,,,,,,,,,,,,,,,,412.812611579895,False
1737650703.9996028,2025-01-23 17:45:03,OTHER,PAUSE,,,,,,,,,,,,,,,,,,,,,,,,,,,,,,,,,,,,,,,412.9856216907501,False
1737650704.140611,2025-01-23 17:45:04,OTHER,PAUSE,,,,,,,,,,,,,,,,,,,,,,,,,,,,,,,,,,,,,,,413.12662982940674,False
1737650704.2616177,2025-01-23 17:45:04,OTHER,PAUSE,,,,,,,,,,,,,,,,,,,,,,,,,,,,,,,,,,,,,,,413.24763655662537,False
1737650704.3846247,2025-01-23 17:45:04,OTHER,PAUSE,,,,,,,,,,,,,,,,,,,,,,,,,,,,,,,,,,,,,,,413.37064361572266,False
1737650704.529633,2025-01-23 17:45:04,OTHER,PAUSE,,,,,,,,,,,,,,,,,,,,,,,,,,,,,,,,,,,,,,,413.51565194129944,False
1737650704.702643,2025-01-23 17:45:04,OTHER,PAUSE,,,,,,,,,,,,,,,,,,,,,,,,,,,,,,,,,,,,,,,413.68866181373596,False
1737650704.8516514,2025-01-23 17:45:04,OTHER,PAUSE,,,,,,,,,,,,,,,,,,,,,,,,,,,,,,,,,,,,,,,413.8376703262329,False
1737650704.9746585,2025-01-23 17:45:04,OTHER,PAUSE,,,,,,,,,,,,,,,,,,,,,,,,,,,,,,,,,,,,,,,413.9606773853302,False
1737650705.1106663,2025-01-23 17:45:05,OTHER,PAUSE,,,,,,,,,,,,,,,,,,,,,,,,,,,,,,,,,,,,,,,414.0966851711273,False
1737650705.231673,2025-01-23 17:45:05,OTHER,PAUSE,,,,,,,,,,,,,,,,,,,,,,,,,,,,,,,,,,,,,,,414.21769189834595,False
1737650705.3566802,2025-01-23 17:45:05,OTHER,PAUSE,,,,,,,,,,,,,,,,,,,,,,,,,,,,,,,,,,,,,,,414.3426990509033,False
1737650705.4716868,2025-01-23 17:45:05,OTHER,PAUSE,,,,,,,,,,,,,,,,,,,,,,,,,,,,,,,,,,,,,,,414.4577057361603,False
1737650705.6186955,2025-01-23 17:45:05,OTHER,PAUSE,,,,,,,,,,,,,,,,,,,,,,,,,,,,,,,,,,,,,,,414.6047143936157,False
1737650705.7457027,2025-01-23 17:45:05,OTHER,PAUSE,,,,,,,,,,,,,,,,,,,,,,,,,,,,,,,,,,,,,,,414.7317216396332,False
1737650705.8857105,2025-01-23 17:45:05,OTHER,PAUSE,,,,,,,,,,,,,,,,,,,,,,,,,,,,,,,,,,,,,,,414.8717293739319,False
1737650706.0037174,2025-01-23 17:45:06,OTHER,PAUSE,,,,,,,,,,,,,,,,,,,,,,,,,,,,,,,,,,,,,,,414.98973631858826,False
1737650706.1337247,2025-01-23 17:45:06,OTHER,PAUSE,,,,,,,,,,,,,,,,,,,,,,,,,,,,,,,,,,,,,,,415.11974358558655,False
1737650706.2727327,2025-01-23 17:45:06,OTHER,PAUSE,,,,,,,,,,,,,,,,,,,,,,,,,,,,,,,,,,,,,,,415.2587516307831,False
1737650706.3917394,2025-01-23 17:45:06,OTHER,PAUSE,,,,,,,,,,,,,,,,,,,,,,,,,,,,,,,,,,,,,,,415.3777582645416,False
1737650706.5137465,2025-01-23 17:45:06,OTHER,PAUSE,,,,,,,,,,,,,,,,,,,,,,,,,,,,,,,,,,,,,,,415.49976539611816,False
1737650706.662755,2025-01-23 17:45:06,OTHER,PAUSE,,,,,,,,,,,,,,,,,,,,,,,,,,,,,,,,,,,,,,,415.6487739086151,False
1737650706.801763,2025-01-23 17:45:06,OTHER,PAUSE,,,,,,,,,,,,,,,,,,,,,,,,,,,,,,,,,,,,,,,415.78778195381165,False
1737650706.92277,2025-01-23 17:45:06,OTHER,PAUSE,,,,,,,,,,,,,,,,,,,,,,,,,,,,,,,,,,,,,,,415.90878891944885,False
1737650707.0417767,2025-01-23 17:45:07,OTHER,PAUSE,,,,,,,,,,,,,,,,,,,,,,,,,,,,,,,,,,,,,,,416.0277955532074,False
1737650707.1637838,2025-01-23 17:45:07,OTHER,PAUSE,,,,,,,,,,,,,,,,,,,,,,,,,,,,,,,,,,,,,,,416.14980268478394,False
1737650707.293791,2025-01-23 17:45:07,OTHER,PAUSE,,,,,,,,,,,,,,,,,,,,,,,,,,,,,,,,,,,,,,,416.2798099517822,False
1737650707.4247987,2025-01-23 17:45:07,OTHER,PAUSE,,,,,,,,,,,,,,,,,,,,,,,,,,,,,,,,,,,,,,,416.4108176231384,False
1737650707.5628066,2025-01-23 17:45:07,OTHER,PAUSE,,,,,,,,,,,,,,,,,,,,,,,,,,,,,,,,,,,,,,,416.54882550239563,False
1737650707.694814,2025-01-23 17:45:07,OTHER,PAUSE,,,,,,,,,,,,,,,,,,,,,,,,,,,,,,,,,,,,,,,416.680832862854,False
1737650707.8108206,2025-01-23 17:45:07,OTHER,PAUSE,,,,,,,,,,,,,,,,,,,,,,,,,,,,,,,,,,,,,,,416.7968394756317,False
1737650707.941828,2025-01-23 17:45:07,OTHER,PAUSE,,,,,,,,,,,,,,,,,,,,,,,,,,,,,,,,,,,,,,,416.92784690856934,False
1737650708.0738358,2025-01-23 17:45:08,OTHER,PAUSE,,,,,,,,,,,,,,,,,,,,,,,,,,,,,,,,,,,,,,,417.05985474586487,False
1737650708.1978426,2025-01-23 17:45:08,OTHER,PAUSE,,,,,,,,,,,,,,,,,,,,,,,,,,,,,,,,,,,,,,,417.18386149406433,False
1737650708.311849,2025-01-23 17:45:08,OTHER,PAUSE,,,,,,,,,,,,,,,,,,,,,,,,,,,,,,,,,,,,,,,417.29786801338196,False
1737650708.4288561,2025-01-23 17:45:08,OTHER,PAUSE,,,,,,,,,,,,,,,,,,,,,,,,,,,,,,,,,,,,,,,417.4148750305176,False
1737650708.5718644,2025-01-23 17:45:08,OTHER,PAUSE,,,,,,,,,,,,,,,,,,,,,,,,,,,,,,,,,,,,,,,417.5578832626343,False
1737650708.7038717,2025-01-23 17:45:08,OTHER,PAUSE,,,,,,,,,,,,,,,,,,,,,,,,,,,,,,,,,,,,,,,417.68989062309265,False
1737650708.8288789,2025-01-23 17:45:08,OTHER,PAUSE,,,,,,,,,,,,,,,,,,,,,,,,,,,,,,,,,,,,,,,417.81489777565,False
1737650708.9458857,2025-01-23 17:45:08,OTHER,PAUSE,,,,,,,,,,,,,,,,,,,,,,,,,,,,,,,,,,,,,,,417.93190455436707,False
1737650709.0928938,2025-01-23 17:45:09,OTHER,PAUSE,,,,,,,,,,,,,,,,,,,,,,,,,,,,,,,,,,,,,,,418.07891273498535,False
1737650709.2089007,2025-01-23 17:45:09,OTHER,PAUSE,,,,,,,,,,,,,,,,,,,,,,,,,,,,,,,,,,,,,,,418.19491958618164,False
1737650709.335908,2025-01-23 17:45:09,OTHER,PAUSE,,,,,,,,,,,,,,,,,,,,,,,,,,,,,,,,,,,,,,,418.3219268321991,False
1737650709.4479141,2025-01-23 17:45:09,OTHER,PAUSE,,,,,,,,,,,,,,,,,,,,,,,,,,,,,,,,,,,,,,,418.43393301963806,False
1737650709.562921,2025-01-23 17:45:09,OTHER,PAUSE,,,,,,,,,,,,,,,,,,,,,,,,,,,,,,,,,,,,,,,418.5489399433136,False
1737650709.7129295,2025-01-23 17:45:09,OTHER,PAUSE,,,,,,,,,,,,,,,,,,,,,,,,,,,,,,,,,,,,,,,418.6989483833313,False
1737650709.8339365,2025-01-23 17:45:09,OTHER,PAUSE,,,,,,,,,,,,,,,,,,,,,,,,,,,,,,,,,,,,,,,418.8199553489685,False
1737650709.966944,2025-01-23 17:45:09,OTHER,PAUSE,,,,,,,,,,,,,,,,,,,,,,,,,,,,,,,,,,,,,,,418.9529628753662,False
1737650710.0789504,2025-01-23 17:45:10,OTHER,PAUSE,,,,,,,,,,,,,,,,,,,,,,,,,,,,,,,,,,,,,,,419.06496930122375,False
1737650710.2149582,2025-01-23 17:45:10,OTHER,PAUSE,,,,,,,,,,,,,,,,,,,,,,,,,,,,,,,,,,,,,,,419.2009770870209,False
1737650710.3379653,2025-01-23 17:45:10,OTHER,PAUSE,,,,,,,,,,,,,,,,,,,,,,,,,,,,,,,,,,,,,,,419.32398414611816,False
1737650710.4599721,2025-01-23 17:45:10,OTHER,PAUSE,,,,,,,,,,,,,,,,,,,,,,,,,,,,,,,,,,,,,,,419.4459910392761,False
1737650710.5779788,2025-01-23 17:45:10,OTHER,PAUSE,,,,,,,,,,,,,,,,,,,,,,,,,,,,,,,,,,,,,,,419.5639977455139,False
1737650710.696986,2025-01-23 17:45:10,OTHER,PAUSE,,,,,,,,,,,,,,,,,,,,,,,,,,,,,,,,,,,,,,,419.6830048561096,False
1737650710.8239932,2025-01-23 17:45:10,OTHER,PAUSE,,,,,,,,,,,,,,,,,,,,,,,,,,,,,,,,,,,,,,,419.8100121021271,False
1737650710.9620008,2025-01-23 17:45:10,OTHER,PAUSE,,,,,,,,,,,,,,,,,,,,,,,,,,,,,,,,,,,,,,,419.9480197429657,False
1737650711.0900083,2025-01-23 17:45:11,OTHER,PAUSE,,,,,,,,,,,,,,,,,,,,,,,,,,,,,,,,,,,,,,,420.0760271549225,False
1737650711.2140152,2025-01-23 17:45:11,OTHER,PAUSE,,,,,,,,,,,,,,,,,,,,,,,,,,,,,,,,,,,,,,,420.2000341415405,False
1737650711.364024,2025-01-23 17:45:11,OTHER,PAUSE,,,,,,,,,,,,,,,,,,,,,,,,,,,,,,,,,,,,,,,420.3500428199768,False
1737650711.490031,2025-01-23 17:45:11,OTHER,PAUSE,,,,,,,,,,,,,,,,,,,,,,,,,,,,,,,,,,,,,,,420.47604990005493,False
1737650711.6120381,2025-01-23 17:45:11,OTHER,PAUSE,,,,,,,,,,,,,,,,,,,,,,,,,,,,,,,,,,,,,,,420.59805703163147,False
1737650711.7290447,2025-01-23 17:45:11,OTHER,PAUSE,,,,,,,,,,,,,,,,,,,,,,,,,,,,,,,,,,,,,,,420.71506357192993,False
1737650711.8650527,2025-01-23 17:45:11,OTHER,PAUSE,,,,,,,,,,,,,,,,,,,,,,,,,,,,,,,,,,,,,,,420.85107159614563,False
1737650711.99206,2025-01-23 17:45:11,OTHER,PAUSE,,,,,,,,,,,,,,,,,,,,,,,,,,,,,,,,,,,,,,,420.9780788421631,False
1737650712.1390681,2025-01-23 17:45:12,OTHER,PAUSE,,,,,,,,,,,,,,,,,,,,,,,,,,,,,,,,,,,,,,,421.1250870227814,False
1737650712.272076,2025-01-23 17:45:12,OTHER,PAUSE,,,,,,,,,,,,,,,,,,,,,,,,,,,,,,,,,,,,,,,421.25809478759766,False
1737650712.3930829,2025-01-23 17:45:12,OTHER,PAUSE,,,,,,,,,,,,,,,,,,,,,,,,,,,,,,,,,,,,,,,421.37910175323486,False
1737650712.5270905,2025-01-23 17:45:12,OTHER,PAUSE,,,,,,,,,,,,,,,,,,,,,,,,,,,,,,,,,,,,,,,421.5131094455719,False
1737650712.682099,2025-01-23 17:45:12,OTHER,PAUSE,,,,,,,,,,,,,,,,,,,,,,,,,,,,,,,,,,,,,,,421.6681180000305,False
1737650712.8121068,2025-01-23 17:45:12,OTHER,PAUSE,,,,,,,,,,,,,,,,,,,,,,,,,,,,,,,,,,,,,,,421.79812574386597,False
1737650712.9301136,2025-01-23 17:45:12,OTHER,PAUSE,,,,,,,,,,,,,,,,,,,,,,,,,,,,,,,,,,,,,,,421.91613245010376,False
1737650713.0571208,2025-01-23 17:45:13,OTHER,PAUSE,,,,,,,,,,,,,,,,,,,,,,,,,,,,,,,,,,,,,,,422.0431396961212,False
1737650713.1941288,2025-01-23 17:45:13,OTHER,PAUSE,,,,,,,,,,,,,,,,,,,,,,,,,,,,,,,,,,,,,,,422.18014764785767,False
1737650713.323136,2025-01-23 17:45:13,OTHER,PAUSE,,,,,,,,,,,,,,,,,,,,,,,,,,,,,,,,,,,,,,,422.3091549873352,False
1737650713.4451427,2025-01-23 17:45:13,OTHER,PAUSE,,,,,,,,,,,,,,,,,,,,,,,,,,,,,,,,,,,,,,,422.4311616420746,False
1737650713.5841508,2025-01-23 17:45:13,OTHER,PAUSE,,,,,,,,,,,,,,,,,,,,,,,,,,,,,,,,,,,,,,,422.5701696872711,False
1737650713.728159,2025-01-23 17:45:13,OTHER,PAUSE,,,,,,,,,,,,,,,,,,,,,,,,,,,,,,,,,,,,,,,422.71417784690857,False
1737650713.8581665,2025-01-23 17:45:13,OTHER,PAUSE,,,,,,,,,,,,,,,,,,,,,,,,,,,,,,,,,,,,,,,422.84418535232544,False
1737650713.9771736,2025-01-23 17:45:13,OTHER,PAUSE,,,,,,,,,,,,,,,,,,,,,,,,,,,,,,,,,,,,,,,422.96319246292114,False
1737650714.110181,2025-01-23 17:45:14,OTHER,PAUSE,,,,,,,,,,,,,,,,,,,,,,,,,,,,,,,,,,,,,,,423.09619998931885,False
1737650714.2401884,2025-01-23 17:45:14,OTHER,PAUSE,,,,,,,,,,,,,,,,,,,,,,,,,,,,,,,,,,,,,,,423.22620725631714,False
1737650714.3851967,2025-01-23 17:45:14,OTHER,PAUSE,,,,,,,,,,,,,,,,,,,,,,,,,,,,,,,,,,,,,,,423.3712155818939,False
1737650714.5012033,2025-01-23 17:45:14,OTHER,PAUSE,,,,,,,,,,,,,,,,,,,,,,,,,,,,,,,,,,,,,,,423.48722219467163,False
1737650714.6202102,2025-01-23 17:45:14,OTHER,PAUSE,,,,,,,,,,,,,,,,,,,,,,,,,,,,,,,,,,,,,,,423.60622906684875,False
1737650714.7642183,2025-01-23 17:45:14,OTHER,PAUSE,,,,,,,,,,,,,,,,,,,,,,,,,,,,,,,,,,,,,,,423.7502372264862,False
1737650714.8962257,2025-01-23 17:45:14,OTHER,PAUSE,,,,,,,,,,,,,,,,,,,,,,,,,,,,,,,,,,,,,,,423.8822445869446,False
1737650715.0252335,2025-01-23 17:45:15,OTHER,PAUSE,,,,,,,,,,,,,,,,,,,,,,,,,,,,,,,,,,,,,,,424.0112524032593,False
1737650715.1472402,2025-01-23 17:45:15,OTHER,PAUSE,,,,,,,,,,,,,,,,,,,,,,,,,,,,,,,,,,,,,,,424.13325905799866,False
1737650715.3042493,2025-01-23 17:45:15,OTHER,PAUSE,,,,,,,,,,,,,,,,,,,,,,,,,,,,,,,,,,,,,,,424.2902681827545,False
1737650715.4522579,2025-01-23 17:45:15,OTHER,PAUSE,,,,,,,,,,,,,,,,,,,,,,,,,,,,,,,,,,,,,,,424.4382767677307,False
1737650715.5732646,2025-01-23 17:45:15,OTHER,PAUSE,,,,,,,,,,,,,,,,,,,,,,,,,,,,,,,,,,,,,,,424.55928349494934,False
1737650715.6942716,2025-01-23 17:45:15,OTHER,PAUSE,,,,,,,,,,,,,,,,,,,,,,,,,,,,,,,,,,,,,,,424.68029046058655,False
1737650715.8442802,2025-01-23 17:45:15,OTHER,PAUSE,,,,,,,,,,,,,,,,,,,,,,,,,,,,,,,,,,,,,,,424.8302991390228,False
1737650715.9792879,2025-01-23 17:45:15,OTHER,PAUSE,,,,,,,,,,,,,,,,,,,,,,,,,,,,,,,,,,,,,,,424.9653067588806,False
1737650716.1052952,2025-01-23 17:45:16,OTHER,PAUSE,,,,,,,,,,,,,,,,,,,,,,,,,,,,,,,,,,,,,,,425.0913140773773,False
1737650716.2173016,2025-01-23 17:45:16,OTHER,PAUSE,,,,,,,,,,,,,,,,,,,,,,,,,,,,,,,,,,,,,,,425.20332050323486,False
1737650716.3413086,2025-01-23 17:45:16,OTHER,PAUSE,,,,,,,,,,,,,,,,,,,,,,,,,,,,,,,,,,,,,,,425.3273274898529,False
1737650716.4893172,2025-01-23 17:45:16,OTHER,PAUSE,,,,,,,,,,,,,,,,,,,,,,,,,,,,,,,,,,,,,,,425.4753360748291,False
1737650716.6163244,2025-01-23 17:45:16,OTHER,PAUSE,,,,,,,,,,,,,,,,,,,,,,,,,,,,,,,,,,,,,,,425.60234332084656,False
1737650716.7373312,2025-01-23 17:45:16,OTHER,PAUSE,,,,,,,,,,,,,,,,,,,,,,,,,,,,,,,,,,,,,,,425.7233500480652,False
1737650716.855338,2025-01-23 17:45:16,OTHER,PAUSE,,,,,,,,,,,,,,,,,,,,,,,,,,,,,,,,,,,,,,,425.84135699272156,False
1737650717.011347,2025-01-23 17:45:17,OTHER,PAUSE,,,,,,,,,,,,,,,,,,,,,,,,,,,,,,,,,,,,,,,425.9973659515381,False
1737650717.1423545,2025-01-23 17:45:17,OTHER,PAUSE,,,,,,,,,,,,,,,,,,,,,,,,,,,,,,,,,,,,,,,426.1283733844757,False
1737650717.2703617,2025-01-23 17:45:17,OTHER,PAUSE,,,,,,,,,,,,,,,,,,,,,,,,,,,,,,,,,,,,,,,426.2563805580139,False
1737650717.3973691,2025-01-23 17:45:17,OTHER,PAUSE,,,,,,,,,,,,,,,,,,,,,,,,,,,,,,,,,,,,,,,426.38338804244995,False
1737650717.5243764,2025-01-23 17:45:17,OTHER,PAUSE,,,,,,,,,,,,,,,,,,,,,,,,,,,,,,,,,,,,,,,426.5103952884674,False
1737650717.6483834,2025-01-23 17:45:17,OTHER,PAUSE,,,,,,,,,,,,,,,,,,,,,,,,,,,,,,,,,,,,,,,426.63440227508545,False
1737650717.76639,2025-01-23 17:45:17,OTHER,PAUSE,,,,,,,,,,,,,,,,,,,,,,,,,,,,,,,,,,,,,,,426.75240898132324,False
1737650717.886397,2025-01-23 17:45:17,OTHER,PAUSE,,,,,,,,,,,,,,,,,,,,,,,,,,,,,,,,,,,,,,,426.8724157810211,False
1737650718.0134041,2025-01-23 17:45:18,OTHER,PAUSE,,,,,,,,,,,,,,,,,,,,,,,,,,,,,,,,,,,,,,,426.9994230270386,False
1737650718.169413,2025-01-23 17:45:18,OTHER,PAUSE,,,,,,,,,,,,,,,,,,,,,,,,,,,,,,,,,,,,,,,427.1554319858551,False
1737650718.2914202,2025-01-23 17:45:18,OTHER,PAUSE,,,,,,,,,,,,,,,,,,,,,,,,,,,,,,,,,,,,,,,427.27743911743164,False
1737650718.411427,2025-01-23 17:45:18,OTHER,PAUSE,,,,,,,,,,,,,,,,,,,,,,,,,,,,,,,,,,,,,,,427.3974459171295,False
1737650718.537434,2025-01-23 17:45:18,OTHER,PAUSE,,,,,,,,,,,,,,,,,,,,,,,,,,,,,,,,,,,,,,,427.52345299720764,False
1737650718.6784422,2025-01-23 17:45:18,OTHER,PAUSE,,,,,,,,,,,,,,,,,,,,,,,,,,,,,,,,,,,,,,,427.66446113586426,False
1737650718.8034494,2025-01-23 17:45:18,OTHER,PAUSE,,,,,,,,,,,,,,,,,,,,,,,,,,,,,,,,,,,,,,,427.78946828842163,False
1737650718.9274566,2025-01-23 17:45:18,OTHER,PAUSE,,,,,,,,,,,,,,,,,,,,,,,,,,,,,,,,,,,,,,,427.91347551345825,False
1737650719.0474634,2025-01-23 17:45:19,OTHER,PAUSE,,,,,,,,,,,,,,,,,,,,,,,,,,,,,,,,,,,,,,,428.0334823131561,False
1737650719.1864715,2025-01-23 17:45:19,OTHER,PAUSE,,,,,,,,,,,,,,,,,,,,,,,,,,,,,,,,,,,,,,,428.17249035835266,False
1737650719.3604813,2025-01-23 17:45:19,OTHER,PAUSE,,,,,,,,,,,,,,,,,,,,,,,,,,,,,,,,,,,,,,,428.34650015830994,False
1737650719.5254908,2025-01-23 17:45:19,OTHER,PAUSE,,,,,,,,,,,,,,,,,,,,,,,,,,,,,,,,,,,,,,,428.5115096569061,False
1737650719.6885,2025-01-23 17:45:19,OTHER,PAUSE,,,,,,,,,,,,,,,,,,,,,,,,,,,,,,,,,,,,,,,428.67451882362366,False
1737650719.8725107,2025-01-23 17:45:19,OTHER,PAUSE,,,,,,,,,,,,,,,,,,,,,,,,,,,,,,,,,,,,,,,428.8585295677185,False
1737650720.0465205,2025-01-23 17:45:20,OTHER,PAUSE,,,,,,,,,,,,,,,,,,,,,,,,,,,,,,,,,,,,,,,429.0325393676758,False
1737650720.1795282,2025-01-23 17:45:20,OTHER,PAUSE,,,,,,,,,,,,,,,,,,,,,,,,,,,,,,,,,,,,,,,429.16554713249207,False
1737650720.2935348,2025-01-23 17:45:20,OTHER,PAUSE,,,,,,,,,,,,,,,,,,,,,,,,,,,,,,,,,,,,,,,429.2795536518097,False
1737650720.4155414,2025-01-23 17:45:20,OTHER,PAUSE,,,,,,,,,,,,,,,,,,,,,,,,,,,,,,,,,,,,,,,429.4015603065491,False
1737650720.5475492,2025-01-23 17:45:20,OTHER,PAUSE,,,,,,,,,,,,,,,,,,,,,,,,,,,,,,,,,,,,,,,429.5335681438446,False
1737650720.6775565,2025-01-23 17:45:20,OTHER,PAUSE,,,,,,,,,,,,,,,,,,,,,,,,,,,,,,,,,,,,,,,429.6635754108429,False
1737650720.8005638,2025-01-23 17:45:20,OTHER,PAUSE,,,,,,,,,,,,,,,,,,,,,,,,,,,,,,,,,,,,,,,429.78658270835876,False
1737650720.9135702,2025-01-23 17:45:20,OTHER,PAUSE,,,,,,,,,,,,,,,,,,,,,,,,,,,,,,,,,,,,,,,429.89958906173706,False
1737650721.0585785,2025-01-23 17:45:21,OTHER,PAUSE,,,,,,,,,,,,,,,,,,,,,,,,,,,,,,,,,,,,,,,430.04459738731384,False
1737650721.2015867,2025-01-23 17:45:21,OTHER,PAUSE,,,,,,,,,,,,,,,,,,,,,,,,,,,,,,,,,,,,,,,430.18760561943054,False
1737650721.333594,2025-01-23 17:45:21,OTHER,PAUSE,,,,,,,,,,,,,,,,,,,,,,,,,,,,,,,,,,,,,,,430.3196129798889,False
1737650721.467602,2025-01-23 17:45:21,OTHER,PAUSE,,,,,,,,,,,,,,,,,,,,,,,,,,,,,,,,,,,,,,,430.45362091064453,False
1737650721.6046095,2025-01-23 17:45:21,OTHER,PAUSE,,,,,,,,,,,,,,,,,,,,,,,,,,,,,,,,,,,,,,,430.5906283855438,False
1737650721.7296169,2025-01-23 17:45:21,OTHER,PAUSE,,,,,,,,,,,,,,,,,,,,,,,,,,,,,,,,,,,,,,,430.7156357765198,False
1737650721.852624,2025-01-23 17:45:21,OTHER,PAUSE,,,,,,,,,,,,,,,,,,,,,,,,,,,,,,,,,,,,,,,430.83864283561707,False
1737650721.9726307,2025-01-23 17:45:21,OTHER,PAUSE,,,,,,,,,,,,,,,,,,,,,,,,,,,,,,,,,,,,,,,430.95864963531494,False
1737650722.1156387,2025-01-23 17:45:22,OTHER,PAUSE,,,,,,,,,,,,,,,,,,,,,,,,,,,,,,,,,,,,,,,431.10165762901306,False
1737650722.2476466,2025-01-23 17:45:22,OTHER,PAUSE,,,,,,,,,,,,,,,,,,,,,,,,,,,,,,,,,,,,,,,431.2336654663086,False
1737650722.3826542,2025-01-23 17:45:22,OTHER,PAUSE,,,,,,,,,,,,,,,,,,,,,,,,,,,,,,,,,,,,,,,431.3686730861664,False
1737650722.4986608,2025-01-23 17:45:22,OTHER,PAUSE,,,,,,,,,,,,,,,,,,,,,,,,,,,,,,,,,,,,,,,431.4846796989441,False
1737650722.6226678,2025-01-23 17:45:22,OTHER,PAUSE,,,,,,,,,,,,,,,,,,,,,,,,,,,,,,,,,,,,,,,431.60868668556213,False
1737650722.7556753,2025-01-23 17:45:22,OTHER,PAUSE,,,,,,,,,,,,,,,,,,,,,,,,,,,,,,,,,,,,,,,431.74169421195984,False
1737650722.8816826,2025-01-23 17:45:22,OTHER,PAUSE,,,,,,,,,,,,,,,,,,,,,,,,,,,,,,,,,,,,,,,431.86770153045654,False
1737650723.01069,2025-01-23 17:45:23,OTHER,PAUSE,,,,,,,,,,,,,,,,,,,,,,,,,,,,,,,,,,,,,,,431.9967088699341,False
1737650723.1356971,2025-01-23 17:45:23,OTHER,PAUSE,,,,,,,,,,,,,,,,,,,,,,,,,,,,,,,,,,,,,,,432.12171602249146,False
1737650723.287706,2025-01-23 17:45:23,OTHER,PAUSE,,,,,,,,,,,,,,,,,,,,,,,,,,,,,,,,,,,,,,,432.2737247943878,False
1737650723.4157133,2025-01-23 17:45:23,OTHER,PAUSE,,,,,,,,,,,,,,,,,,,,,,,,,,,,,,,,,,,,,,,432.4017322063446,False
1737650723.5537212,2025-01-23 17:45:23,OTHER,PAUSE,,,,,,,,,,,,,,,,,,,,,,,,,,,,,,,,,,,,,,,432.5397400856018,False
1737650723.6707277,2025-01-23 17:45:23,OTHER,PAUSE,,,,,,,,,,,,,,,,,,,,,,,,,,,,,,,,,,,,,,,432.65674662590027,False
1737650723.829737,2025-01-23 17:45:23,OTHER,PAUSE,,,,,,,,,,,,,,,,,,,,,,,,,,,,,,,,,,,,,,,432.8157558441162,False
1737650723.9617443,2025-01-23 17:45:23,OTHER,PAUSE,,,,,,,,,,,,,,,,,,,,,,,,,,,,,,,,,,,,,,,432.9477632045746,False
1737650724.092752,2025-01-23 17:45:24,OTHER,PAUSE,,,,,,,,,,,,,,,,,,,,,,,,,,,,,,,,,,,,,,,433.0787708759308,False
1737650724.2237594,2025-01-23 17:45:24,OTHER,PAUSE,,,,,,,,,,,,,,,,,,,,,,,,,,,,,,,,,,,,,,,433.2097783088684,False
1737650724.3807685,2025-01-23 17:45:24,OTHER,PAUSE,,,,,,,,,,,,,,,,,,,,,,,,,,,,,,,,,,,,,,,433.36678743362427,False
1737650724.5267768,2025-01-23 17:45:24,OTHER,PAUSE,,,,,,,,,,,,,,,,,,,,,,,,,,,,,,,,,,,,,,,433.5127956867218,False
1737650724.6447835,2025-01-23 17:45:24,OTHER,PAUSE,,,,,,,,,,,,,,,,,,,,,,,,,,,,,,,,,,,,,,,433.6308023929596,False
1737650724.7617903,2025-01-23 17:45:24,OTHER,PAUSE,,,,,,,,,,,,,,,,,,,,,,,,,,,,,,,,,,,,,,,433.74780917167664,False
1737650724.9087987,2025-01-23 17:45:24,OTHER,PAUSE,,,,,,,,,,,,,,,,,,,,,,,,,,,,,,,,,,,,,,,433.8948175907135,False
1737650725.0298057,2025-01-23 17:45:25,OTHER,PAUSE,,,,,,,,,,,,,,,,,,,,,,,,,,,,,,,,,,,,,,,434.0158245563507,False
1737650725.1688135,2025-01-23 17:45:25,OTHER,PAUSE,,,,,,,,,,,,,,,,,,,,,,,,,,,,,,,,,,,,,,,434.15483236312866,False
1737650725.2868202,2025-01-23 17:45:25,OTHER,PAUSE,,,,,,,,,,,,,,,,,,,,,,,,,,,,,,,,,,,,,,,434.27283906936646,False
1737650725.4138277,2025-01-23 17:45:25,OTHER,PAUSE,,,,,,,,,,,,,,,,,,,,,,,,,,,,,,,,,,,,,,,434.3998465538025,False
1737650725.545835,2025-01-23 17:45:25,OTHER,PAUSE,,,,,,,,,,,,,,,,,,,,,,,,,,,,,,,,,,,,,,,434.53185391426086,False
1737650725.6878433,2025-01-23 17:45:25,OTHER,PAUSE,,,,,,,,,,,,,,,,,,,,,,,,,,,,,,,,,,,,,,,434.6738622188568,False
1737650725.824851,2025-01-23 17:45:25,OTHER,PAUSE,,,,,,,,,,,,,,,,,,,,,,,,,,,,,,,,,,,,,,,434.8108699321747,False
1737650725.947858,2025-01-23 17:45:25,OTHER,PAUSE,,,,,,,,,,,,,,,,,,,,,,,,,,,,,,,,,,,,,,,434.933876991272,False
1737650726.0788653,2025-01-23 17:45:26,OTHER,PAUSE,,,,,,,,,,,,,,,,,,,,,,,,,,,,,,,,,,,,,,,435.064884185791,False
1737650726.208873,2025-01-23 17:45:26,OTHER,PAUSE,,,,,,,,,,,,,,,,,,,,,,,,,,,,,,,,,,,,,,,435.19489192962646,False
1737650726.3378804,2025-01-23 17:45:26,OTHER,PAUSE,,,,,,,,,,,,,,,,,,,,,,,,,,,,,,,,,,,,,,,435.323899269104,False
1737650726.4658878,2025-01-23 17:45:26,OTHER,PAUSE,,,,,,,,,,,,,,,,,,,,,,,,,,,,,,,,,,,,,,,435.4519066810608,False
1737650726.6218967,2025-01-23 17:45:26,OTHER,PAUSE,,,,,,,,,,,,,,,,,,,,,,,,,,,,,,,,,,,,,,,435.6079156398773,False
1737650726.7479038,2025-01-23 17:45:26,OTHER,PAUSE,,,,,,,,,,,,,,,,,,,,,,,,,,,,,,,,,,,,,,,435.73392271995544,False
1737650726.8689106,2025-01-23 17:45:26,OTHER,PAUSE,,,,,,,,,,,,,,,,,,,,,,,,,,,,,,,,,,,,,,,435.8549294471741,False
1737650726.9859173,2025-01-23 17:45:26,OTHER,PAUSE,,,,,,,,,,,,,,,,,,,,,,,,,,,,,,,,,,,,,,,435.9719362258911,False
1737650727.138926,2025-01-23 17:45:27,OTHER,PAUSE,,,,,,,,,,,,,,,,,,,,,,,,,,,,,,,,,,,,,,,436.1249449253082,False
1737650727.2709339,2025-01-23 17:45:27,OTHER,PAUSE,,,,,,,,,,,,,,,,,,,,,,,,,,,,,,,,,,,,,,,436.25695276260376,False
1737650727.3989413,2025-01-23 17:45:27,OTHER,PAUSE,,,,,,,,,,,,,,,,,,,,,,,,,,,,,,,,,,,,,,,436.38496017456055,False
1737650727.5169477,2025-01-23 17:45:27,OTHER,PAUSE,,,,,,,,,,,,,,,,,,,,,,,,,,,,,,,,,,,,,,,436.50296664237976,False
1737650727.6399548,2025-01-23 17:45:27,OTHER,PAUSE,,,,,,,,,,,,,,,,,,,,,,,,,,,,,,,,,,,,,,,436.62597370147705,False
1737650727.7799628,2025-01-23 17:45:27,OTHER,PAUSE,,,,,,,,,,,,,,,,,,,,,,,,,,,,,,,,,,,,,,,436.76598167419434,False
1737650727.9089704,2025-01-23 17:45:27,OTHER,PAUSE,,,,,,,,,,,,,,,,,,,,,,,,,,,,,,,,,,,,,,,436.89498925209045,False
1737650728.0399778,2025-01-23 17:45:28,OTHER,PAUSE,,,,,,,,,,,,,,,,,,,,,,,,,,,,,,,,,,,,,,,437.0259966850281,False
1737650728.1629846,2025-01-23 17:45:28,OTHER,PAUSE,,,,,,,,,,,,,,,,,,,,,,,,,,,,,,,,,,,,,,,437.1490035057068,False
1737650728.3219938,2025-01-23 17:45:28,OTHER,PAUSE,,,,,,,,,,,,,,,,,,,,,,,,,,,,,,,,,,,,,,,437.30801272392273,False
1737650728.445001,2025-01-23 17:45:28,OTHER,PAUSE,,,,,,,,,,,,,,,,,,,,,,,,,,,,,,,,,,,,,,,437.43101978302,False
1737650728.5840087,2025-01-23 17:45:28,OTHER,PAUSE,,,,,,,,,,,,,,,,,,,,,,,,,,,,,,,,,,,,,,,437.570027589798,False
1737650728.709016,2025-01-23 17:45:28,OTHER,PAUSE,,,,,,,,,,,,,,,,,,,,,,,,,,,,,,,,,,,,,,,437.6950349807739,False
1737650728.8610249,2025-01-23 17:45:28,OTHER,PAUSE,,,,,,,,,,,,,,,,,,,,,,,,,,,,,,,,,,,,,,,437.8470437526703,False
1737650729.003033,2025-01-23 17:45:29,OTHER,PAUSE,,,,,,,,,,,,,,,,,,,,,,,,,,,,,,,,,,,,,,,437.98905181884766,False
1737650729.1350405,2025-01-23 17:45:29,OTHER,PAUSE,,,,,,,,,,,,,,,,,,,,,,,,,,,,,,,,,,,,,,,438.1210594177246,False
1737650729.2540472,2025-01-23 17:45:29,OTHER,PAUSE,,,,,,,,,,,,,,,,,,,,,,,,,,,,,,,,,,,,,,,438.24006605148315,False
1737650729.406056,2025-01-23 17:45:29,OTHER,PAUSE,,,,,,,,,,,,,,,,,,,,,,,,,,,,,,,,,,,,,,,438.3920748233795,False
1737650729.530063,2025-01-23 17:45:29,OTHER,PAUSE,,,,,,,,,,,,,,,,,,,,,,,,,,,,,,,,,,,,,,,438.51608180999756,False
1737650729.6670706,2025-01-23 17:45:29,OTHER,PAUSE,,,,,,,,,,,,,,,,,,,,,,,,,,,,,,,,,,,,,,,438.65308952331543,False
1737650729.7970784,2025-01-23 17:45:29,OTHER,PAUSE,,,,,,,,,,,,,,,,,,,,,,,,,,,,,,,,,,,,,,,438.7830972671509,False
1737650729.9360862,2025-01-23 17:45:29,OTHER,PAUSE,,,,,,,,,,,,,,,,,,,,,,,,,,,,,,,,,,,,,,,438.92210507392883,False
1737650730.0610933,2025-01-23 17:45:30,OTHER,PAUSE,,,,,,,,,,,,,,,,,,,,,,,,,,,,,,,,,,,,,,,439.0471122264862,False
1737650730.1811004,2025-01-23 17:45:30,OTHER,PAUSE,,,,,,,,,,,,,,,,,,,,,,,,,,,,,,,,,,,,,,,439.16711926460266,False
1737650730.301107,2025-01-23 17:45:30,OTHER,PAUSE,,,,,,,,,,,,,,,,,,,,,,,,,,,,,,,,,,,,,,,439.28712582588196,False
1737650730.4331145,2025-01-23 17:45:30,OTHER,PAUSE,,,,,,,,,,,,,,,,,,,,,,,,,,,,,,,,,,,,,,,439.4191334247589,False
1737650730.596124,2025-01-23 17:45:30,OTHER,PAUSE,,,,,,,,,,,,,,,,,,,,,,,,,,,,,,,,,,,,,,,439.582142829895,False
1737650730.733132,2025-01-23 17:45:30,OTHER,PAUSE,,,,,,,,,,,,,,,,,,,,,,,,,,,,,,,,,,,,,,,439.71915078163147,False
1737650730.8491385,2025-01-23 17:45:30,OTHER,PAUSE,,,,,,,,,,,,,,,,,,,,,,,,,,,,,,,,,,,,,,,439.8351573944092,False
1737650730.9751456,2025-01-23 17:45:30,OTHER,PAUSE,,,,,,,,,,,,,,,,,,,,,,,,,,,,,,,,,,,,,,,439.9611644744873,False
1737650731.1331546,2025-01-23 17:45:31,OTHER,PAUSE,,,,,,,,,,,,,,,,,,,,,,,,,,,,,,,,,,,,,,,440.1191735267639,False
1737650731.2551615,2025-01-23 17:45:31,OTHER,PAUSE,,,,,,,,,,,,,,,,,,,,,,,,,,,,,,,,,,,,,,,440.2411804199219,False
1737650731.3891695,2025-01-23 17:45:31,OTHER,PAUSE,,,,,,,,,,,,,,,,,,,,,,,,,,,,,,,,,,,,,,,440.3751883506775,False
1737650731.506176,2025-01-23 17:45:31,OTHER,PAUSE,,,,,,,,,,,,,,,,,,,,,,,,,,,,,,,,,,,,,,,440.49219489097595,False
1737650731.6401834,2025-01-23 17:45:31,OTHER,PAUSE,,,,,,,,,,,,,,,,,,,,,,,,,,,,,,,,,,,,,,,440.6262023448944,False
1737650731.769191,2025-01-23 17:45:31,OTHER,PAUSE,,,,,,,,,,,,,,,,,,,,,,,,,,,,,,,,,,,,,,,440.7552099227905,False
1737650731.893198,2025-01-23 17:45:31,OTHER,PAUSE,,,,,,,,,,,,,,,,,,,,,,,,,,,,,,,,,,,,,,,440.87921690940857,False
1737650732.012205,2025-01-23 17:45:32,OTHER,PAUSE,,,,,,,,,,,,,,,,,,,,,,,,,,,,,,,,,,,,,,,440.9982237815857,False
1737650732.1392124,2025-01-23 17:45:32,OTHER,PAUSE,,,,,,,,,,,,,,,,,,,,,,,,,,,,,,,,,,,,,,,441.12523126602173,False
1737650732.2822204,2025-01-23 17:45:32,OTHER,PAUSE,,,,,,,,,,,,,,,,,,,,,,,,,,,,,,,,,,,,,,,441.26823925971985,False
1737650732.4212282,2025-01-23 17:45:32,OTHER,PAUSE,,,,,,,,,,,,,,,,,,,,,,,,,,,,,,,,,,,,,,,441.4072470664978,False
1737650732.5572362,2025-01-23 17:45:32,OTHER,PAUSE,,,,,,,,,,,,,,,,,,,,,,,,,,,,,,,,,,,,,,,441.5432550907135,False
1737650732.6802433,2025-01-23 17:45:32,OTHER,PAUSE,,,,,,,,,,,,,,,,,,,,,,,,,,,,,,,,,,,,,,,441.6662621498108,False
1737650732.8262515,2025-01-23 17:45:32,OTHER,PAUSE,,,,,,,,,,,,,,,,,,,,,,,,,,,,,,,,,,,,,,,441.8122704029083,False
1737650732.9542587,2025-01-23 17:45:32,OTHER,PAUSE,,,,,,,,,,,,,,,,,,,,,,,,,,,,,,,,,,,,,,,441.94027757644653,False
1737650733.085266,2025-01-23 17:45:33,OTHER,PAUSE,,,,,,,,,,,,,,,,,,,,,,,,,,,,,,,,,,,,,,,442.07128500938416,False
1737650733.2072732,2025-01-23 17:45:33,OTHER,PAUSE,,,,,,,,,,,,,,,,,,,,,,,,,,,,,,,,,,,,,,,442.1932921409607,False
1737650733.3572817,2025-01-23 17:45:33,OTHER,PAUSE,,,,,,,,,,,,,,,,,,,,,,,,,,,,,,,,,,,,,,,442.3433005809784,False
1737650733.4892895,2025-01-23 17:45:33,OTHER,PAUSE,,,,,,,,,,,,,,,,,,,,,,,,,,,,,,,,,,,,,,,442.4753084182739,False
1737650733.6052961,2025-01-23 17:45:33,OTHER,PAUSE,,,,,,,,,,,,,,,,,,,,,,,,,,,,,,,,,,,,,,,442.59131503105164,False
1737650733.7303033,2025-01-23 17:45:33,OTHER,PAUSE,,,,,,,,,,,,,,,,,,,,,,,,,,,,,,,,,,,,,,,442.716322183609,False
1737650733.8543105,2025-01-23 17:45:33,OTHER,PAUSE,,,,,,,,,,,,,,,,,,,,,,,,,,,,,,,,,,,,,,,442.84032940864563,False
1737650734.0033188,2025-01-23 17:45:34,OTHER,PAUSE,,,,,,,,,,,,,,,,,,,,,,,,,,,,,,,,,,,,,,,442.989337682724,False
1737650734.1433268,2025-01-23 17:45:34,OTHER,PAUSE,,,,,,,,,,,,,,,,,,,,,,,,,,,,,,,,,,,,,,,443.1293456554413,False
1737650734.2743342,2025-01-23 17:45:34,OTHER,PAUSE,,,,,,,,,,,,,,,,,,,,,,,,,,,,,,,,,,,,,,,443.2603530883789,False
1737650734.3953414,2025-01-23 17:45:34,OTHER,PAUSE,,,,,,,,,,,,,,,,,,,,,,,,,,,,,,,,,,,,,,,443.3813602924347,False
1737650734.5443497,2025-01-23 17:45:34,OTHER,PAUSE,,,,,,,,,,,,,,,,,,,,,,,,,,,,,,,,,,,,,,,443.53036856651306,False
1737650734.675357,2025-01-23 17:45:34,OTHER,PAUSE,,,,,,,,,,,,,,,,,,,,,,,,,,,,,,,,,,,,,,,443.6613759994507,False
1737650734.8243659,2025-01-23 17:45:34,OTHER,PAUSE,,,,,,,,,,,,,,,,,,,,,,,,,,,,,,,,,,,,,,,443.8103847503662,False
1737650734.949373,2025-01-23 17:45:34,OTHER,PAUSE,,,,,,,,,,,,,,,,,,,,,,,,,,,,,,,,,,,,,,,443.9353919029236,False
1737650735.0873806,2025-01-23 17:45:35,OTHER,PAUSE,,,,,,,,,,,,,,,,,,,,,,,,,,,,,,,,,,,,,,,444.0733995437622,False
1737650735.24539,2025-01-23 17:45:35,OTHER,PAUSE,,,,,,,,,,,,,,,,,,,,,,,,,,,,,,,,,,,,,,,444.2314088344574,False
1737650735.405399,2025-01-23 17:45:35,OTHER,PAUSE,,,,,,,,,,,,,,,,,,,,,,,,,,,,,,,,,,,,,,,444.3914179801941,False
1737650735.5774088,2025-01-23 17:45:35,OTHER,PAUSE,,,,,,,,,,,,,,,,,,,,,,,,,,,,,,,,,,,,,,,444.5634276866913,False
1737650735.77142,2025-01-23 17:45:35,OTHER,PAUSE,,,,,,,,,,,,,,,,,,,,,,,,,,,,,,,,,,,,,,,444.75743889808655,False
1737650735.963431,2025-01-23 17:45:35,OTHER,PAUSE,,,,,,,,,,,,,,,,,,,,,,,,,,,,,,,,,,,,,,,444.94944977760315,False
1737650736.1514416,2025-01-23 17:45:36,OTHER,PAUSE,,,,,,,,,,,,,,,,,,,,,,,,,,,,,,,,,,,,,,,445.1374604701996,False
1737650736.312451,2025-01-23 17:45:36,OTHER,PAUSE,,,,,,,,,,,,,,,,,,,,,,,,,,,,,,,,,,,,,,,445.2984697818756,False
1737650736.4434583,2025-01-23 17:45:36,OTHER,PAUSE,,,,,,,,,,,,,,,,,,,,,,,,,,,,,,,,,,,,,,,445.42947721481323,False
1737650736.575466,2025-01-23 17:45:36,OTHER,PAUSE,,,,,,,,,,,,,,,,,,,,,,,,,,,,,,,,,,,,,,,445.5614848136902,False
1737650736.7294748,2025-01-23 17:45:36,OTHER,PAUSE,,,,,,,,,,,,,,,,,,,,,,,,,,,,,,,,,,,,,,,445.71549367904663,False
1737650736.8814836,2025-01-23 17:45:36,OTHER,PAUSE,,,,,,,,,,,,,,,,,,,,,,,,,,,,,,,,,,,,,,,445.867502450943,False
1737650737.0094907,2025-01-23 17:45:37,OTHER,PAUSE,,,,,,,,,,,,,,,,,,,,,,,,,,,,,,,,,,,,,,,445.9955096244812,False
1737650737.133498,2025-01-23 17:45:37,OTHER,PAUSE,,,,,,,,,,,,,,,,,,,,,,,,,,,,,,,,,,,,,,,446.1195168495178,False
1737650737.2765062,2025-01-23 17:45:37,OTHER,PAUSE,,,,,,,,,,,,,,,,,,,,,,,,,,,,,,,,,,,,,,,446.2625250816345,False
1737650737.4165142,2025-01-23 17:45:37,OTHER,PAUSE,,,,,,,,,,,,,,,,,,,,,,,,,,,,,,,,,,,,,,,446.4025330543518,False
1737650737.5505216,2025-01-23 17:45:37,OTHER,PAUSE,,,,,,,,,,,,,,,,,,,,,,,,,,,,,,,,,,,,,,,446.53654050827026,False
1737650737.69753,2025-01-23 17:45:37,OTHER,PAUSE,,,,,,,,,,,,,,,,,,,,,,,,,,,,,,,,,,,,,,,446.68354892730713,False
1737650737.8435385,2025-01-23 17:45:37,OTHER,PAUSE,,,,,,,,,,,,,,,,,,,,,,,,,,,,,,,,,,,,,,,446.82955741882324,False
1737650737.9895468,2025-01-23 17:45:37,OTHER,PAUSE,,,,,,,,,,,,,,,,,,,,,,,,,,,,,,,,,,,,,,,446.9755656719208,False
1737650738.1435556,2025-01-23 17:45:38,OTHER,PAUSE,,,,,,,,,,,,,,,,,,,,,,,,,,,,,,,,,,,,,,,447.1295745372772,False
1737650738.289564,2025-01-23 17:45:38,OTHER,PAUSE,,,,,,,,,,,,,,,,,,,,,,,,,,,,,,,,,,,,,,,447.27558279037476,False
1737650738.414571,2025-01-23 17:45:38,OTHER,PAUSE,,,,,,,,,,,,,,,,,,,,,,,,,,,,,,,,,,,,,,,447.40058994293213,False
1737650738.57058,2025-01-23 17:45:38,OTHER,PAUSE,,,,,,,,,,,,,,,,,,,,,,,,,,,,,,,,,,,,,,,447.55659890174866,False
1737650738.7275891,2025-01-23 17:45:38,OTHER,PAUSE,,,,,,,,,,,,,,,,,,,,,,,,,,,,,,,,,,,,,,,447.7136080265045,False
1737650738.8665972,2025-01-23 17:45:38,OTHER,PAUSE,,,,,,,,,,,,,,,,,,,,,,,,,,,,,,,,,,,,,,,447.85261607170105,False
1737650738.9926043,2025-01-23 17:45:38,OTHER,PAUSE,,,,,,,,,,,,,,,,,,,,,,,,,,,,,,,,,,,,,,,447.9786231517792,False
1737650739.1446128,2025-01-23 17:45:39,OTHER,PAUSE,,,,,,,,,,,,,,,,,,,,,,,,,,,,,,,,,,,,,,,448.13063168525696,False
1737650739.2816207,2025-01-23 17:45:39,OTHER,PAUSE,,,,,,,,,,,,,,,,,,,,,,,,,,,,,,,,,,,,,,,448.2676396369934,False
1737650739.3996274,2025-01-23 17:45:39,OTHER,PAUSE,,,,,,,,,,,,,,,,,,,,,,,,,,,,,,,,,,,,,,,448.3856463432312,False
1737650739.530635,2025-01-23 17:45:39,OTHER,PAUSE,,,,,,,,,,,,,,,,,,,,,,,,,,,,,,,,,,,,,,,448.5166540145874,False
1737650739.6946442,2025-01-23 17:45:39,OTHER,PAUSE,,,,,,,,,,,,,,,,,,,,,,,,,,,,,,,,,,,,,,,448.6806631088257,False
1737650739.8406527,2025-01-23 17:45:39,OTHER,PAUSE,,,,,,,,,,,,,,,,,,,,,,,,,,,,,,,,,,,,,,,448.8266716003418,False
1737650739.9906614,2025-01-23 17:45:39,OTHER,PAUSE,,,,,,,,,,,,,,,,,,,,,,,,,,,,,,,,,,,,,,,448.9766802787781,False
1737650740.1126683,2025-01-23 17:45:40,OTHER,PAUSE,,,,,,,,,,,,,,,,,,,,,,,,,,,,,,,,,,,,,,,449.09868717193604,False
1737650740.2696774,2025-01-23 17:45:40,OTHER,PAUSE,,,,,,,,,,,,,,,,,,,,,,,,,,,,,,,,,,,,,,,449.2556962966919,False
1737650740.4096851,2025-01-23 17:45:40,OTHER,PAUSE,,,,,,,,,,,,,,,,,,,,,,,,,,,,,,,,,,,,,,,449.3957040309906,False
1737650740.5666943,2025-01-23 17:45:40,OTHER,PAUSE,,,,,,,,,,,,,,,,,,,,,,,,,,,,,,,,,,,,,,,449.55271315574646,False
1737650740.6967018,2025-01-23 17:45:40,OTHER,PAUSE,,,,,,,,,,,,,,,,,,,,,,,,,,,,,,,,,,,,,,,449.68272066116333,False
1737650740.8487103,2025-01-23 17:45:40,OTHER,PAUSE,,,,,,,,,,,,,,,,,,,,,,,,,,,,,,,,,,,,,,,449.8347291946411,False
1737650740.9867182,2025-01-23 17:45:40,OTHER,PAUSE,,,,,,,,,,,,,,,,,,,,,,,,,,,,,,,,,,,,,,,449.9727370738983,False
1737650741.1767292,2025-01-23 17:45:41,OTHER,PAUSE,,,,,,,,,,,,,,,,,,,,,,,,,,,,,,,,,,,,,,,450.1627480983734,False
1737650741.310737,2025-01-23 17:45:41,OTHER,PAUSE,,,,,,,,,,,,,,,,,,,,,,,,,,,,,,,,,,,,,,,450.29675579071045,False
1737650741.4407442,2025-01-23 17:45:41,OTHER,PAUSE,,,,,,,,,,,,,,,,,,,,,,,,,,,,,,,,,,,,,,,450.42676305770874,False
1737650741.5697515,2025-01-23 17:45:41,OTHER,PAUSE,,,,,,,,,,,,,,,,,,,,,,,,,,,,,,,,,,,,,,,450.5557703971863,False
1737650741.7217603,2025-01-23 17:45:41,OTHER,PAUSE,,,,,,,,,,,,,,,,,,,,,,,,,,,,,,,,,,,,,,,450.70777916908264,False
1737650741.874769,2025-01-23 17:45:41,OTHER,PAUSE,,,,,,,,,,,,,,,,,,,,,,,,,,,,,,,,,,,,,,,450.86078786849976,False
1737650742.0247777,2025-01-23 17:45:42,OTHER,PAUSE,,,,,,,,,,,,,,,,,,,,,,,,,,,,,,,,,,,,,,,451.01079654693604,False
1737650742.1617854,2025-01-23 17:45:42,OTHER,PAUSE,,,,,,,,,,,,,,,,,,,,,,,,,,,,,,,,,,,,,,,451.1478042602539,False
1737650742.3017933,2025-01-23 17:45:42,OTHER,PAUSE,,,,,,,,,,,,,,,,,,,,,,,,,,,,,,,,,,,,,,,451.2878122329712,False
1737650742.4618025,2025-01-23 17:45:42,OTHER,PAUSE,,,,,,,,,,,,,,,,,,,,,,,,,,,,,,,,,,,,,,,451.4478213787079,False
1737650742.5998106,2025-01-23 17:45:42,OTHER,PAUSE,,,,,,,,,,,,,,,,,,,,,,,,,,,,,,,,,,,,,,,451.58582949638367,False
1737650742.730818,2025-01-23 17:45:42,OTHER,PAUSE,,,,,,,,,,,,,,,,,,,,,,,,,,,,,,,,,,,,,,,451.7168369293213,False
1737650742.8608253,2025-01-23 17:45:42,OTHER,PAUSE,,,,,,,,,,,,,,,,,,,,,,,,,,,,,,,,,,,,,,,451.8468441963196,False
1737650743.0328352,2025-01-23 17:45:43,OTHER,PAUSE,,,,,,,,,,,,,,,,,,,,,,,,,,,,,,,,,,,,,,,452.01885414123535,False
1737650743.1958447,2025-01-23 17:45:43,OTHER,PAUSE,,,,,,,,,,,,,,,,,,,,,,,,,,,,,,,,,,,,,,,452.18186354637146,False
1737650743.321852,2025-01-23 17:45:43,OTHER,PAUSE,,,,,,,,,,,,,,,,,,,,,,,,,,,,,,,,,,,,,,,452.30787086486816,False
1737650743.4568594,2025-01-23 17:45:43,OTHER,PAUSE,,,,,,,,,,,,,,,,,,,,,,,,,,,,,,,,,,,,,,,452.4428782463074,False
1737650743.621869,2025-01-23 17:45:43,OTHER,PAUSE,,,,,,,,,,,,,,,,,,,,,,,,,,,,,,,,,,,,,,,452.60788798332214,False
1737650743.7568767,2025-01-23 17:45:43,OTHER,PAUSE,,,,,,,,,,,,,,,,,,,,,,,,,,,,,,,,,,,,,,,452.74289560317993,False
1737650743.8818839,2025-01-23 17:45:43,OTHER,PAUSE,,,,,,,,,,,,,,,,,,,,,,,,,,,,,,,,,,,,,,,452.8679027557373,False
1737650744.0168915,2025-01-23 17:45:44,OTHER,PAUSE,,,,,,,,,,,,,,,,,,,,,,,,,,,,,,,,,,,,,,,453.0029103755951,False
1737650744.1538994,2025-01-23 17:45:44,OTHER,PAUSE,,,,,,,,,,,,,,,,,,,,,,,,,,,,,,,,,,,,,,,453.13991832733154,False
1737650744.2959075,2025-01-23 17:45:44,OTHER,PAUSE,,,,,,,,,,,,,,,,,,,,,,,,,,,,,,,,,,,,,,,453.2819263935089,False
1737650744.4409158,2025-01-23 17:45:44,OTHER,PAUSE,,,,,,,,,,,,,,,,,,,,,,,,,,,,,,,,,,,,,,,453.4269347190857,False
1737650744.5799236,2025-01-23 17:45:44,OTHER,PAUSE,,,,,,,,,,,,,,,,,,,,,,,,,,,,,,,,,,,,,,,453.56594252586365,False
1737650744.7389328,2025-01-23 17:45:44,OTHER,PAUSE,,,,,,,,,,,,,,,,,,,,,,,,,,,,,,,,,,,,,,,453.7249517440796,False
1737650744.8919415,2025-01-23 17:45:44,OTHER,PAUSE,,,,,,,,,,,,,,,,,,,,,,,,,,,,,,,,,,,,,,,453.8779604434967,False
1737650745.0179486,2025-01-23 17:45:45,OTHER,PAUSE,,,,,,,,,,,,,,,,,,,,,,,,,,,,,,,,,,,,,,,454.00396752357483,False
1737650745.145956,2025-01-23 17:45:45,OTHER,PAUSE,,,,,,,,,,,,,,,,,,,,,,,,,,,,,,,,,,,,,,,454.1319749355316,False
1737650745.3109655,2025-01-23 17:45:45,OTHER,PAUSE,,,,,,,,,,,,,,,,,,,,,,,,,,,,,,,,,,,,,,,454.2969844341278,False
1737650745.446973,2025-01-23 17:45:45,OTHER,PAUSE,,,,,,,,,,,,,,,,,,,,,,,,,,,,,,,,,,,,,,,454.43299198150635,False
1737650745.5919816,2025-01-23 17:45:45,OTHER,PAUSE,,,,,,,,,,,,,,,,,,,,,,,,,,,,,,,,,,,,,,,454.5780005455017,False
1737650745.73599,2025-01-23 17:45:45,OTHER,PAUSE,,,,,,,,,,,,,,,,,,,,,,,,,,,,,,,,,,,,,,,454.72200894355774,False
1737650745.895999,2025-01-23 17:45:45,OTHER,PAUSE,,,,,,,,,,,,,,,,,,,,,,,,,,,,,,,,,,,,,,,454.88201785087585,False
1737650746.0390072,2025-01-23 17:45:46,OTHER,PAUSE,,,,,,,,,,,,,,,,,,,,,,,,,,,,,,,,,,,,,,,455.02502608299255,False
1737650746.1830153,2025-01-23 17:45:46,OTHER,PAUSE,,,,,,,,,,,,,,,,,,,,,,,,,,,,,,,,,,,,,,,455.16903424263,False
1737650746.3060224,2025-01-23 17:45:46,OTHER,PAUSE,,,,,,,,,,,,,,,,,,,,,,,,,,,,,,,,,,,,,,,455.2920413017273,False
1737650746.4690316,2025-01-23 17:45:46,OTHER,PAUSE,,,,,,,,,,,,,,,,,,,,,,,,,,,,,,,,,,,,,,,455.4550504684448,False
1737650746.6200404,2025-01-23 17:45:46,OTHER,PAUSE,,,,,,,,,,,,,,,,,,,,,,,,,,,,,,,,,,,,,,,455.60605931282043,False
1737650746.7670486,2025-01-23 17:45:46,OTHER,PAUSE,,,,,,,,,,,,,,,,,,,,,,,,,,,,,,,,,,,,,,,455.7530674934387,False
1737650746.894056,2025-01-23 17:45:46,OTHER,PAUSE,,,,,,,,,,,,,,,,,,,,,,,,,,,,,,,,,,,,,,,455.88007497787476,False
1737650747.065066,2025-01-23 17:45:47,OTHER,PAUSE,,,,,,,,,,,,,,,,,,,,,,,,,,,,,,,,,,,,,,,456.0510849952698,False
1737650747.2090743,2025-01-23 17:45:47,OTHER,PAUSE,,,,,,,,,,,,,,,,,,,,,,,,,,,,,,,,,,,,,,,456.1950931549072,False
1737650747.3340812,2025-01-23 17:45:47,OTHER,PAUSE,,,,,,,,,,,,,,,,,,,,,,,,,,,,,,,,,,,,,,,456.320100069046,False
1737650747.48309,2025-01-23 17:45:47,OTHER,PAUSE,,,,,,,,,,,,,,,,,,,,,,,,,,,,,,,,,,,,,,,456.46910881996155,False
1737650747.6550996,2025-01-23 17:45:47,OTHER,PAUSE,,,,,,,,,,,,,,,,,,,,,,,,,,,,,,,,,,,,,,,456.64111852645874,False
1737650747.7881072,2025-01-23 17:45:47,OTHER,PAUSE,,,,,,,,,,,,,,,,,,,,,,,,,,,,,,,,,,,,,,,456.77412605285645,False
1737650747.9301152,2025-01-23 17:45:47,OTHER,PAUSE,,,,,,,,,,,,,,,,,,,,,,,,,,,,,,,,,,,,,,,456.9161341190338,False
1737650748.0571225,2025-01-23 17:45:48,OTHER,PAUSE,,,,,,,,,,,,,,,,,,,,,,,,,,,,,,,,,,,,,,,457.04314136505127,False
1737650748.2121315,2025-01-23 17:45:48,OTHER,PAUSE,,,,,,,,,,,,,,,,,,,,,,,,,,,,,,,,,,,,,,,457.19815039634705,False
1737650748.3521395,2025-01-23 17:45:48,OTHER,PAUSE,,,,,,,,,,,,,,,,,,,,,,,,,,,,,,,,,,,,,,,457.33815836906433,False
1737650748.4781468,2025-01-23 17:45:48,OTHER,PAUSE,,,,,,,,,,,,,,,,,,,,,,,,,,,,,,,,,,,,,,,457.46416568756104,False
1737650748.5971534,2025-01-23 17:45:48,OTHER,PAUSE,,,,,,,,,,,,,,,,,,,,,,,,,,,,,,,,,,,,,,,457.5831723213196,False
1737650748.746162,2025-01-23 17:45:48,OTHER,PAUSE,,,,,,,,,,,,,,,,,,,,,,,,,,,,,,,,,,,,,,,457.7321808338165,False
1737650748.8711693,2025-01-23 17:45:48,OTHER,PAUSE,,,,,,,,,,,,,,,,,,,,,,,,,,,,,,,,,,,,,,,457.8571882247925,False
1737650749.0051768,2025-01-23 17:45:49,OTHER,PAUSE,,,,,,,,,,,,,,,,,,,,,,,,,,,,,,,,,,,,,,,457.99119567871094,False
1737650749.1251838,2025-01-23 17:45:49,OTHER,PAUSE,,,,,,,,,,,,,,,,,,,,,,,,,,,,,,,,,,,,,,,458.1112027168274,False
1737650749.271192,2025-01-23 17:45:49,OTHER,PAUSE,,,,,,,,,,,,,,,,,,,,,,,,,,,,,,,,,,,,,,,458.2572109699249,False
1737650749.3951993,2025-01-23 17:45:49,OTHER,PAUSE,,,,,,,,,,,,,,,,,,,,,,,,,,,,,,,,,,,,,,,458.38121819496155,False
1737650749.5252066,2025-01-23 17:45:49,OTHER,PAUSE,,,,,,,,,,,,,,,,,,,,,,,,,,,,,,,,,,,,,,,458.51122546195984,False
1737650749.6632147,2025-01-23 17:45:49,OTHER,PAUSE,,,,,,,,,,,,,,,,,,,,,,,,,,,,,,,,,,,,,,,458.6492335796356,False
1737650749.7852213,2025-01-23 17:45:49,OTHER,PAUSE,,,,,,,,,,,,,,,,,,,,,,,,,,,,,,,,,,,,,,,458.771240234375,False
1737650749.9472308,2025-01-23 17:45:49,OTHER,PAUSE,,,,,,,,,,,,,,,,,,,,,,,,,,,,,,,,,,,,,,,458.93324971199036,False
1737650750.0992393,2025-01-23 17:45:50,OTHER,PAUSE,,,,,,,,,,,,,,,,,,,,,,,,,,,,,,,,,,,,,,,459.08525824546814,False
1737650750.2342472,2025-01-23 17:45:50,OTHER,PAUSE,,,,,,,,,,,,,,,,,,,,,,,,,,,,,,,,,,,,,,,459.2202661037445,False
1737650750.355254,2025-01-23 17:45:50,OTHER,PAUSE,,,,,,,,,,,,,,,,,,,,,,,,,,,,,,,,,,,,,,,459.34127283096313,False
1737650750.5052626,2025-01-23 17:45:50,OTHER,PAUSE,,,,,,,,,,,,,,,,,,,,,,,,,,,,,,,,,,,,,,,459.4912815093994,False
1737650750.6462708,2025-01-23 17:45:50,OTHER,PAUSE,,,,,,,,,,,,,,,,,,,,,,,,,,,,,,,,,,,,,,,459.63228964805603,False
1737650750.7822783,2025-01-23 17:45:50,OTHER,PAUSE,,,,,,,,,,,,,,,,,,,,,,,,,,,,,,,,,,,,,,,459.76829719543457,False
1737650750.9062855,2025-01-23 17:45:50,OTHER,PAUSE,,,,,,,,,,,,,,,,,,,,,,,,,,,,,,,,,,,,,,,459.8923044204712,False
1737650751.0612946,2025-01-23 17:45:51,OTHER,PAUSE,,,,,,,,,,,,,,,,,,,,,,,,,,,,,,,,,,,,,,,460.04731345176697,False
1737650751.2173033,2025-01-23 17:45:51,OTHER,PAUSE,,,,,,,,,,,,,,,,,,,,,,,,,,,,,,,,,,,,,,,460.2033221721649,False
1737650751.4063141,2025-01-23 17:45:51,OTHER,PAUSE,,,,,,,,,,,,,,,,,,,,,,,,,,,,,,,,,,,,,,,460.3923330307007,False
1737650751.5833244,2025-01-23 17:45:51,OTHER,PAUSE,,,,,,,,,,,,,,,,,,,,,,,,,,,,,,,,,,,,,,,460.56934332847595,False
1737650751.7613344,2025-01-23 17:45:51,OTHER,PAUSE,,,,,,,,,,,,,,,,,,,,,,,,,,,,,,,,,,,,,,,460.7473533153534,False
1737650751.926344,2025-01-23 17:45:51,OTHER,PAUSE,,,,,,,,,,,,,,,,,,,,,,,,,,,,,,,,,,,,,,,460.9123628139496,False
1737650752.1103544,2025-01-23 17:45:52,OTHER,PAUSE,,,,,,,,,,,,,,,,,,,,,,,,,,,,,,,,,,,,,,,461.09637331962585,False
1737650752.2653632,2025-01-23 17:45:52,OTHER,PAUSE,,,,,,,,,,,,,,,,,,,,,,,,,,,,,,,,,,,,,,,461.25138211250305,False
1737650752.3873703,2025-01-23 17:45:52,OTHER,PAUSE,,,,,,,,,,,,,,,,,,,,,,,,,,,,,,,,,,,,,,,461.3733892440796,False
1737650752.5113773,2025-01-23 17:45:52,OTHER,PAUSE,,,,,,,,,,,,,,,,,,,,,,,,,,,,,,,,,,,,,,,461.49739623069763,False
1737650752.642385,2025-01-23 17:45:52,OTHER,PAUSE,,,,,,,,,,,,,,,,,,,,,,,,,,,,,,,,,,,,,,,461.62840390205383,False
1737650752.767392,2025-01-23 17:45:52,OTHER,PAUSE,,,,,,,,,,,,,,,,,,,,,,,,,,,,,,,,,,,,,,,461.7534108161926,False
1737650752.887399,2025-01-23 17:45:52,OTHER,PAUSE,,,,,,,,,,,,,,,,,,,,,,,,,,,,,,,,,,,,,,,461.8734178543091,False
1737650753.0184064,2025-01-23 17:45:53,OTHER,PAUSE,,,,,,,,,,,,,,,,,,,,,,,,,,,,,,,,,,,,,,,462.0044252872467,False
1737650753.1484137,2025-01-23 17:45:53,OTHER,PAUSE,,,,,,,,,,,,,,,,,,,,,,,,,,,,,,,,,,,,,,,462.134432554245,False
1737650753.3024225,2025-01-23 17:45:53,OTHER,PAUSE,,,,,,,,,,,,,,,,,,,,,,,,,,,,,,,,,,,,,,,462.28844141960144,False
1737650753.4344301,2025-01-23 17:45:53,OTHER,PAUSE,,,,,,,,,,,,,,,,,,,,,,,,,,,,,,,,,,,,,,,462.4204490184784,False
1737650753.568438,2025-01-23 17:45:53,OTHER,PAUSE,,,,,,,,,,,,,,,,,,,,,,,,,,,,,,,,,,,,,,,462.554456949234,False
1737650753.692445,2025-01-23 17:45:53,OTHER,PAUSE,,,,,,,,,,,,,,,,,,,,,,,,,,,,,,,,,,,,,,,462.67846393585205,False
1737650753.849454,2025-01-23 17:45:53,OTHER,PAUSE,,,,,,,,,,,,,,,,,,,,,,,,,,,,,,,,,,,,,,,462.83547282218933,False
1737650753.9924622,2025-01-23 17:45:53,OTHER,PAUSE,,,,,,,,,,,,,,,,,,,,,,,,,,,,,,,,,,,,,,,462.97848105430603,False
1737650754.1354704,2025-01-23 17:45:54,OTHER,PAUSE,,,,,,,,,,,,,,,,,,,,,,,,,,,,,,,,,,,,,,,463.12148928642273,False
1737650754.2644777,2025-01-23 17:45:54,OTHER,PAUSE,,,,,,,,,,,,,,,,,,,,,,,,,,,,,,,,,,,,,,,463.25049662590027,False
1737650754.4004853,2025-01-23 17:45:54,OTHER,PAUSE,,,,,,,,,,,,,,,,,,,,,,,,,,,,,,,,,,,,,,,463.3865041732788,False
1737650754.533493,2025-01-23 17:45:54,OTHER,PAUSE,,,,,,,,,,,,,,,,,,,,,,,,,,,,,,,,,,,,,,,463.5195119380951,False
1737650754.6655006,2025-01-23 17:45:54,OTHER,PAUSE,,,,,,,,,,,,,,,,,,,,,,,,,,,,,,,,,,,,,,,463.65151953697205,False
1737650754.7855077,2025-01-23 17:45:54,OTHER,PAUSE,,,,,,,,,,,,,,,,,,,,,,,,,,,,,,,,,,,,,,,463.7715265750885,False
1737650754.9195151,2025-01-23 17:45:54,OTHER,PAUSE,,,,,,,,,,,,,,,,,,,,,,,,,,,,,,,,,,,,,,,463.90553402900696,False
1737650755.0615232,2025-01-23 17:45:55,OTHER,PAUSE,,,,,,,,,,,,,,,,,,,,,,,,,,,,,,,,,,,,,,,464.0475420951843,False
1737650755.195531,2025-01-23 17:45:55,OTHER,PAUSE,,,,,,,,,,,,,,,,,,,,,,,,,,,,,,,,,,,,,,,464.18154978752136,False
1737650755.3305385,2025-01-23 17:45:55,OTHER,PAUSE,,,,,,,,,,,,,,,,,,,,,,,,,,,,,,,,,,,,,,,464.31655740737915,False
1737650755.4515457,2025-01-23 17:45:55,OTHER,PAUSE,,,,,,,,,,,,,,,,,,,,,,,,,,,,,,,,,,,,,,,464.43756461143494,False
1737650755.6065543,2025-01-23 17:45:55,OTHER,PAUSE,,,,,,,,,,,,,,,,,,,,,,,,,,,,,,,,,,,,,,,464.59257316589355,False
1737650755.755563,2025-01-23 17:45:55,OTHER,PAUSE,,,,,,,,,,,,,,,,,,,,,,,,,,,,,,,,,,,,,,,464.7415819168091,False
1737650755.8915708,2025-01-23 17:45:55,OTHER,PAUSE,,,,,,,,,,,,,,,,,,,,,,,,,,,,,,,,,,,,,,,464.8775897026062,False
1737650756.0105774,2025-01-23 17:45:56,OTHER,PAUSE,,,,,,,,,,,,,,,,,,,,,,,,,,,,,,,,,,,,,,,464.99659633636475,False
1737650756.1625862,2025-01-23 17:45:56,OTHER,PAUSE,,,,,,,,,,,,,,,,,,,,,,,,,,,,,,,,,,,,,,,465.1486051082611,False
1737650756.3125947,2025-01-23 17:45:56,OTHER,PAUSE,,,,,,,,,,,,,,,,,,,,,,,,,,,,,,,,,,,,,,,465.2986135482788,False
1737650756.4446023,2025-01-23 17:45:56,OTHER,PAUSE,,,,,,,,,,,,,,,,,,,,,,,,,,,,,,,,,,,,,,,465.43062114715576,False
1737650756.5656092,2025-01-23 17:45:56,OTHER,PAUSE,,,,,,,,,,,,,,,,,,,,,,,,,,,,,,,,,,,,,,,465.55162811279297,False
1737650756.7246184,2025-01-23 17:45:56,OTHER,PAUSE,,,,,,,,,,,,,,,,,,,,,,,,,,,,,,,,,,,,,,,465.7106373310089,False
1737650756.870627,2025-01-23 17:45:56,OTHER,PAUSE,,,,,,,,,,,,,,,,,,,,,,,,,,,,,,,,,,,,,,,465.856645822525,False
1737650756.9956338,2025-01-23 17:45:56,OTHER,PAUSE,,,,,,,,,,,,,,,,,,,,,,,,,,,,,,,,,,,,,,,465.9816527366638,False
1737650757.138642,2025-01-23 17:45:57,OTHER,PAUSE,,,,,,,,,,,,,,,,,,,,,,,,,,,,,,,,,,,,,,,466.1246609687805,False
1737650757.3076515,2025-01-23 17:45:57,OTHER,PAUSE,,,,,,,,,,,,,,,,,,,,,,,,,,,,,,,,,,,,,,,466.2936704158783,False
1737650757.4546602,2025-01-23 17:45:57,OTHER,PAUSE,,,,,,,,,,,,,,,,,,,,,,,,,,,,,,,,,,,,,,,466.44067907333374,False
1737650757.577667,2025-01-23 17:45:57,OTHER,PAUSE,,,,,,,,,,,,,,,,,,,,,,,,,,,,,,,,,,,,,,,466.56368589401245,False
1737650757.6986742,2025-01-23 17:45:57,OTHER,PAUSE,,,,,,,,,,,,,,,,,,,,,,,,,,,,,,,,,,,,,,,466.68469309806824,False
1737650757.854683,2025-01-23 17:45:57,OTHER,PAUSE,,,,,,,,,,,,,,,,,,,,,,,,,,,,,,,,,,,,,,,466.8407018184662,False
1737650757.993691,2025-01-23 17:45:57,OTHER,PAUSE,,,,,,,,,,,,,,,,,,,,,,,,,,,,,,,,,,,,,,,466.9797098636627,False
1737650758.1326988,2025-01-23 17:45:58,OTHER,PAUSE,,,,,,,,,,,,,,,,,,,,,,,,,,,,,,,,,,,,,,,467.1187176704407,False
1737650758.2717068,2025-01-23 17:45:58,OTHER,PAUSE,,,,,,,,,,,,,,,,,,,,,,,,,,,,,,,,,,,,,,,467.2577257156372,False
1737650758.4357164,2025-01-23 17:45:58,OTHER,PAUSE,,,,,,,,,,,,,,,,,,,,,,,,,,,,,,,,,,,,,,,467.42173528671265,False
1737650758.570724,2025-01-23 17:45:58,OTHER,PAUSE,,,,,,,,,,,,,,,,,,,,,,,,,,,,,,,,,,,,,,,467.55674290657043,False
1737650758.7047317,2025-01-23 17:45:58,OTHER,PAUSE,,,,,,,,,,,,,,,,,,,,,,,,,,,,,,,,,,,,,,,467.69075059890747,False
1737650758.832739,2025-01-23 17:45:58,OTHER,PAUSE,,,,,,,,,,,,,,,,,,,,,,,,,,,,,,,,,,,,,,,467.81875801086426,False
1737650758.984748,2025-01-23 17:45:58,OTHER,PAUSE,,,,,,,,,,,,,,,,,,,,,,,,,,,,,,,,,,,,,,,467.9707667827606,False
1737650759.1257555,2025-01-23 17:45:59,OTHER,PAUSE,,,,,,,,,,,,,,,,,,,,,,,,,,,,,,,,,,,,,,,468.1117744445801,False
1737650759.2567632,2025-01-23 17:45:59,OTHER,PAUSE,,,,,,,,,,,,,,,,,,,,,,,,,,,,,,,,,,,,,,,468.2427821159363,False
1737650759.3847706,2025-01-23 17:45:59,OTHER,PAUSE,,,,,,,,,,,,,,,,,,,,,,,,,,,,,,,,,,,,,,,468.37078952789307,False
1737650759.5337791,2025-01-23 17:45:59,OTHER,PAUSE,,,,,,,,,,,,,,,,,,,,,,,,,,,,,,,,,,,,,,,468.51979804039,False
1737650759.6817875,2025-01-23 17:45:59,OTHER,PAUSE,,,,,,,,,,,,,,,,,,,,,,,,,,,,,,,,,,,,,,,468.66780638694763,False
1737650759.8037944,2025-01-23 17:45:59,OTHER,PAUSE,,,,,,,,,,,,,,,,,,,,,,,,,,,,,,,,,,,,,,,468.7898132801056,False
1737650759.9378023,2025-01-23 17:45:59,OTHER,PAUSE,,,,,,,,,,,,,,,,,,,,,,,,,,,,,,,,,,,,,,,468.9238212108612,False
1737650760.0688097,2025-01-23 17:46:00,OTHER,PAUSE,,,,,,,,,,,,,,,,,,,,,,,,,,,,,,,,,,,,,,,469.0548286437988,False
1737650760.2198184,2025-01-23 17:46:00,OTHER,PAUSE,,,,,,,,,,,,,,,,,,,,,,,,,,,,,,,,,,,,,,,469.20583724975586,False
1737650760.3688269,2025-01-23 17:46:00,OTHER,PAUSE,,,,,,,,,,,,,,,,,,,,,,,,,,,,,,,,,,,,,,,469.3548457622528,False
1737650760.5008342,2025-01-23 17:46:00,OTHER,PAUSE,,,,,,,,,,,,,,,,,,,,,,,,,,,,,,,,,,,,,,,469.4868531227112,False
1737650760.6248415,2025-01-23 17:46:00,OTHER,PAUSE,,,,,,,,,,,,,,,,,,,,,,,,,,,,,,,,,,,,,,,469.6108603477478,False
1737650760.7618494,2025-01-23 17:46:00,OTHER,PAUSE,,,,,,,,,,,,,,,,,,,,,,,,,,,,,,,,,,,,,,,469.74786829948425,False
1737650760.8908567,2025-01-23 17:46:00,OTHER,PAUSE,,,,,,,,,,,,,,,,,,,,,,,,,,,,,,,,,,,,,,,469.8768756389618,False
1737650761.0138636,2025-01-23 17:46:01,OTHER,PAUSE,,,,,,,,,,,,,,,,,,,,,,,,,,,,,,,,,,,,,,,469.9998824596405,False
1737650761.1458714,2025-01-23 17:46:01,OTHER,PAUSE,,,,,,,,,,,,,,,,,,,,,,,,,,,,,,,,,,,,,,,470.13189029693604,False
1737650761.2968798,2025-01-23 17:46:01,OTHER,PAUSE,,,,,,,,,,,,,,,,,,,,,,,,,,,,,,,,,,,,,,,470.2828986644745,False
1737650761.4298875,2025-01-23 17:46:01,OTHER,PAUSE,,,,,,,,,,,,,,,,,,,,,,,,,,,,,,,,,,,,,,,470.41590642929077,False
1737650761.5848966,2025-01-23 17:46:01,OTHER,PAUSE,,,,,,,,,,,,,,,,,,,,,,,,,,,,,,,,,,,,,,,470.57091546058655,False
1737650761.7119036,2025-01-23 17:46:01,OTHER,PAUSE,,,,,,,,,,,,,,,,,,,,,,,,,,,,,,,,,,,,,,,470.6979224681854,False
1737650761.8499115,2025-01-23 17:46:01,OTHER,PAUSE,,,,,,,,,,,,,,,,,,,,,,,,,,,,,,,,,,,,,,,470.8359303474426,False
1737650761.99292,2025-01-23 17:46:01,OTHER,PAUSE,,,,,,,,,,,,,,,,,,,,,,,,,,,,,,,,,,,,,,,470.9789388179779,False
1737650762.1279273,2025-01-23 17:46:02,OTHER,PAUSE,,,,,,,,,,,,,,,,,,,,,,,,,,,,,,,,,,,,,,,471.1139461994171,False
1737650762.261935,2025-01-23 17:46:02,OTHER,PAUSE,,,,,,,,,,,,,,,,,,,,,,,,,,,,,,,,,,,,,,,471.24795389175415,False
1737650762.3979428,2025-01-23 17:46:02,OTHER,PAUSE,,,,,,,,,,,,,,,,,,,,,,,,,,,,,,,,,,,,,,,471.38396167755127,False
1737650762.5479517,2025-01-23 17:46:02,OTHER,PAUSE,,,,,,,,,,,,,,,,,,,,,,,,,,,,,,,,,,,,,,,471.5339705944061,False
1737650762.679959,2025-01-23 17:46:02,OTHER,PAUSE,,,,,,,,,,,,,,,,,,,,,,,,,,,,,,,,,,,,,,,471.6659779548645,False
1737650762.7979658,2025-01-23 17:46:02,OTHER,PAUSE,,,,,,,,,,,,,,,,,,,,,,,,,,,,,,,,,,,,,,,471.7839846611023,False
1737650762.9529746,2025-01-23 17:46:02,OTHER,PAUSE,,,,,,,,,,,,,,,,,,,,,,,,,,,,,,,,,,,,,,,471.9389934539795,False
1737650763.0789819,2025-01-23 17:46:03,OTHER,PAUSE,,,,,,,,,,,,,,,,,,,,,,,,,,,,,,,,,,,,,,,472.0650007724762,False
1737650763.2119894,2025-01-23 17:46:03,OTHER,PAUSE,,,,,,,,,,,,,,,,,,,,,,,,,,,,,,,,,,,,,,,472.1980082988739,False
1737650763.340997,2025-01-23 17:46:03,OTHER,PAUSE,,,,,,,,,,,,,,,,,,,,,,,,,,,,,,,,,,,,,,,472.32701587677,False
1737650763.4890053,2025-01-23 17:46:03,OTHER,PAUSE,,,,,,,,,,,,,,,,,,,,,,,,,,,,,,,,,,,,,,,472.47502422332764,False
1737650763.6130126,2025-01-23 17:46:03,OTHER,PAUSE,,,,,,,,,,,,,,,,,,,,,,,,,,,,,,,,,,,,,,,472.59903144836426,False
1737650763.7380195,2025-01-23 17:46:03,OTHER,PAUSE,,,,,,,,,,,,,,,,,,,,,,,,,,,,,,,,,,,,,,,472.72403836250305,False
1737650763.8610265,2025-01-23 17:46:03,OTHER,PAUSE,,,,,,,,,,,,,,,,,,,,,,,,,,,,,,,,,,,,,,,472.84704542160034,False
1737650764.0000346,2025-01-23 17:46:04,OTHER,PAUSE,,,,,,,,,,,,,,,,,,,,,,,,,,,,,,,,,,,,,,,472.9860534667969,False
1737650764.1390426,2025-01-23 17:46:04,OTHER,PAUSE,,,,,,,,,,,,,,,,,,,,,,,,,,,,,,,,,,,,,,,473.1250615119934,False
1737650764.27305,2025-01-23 17:46:04,OTHER,PAUSE,,,,,,,,,,,,,,,,,,,,,,,,,,,,,,,,,,,,,,,473.25906896591187,False
1737650764.3960571,2025-01-23 17:46:04,OTHER,PAUSE,,,,,,,,,,,,,,,,,,,,,,,,,,,,,,,,,,,,,,,473.38207602500916,False
1737650764.5400653,2025-01-23 17:46:04,OTHER,PAUSE,,,,,,,,,,,,,,,,,,,,,,,,,,,,,,,,,,,,,,,473.5260841846466,False
1737650764.6780734,2025-01-23 17:46:04,OTHER,PAUSE,,,,,,,,,,,,,,,,,,,,,,,,,,,,,,,,,,,,,,,473.6640923023224,False
1737650764.813081,2025-01-23 17:46:04,OTHER,PAUSE,,,,,,,,,,,,,,,,,,,,,,,,,,,,,,,,,,,,,,,473.7990999221802,False
1737650764.936088,2025-01-23 17:46:04,OTHER,PAUSE,,,,,,,,,,,,,,,,,,,,,,,,,,,,,,,,,,,,,,,473.92210698127747,False
1737650765.0610952,2025-01-23 17:46:05,OTHER,PAUSE,,,,,,,,,,,,,,,,,,,,,,,,,,,,,,,,,,,,,,,474.04711413383484,False
1737650765.2071035,2025-01-23 17:46:05,OTHER,PAUSE,,,,,,,,,,,,,,,,,,,,,,,,,,,,,,,,,,,,,,,474.1931223869324,False
1737650765.3431115,2025-01-23 17:46:05,OTHER,PAUSE,,,,,,,,,,,,,,,,,,,,,,,,,,,,,,,,,,,,,,,474.32913041114807,False
1737650765.479119,2025-01-23 17:46:05,OTHER,PAUSE,,,,,,,,,,,,,,,,,,,,,,,,,,,,,,,,,,,,,,,474.4651379585266,False
1737650765.6101265,2025-01-23 17:46:05,OTHER,PAUSE,,,,,,,,,,,,,,,,,,,,,,,,,,,,,,,,,,,,,,,474.59614539146423,False
1737650765.759135,2025-01-23 17:46:05,OTHER,PAUSE,,,,,,,,,,,,,,,,,,,,,,,,,,,,,,,,,,,,,,,474.7451539039612,False
1737650765.8991432,2025-01-23 17:46:05,OTHER,PAUSE,,,,,,,,,,,,,,,,,,,,,,,,,,,,,,,,,,,,,,,474.88516211509705,False
1737650766.0341508,2025-01-23 17:46:06,OTHER,PAUSE,,,,,,,,,,,,,,,,,,,,,,,,,,,,,,,,,,,,,,,475.02016973495483,False
1737650766.164158,2025-01-23 17:46:06,OTHER,PAUSE,,,,,,,,,,,,,,,,,,,,,,,,,,,,,,,,,,,,,,,475.1501770019531,False
1737650766.3301678,2025-01-23 17:46:06,OTHER,PAUSE,,,,,,,,,,,,,,,,,,,,,,,,,,,,,,,,,,,,,,,475.31618666648865,False
1737650766.459175,2025-01-23 17:46:06,OTHER,PAUSE,,,,,,,,,,,,,,,,,,,,,,,,,,,,,,,,,,,,,,,475.4451940059662,False
1737650766.5921829,2025-01-23 17:46:06,OTHER,PAUSE,,,,,,,,,,,,,,,,,,,,,,,,,,,,,,,,,,,,,,,475.57820177078247,False
1737650766.7181902,2025-01-23 17:46:06,OTHER,PAUSE,,,,,,,,,,,,,,,,,,,,,,,,,,,,,,,,,,,,,,,475.7042090892792,False
1737650766.8741987,2025-01-23 17:46:06,OTHER,PAUSE,,,,,,,,,,,,,,,,,,,,,,,,,,,,,,,,,,,,,,,475.86021757125854,False
1737650767.0102067,2025-01-23 17:46:07,OTHER,PAUSE,,,,,,,,,,,,,,,,,,,,,,,,,,,,,,,,,,,,,,,475.99622559547424,False
1737650767.1432142,2025-01-23 17:46:07,OTHER,PAUSE,,,,,,,,,,,,,,,,,,,,,,,,,,,,,,,,,,,,,,,476.12923312187195,False
1737650767.2832222,2025-01-23 17:46:07,OTHER,PAUSE,,,,,,,,,,,,,,,,,,,,,,,,,,,,,,,,,,,,,,,476.26924109458923,False
1737650767.4642327,2025-01-23 17:46:07,OTHER,PAUSE,,,,,,,,,,,,,,,,,,,,,,,,,,,,,,,,,,,,,,,476.45025157928467,False
1737650767.666244,2025-01-23 17:46:07,OTHER,PAUSE,,,,,,,,,,,,,,,,,,,,,,,,,,,,,,,,,,,,,,,476.6522629261017,False
1737650767.8502545,2025-01-23 17:46:07,OTHER,PAUSE,,,,,,,,,,,,,,,,,,,,,,,,,,,,,,,,,,,,,,,476.83627343177795,False
1737650768.0372653,2025-01-23 17:46:08,OTHER,PAUSE,,,,,,,,,,,,,,,,,,,,,,,,,,,,,,,,,,,,,,,477.02328419685364,False
1737650768.1782734,2025-01-23 17:46:08,OTHER,PAUSE,,,,,,,,,,,,,,,,,,,,,,,,,,,,,,,,,,,,,,,477.16429233551025,False
1737650768.3022807,2025-01-23 17:46:08,OTHER,PAUSE,,,,,,,,,,,,,,,,,,,,,,,,,,,,,,,,,,,,,,,477.2882995605469,False
1737650768.433288,2025-01-23 17:46:08,OTHER,PAUSE,,,,,,,,,,,,,,,,,,,,,,,,,,,,,,,,,,,,,,,477.4193069934845,False
1737650768.5702958,2025-01-23 17:46:08,OTHER,PAUSE,,,,,,,,,,,,,,,,,,,,,,,,,,,,,,,,,,,,,,,477.55631470680237,False
1737650768.6963031,2025-01-23 17:46:08,OTHER,PAUSE,,,,,,,,,,,,,,,,,,,,,,,,,,,,,,,,,,,,,,,477.6823220252991,False
1737650768.8373113,2025-01-23 17:46:08,OTHER,PAUSE,,,,,,,,,,,,,,,,,,,,,,,,,,,,,,,,,,,,,,,477.8233301639557,False
1737650768.9813194,2025-01-23 17:46:08,OTHER,PAUSE,,,,,,,,,,,,,,,,,,,,,,,,,,,,,,,,,,,,,,,477.96733832359314,False
1737650769.1023262,2025-01-23 17:46:09,OTHER,PAUSE,,,,,,,,,,,,,,,,,,,,,,,,,,,,,,,,,,,,,,,478.08834505081177,False
1737650769.255335,2025-01-23 17:46:09,OTHER,PAUSE,,,,,,,,,,,,,,,,,,,,,,,,,,,,,,,,,,,,,,,478.24135398864746,False
1737650769.3913429,2025-01-23 17:46:09,OTHER,PAUSE,,,,,,,,,,,,,,,,,,,,,,,,,,,,,,,,,,,,,,,478.3773617744446,False
1737650769.5413513,2025-01-23 17:46:09,OTHER,PAUSE,,,,,,,,,,,,,,,,,,,,,,,,,,,,,,,,,,,,,,,478.5273702144623,False
1737650769.6783593,2025-01-23 17:46:09,OTHER,PAUSE,,,,,,,,,,,,,,,,,,,,,,,,,,,,,,,,,,,,,,,478.66437816619873,False
1737650769.8203673,2025-01-23 17:46:09,OTHER,PAUSE,,,,,,,,,,,,,,,,,,,,,,,,,,,,,,,,,,,,,,,478.8063862323761,False
1737650769.9583755,2025-01-23 17:46:09,OTHER,PAUSE,,,,,,,,,,,,,,,,,,,,,,,,,,,,,,,,,,,,,,,478.9443943500519,False
1737650770.094383,2025-01-23 17:46:10,OTHER,PAUSE,,,,,,,,,,,,,,,,,,,,,,,,,,,,,,,,,,,,,,,479.0804018974304,False
1737650770.228391,2025-01-23 17:46:10,OTHER,PAUSE,,,,,,,,,,,,,,,,,,,,,,,,,,,,,,,,,,,,,,,479.21440982818604,False
1737650770.374399,2025-01-23 17:46:10,OTHER,PAUSE,,,,,,,,,,,,,,,,,,,,,,,,,,,,,,,,,,,,,,,479.360417842865,False
1737650770.5144072,2025-01-23 17:46:10,OTHER,PAUSE,,,,,,,,,,,,,,,,,,,,,,,,,,,,,,,,,,,,,,,479.50042605400085,False
1737650770.650415,2025-01-23 17:46:10,OTHER,PAUSE,,,,,,,,,,,,,,,,,,,,,,,,,,,,,,,,,,,,,,,479.636433839798,False
1737650770.805424,2025-01-23 17:46:10,OTHER,PAUSE,,,,,,,,,,,,,,,,,,,,,,,,,,,,,,,,,,,,,,,479.79144287109375,False
1737650770.9544322,2025-01-23 17:46:10,OTHER,PAUSE,,,,,,,,,,,,,,,,,,,,,,,,,,,,,,,,,,,,,,,479.9404511451721,False
1737650771.08944,2025-01-23 17:46:11,OTHER,PAUSE,,,,,,,,,,,,,,,,,,,,,,,,,,,,,,,,,,,,,,,480.0754590034485,False
1737650771.212447,2025-01-23 17:46:11,OTHER,PAUSE,,,,,,,,,,,,,,,,,,,,,,,,,,,,,,,,,,,,,,,480.1984658241272,False
1737650771.3394542,2025-01-23 17:46:11,OTHER,PAUSE,,,,,,,,,,,,,,,,,,,,,,,,,,,,,,,,,,,,,,,480.32547307014465,False
1737650771.492463,2025-01-23 17:46:11,OTHER,PAUSE,,,,,,,,,,,,,,,,,,,,,,,,,,,,,,,,,,,,,,,480.47848200798035,False
1737650771.6364713,2025-01-23 17:46:11,OTHER,PAUSE,,,,,,,,,,,,,,,,,,,,,,,,,,,,,,,,,,,,,,,480.6224901676178,False
1737650771.7774794,2025-01-23 17:46:11,OTHER,PAUSE,,,,,,,,,,,,,,,,,,,,,,,,,,,,,,,,,,,,,,,480.7634983062744,False
1737650771.9014866,2025-01-23 17:46:11,OTHER,PAUSE,,,,,,,,,,,,,,,,,,,,,,,,,,,,,,,,,,,,,,,480.88750553131104,False
1737650772.053495,2025-01-23 17:46:12,OTHER,PAUSE,,,,,,,,,,,,,,,,,,,,,,,,,,,,,,,,,,,,,,,481.03951382637024,False
1737650772.1995037,2025-01-23 17:46:12,OTHER,PAUSE,,,,,,,,,,,,,,,,,,,,,,,,,,,,,,,,,,,,,,,481.18552255630493,False
1737650772.3575125,2025-01-23 17:46:12,OTHER,PAUSE,,,,,,,,,,,,,,,,,,,,,,,,,,,,,,,,,,,,,,,481.34353137016296,False
1737650772.48852,2025-01-23 17:46:12,OTHER,PAUSE,,,,,,,,,,,,,,,,,,,,,,,,,,,,,,,,,,,,,,,481.4745388031006,False
1737650772.6365285,2025-01-23 17:46:12,OTHER,PAUSE,,,,,,,,,,,,,,,,,,,,,,,,,,,,,,,,,,,,,,,481.6225473880768,False
1737650772.7705362,2025-01-23 17:46:12,OTHER,PAUSE,,,,,,,,,,,,,,,,,,,,,,,,,,,,,,,,,,,,,,,481.7565550804138,False
1737650772.9105442,2025-01-23 17:46:12,OTHER,PAUSE,,,,,,,,,,,,,,,,,,,,,,,,,,,,,,,,,,,,,,,481.8965630531311,False
1737650773.0355513,2025-01-23 17:46:13,OTHER,PAUSE,,,,,,,,,,,,,,,,,,,,,,,,,,,,,,,,,,,,,,,482.0215702056885,False
1737650773.1895602,2025-01-23 17:46:13,OTHER,PAUSE,,,,,,,,,,,,,,,,,,,,,,,,,,,,,,,,,,,,,,,482.1755790710449,False
1737650773.3335686,2025-01-23 17:46:13,OTHER,PAUSE,,,,,,,,,,,,,,,,,,,,,,,,,,,,,,,,,,,,,,,482.31958746910095,False
1737650773.4735765,2025-01-23 17:46:13,OTHER,PAUSE,,,,,,,,,,,,,,,,,,,,,,,,,,,,,,,,,,,,,,,482.45959544181824,False
1737650773.6015837,2025-01-23 17:46:13,OTHER,PAUSE,,,,,,,,,,,,,,,,,,,,,,,,,,,,,,,,,,,,,,,482.58760261535645,False
1737650773.762593,2025-01-23 17:46:13,OTHER,PAUSE,,,,,,,,,,,,,,,,,,,,,,,,,,,,,,,,,,,,,,,482.74861192703247,False
1737650773.9176018,2025-01-23 17:46:13,OTHER,PAUSE,,,,,,,,,,,,,,,,,,,,,,,,,,,,,,,,,,,,,,,482.90362071990967,False
1737650774.0546098,2025-01-23 17:46:14,OTHER,PAUSE,,,,,,,,,,,,,,,,,,,,,,,,,,,,,,,,,,,,,,,483.0406286716461,False
1737650774.1786165,2025-01-23 17:46:14,OTHER,PAUSE,,,,,,,,,,,,,,,,,,,,,,,,,,,,,,,,,,,,,,,483.1646354198456,False
1737650774.3356256,2025-01-23 17:46:14,OTHER,PAUSE,,,,,,,,,,,,,,,,,,,,,,,,,,,,,,,,,,,,,,,483.32164454460144,False
1737650774.4736335,2025-01-23 17:46:14,OTHER,PAUSE,,,,,,,,,,,,,,,,,,,,,,,,,,,,,,,,,,,,,,,483.45965242385864,False
1737650774.6096413,2025-01-23 17:46:14,OTHER,PAUSE,,,,,,,,,,,,,,,,,,,,,,,,,,,,,,,,,,,,,,,483.59566020965576,False
1737650774.7376487,2025-01-23 17:46:14,OTHER,PAUSE,,,,,,,,,,,,,,,,,,,,,,,,,,,,,,,,,,,,,,,483.72366762161255,False
1737650774.9066584,2025-01-23 17:46:14,OTHER,PAUSE,,,,,,,,,,,,,,,,,,,,,,,,,,,,,,,,,,,,,,,483.8926773071289,False
1737650775.0496666,2025-01-23 17:46:15,OTHER,PAUSE,,,,,,,,,,,,,,,,,,,,,,,,,,,,,,,,,,,,,,,484.0356855392456,False
1737650775.176674,2025-01-23 17:46:15,OTHER,PAUSE,,,,,,,,,,,,,,,,,,,,,,,,,,,,,,,,,,,,,,,484.16269278526306,False
1737650775.3046813,2025-01-23 17:46:15,OTHER,PAUSE,,,,,,,,,,,,,,,,,,,,,,,,,,,,,,,,,,,,,,,484.29070019721985,False
1737650775.4706905,2025-01-23 17:46:15,OTHER,PAUSE,,,,,,,,,,,,,,,,,,,,,,,,,,,,,,,,,,,,,,,484.4567093849182,False
1737650775.6196992,2025-01-23 17:46:15,OTHER,PAUSE,,,,,,,,,,,,,,,,,,,,,,,,,,,,,,,,,,,,,,,484.60571813583374,False
1737650775.7527068,2025-01-23 17:46:15,OTHER,PAUSE,,,,,,,,,,,,,,,,,,,,,,,,,,,,,,,,,,,,,,,484.73872566223145,False
1737650775.8787138,2025-01-23 17:46:15,OTHER,PAUSE,,,,,,,,,,,,,,,,,,,,,,,,,,,,,,,,,,,,,,,484.86473274230957,False
1737650776.035723,2025-01-23 17:46:16,OTHER,PAUSE,,,,,,,,,,,,,,,,,,,,,,,,,,,,,,,,,,,,,,,485.02174186706543,False
1737650776.1647303,2025-01-23 17:46:16,OTHER,PAUSE,,,,,,,,,,,,,,,,,,,,,,,,,,,,,,,,,,,,,,,485.15074920654297,False
1737650776.315739,2025-01-23 17:46:16,OTHER,PAUSE,,,,,,,,,,,,,,,,,,,,,,,,,,,,,,,,,,,,,,,485.3017578125,False
1737650776.4417462,2025-01-23 17:46:16,OTHER,PAUSE,,,,,,,,,,,,,,,,,,,,,,,,,,,,,,,,,,,,,,,485.4277651309967,False
1737650776.6047554,2025-01-23 17:46:16,OTHER,PAUSE,,,,,,,,,,,,,,,,,,,,,,,,,,,,,,,,,,,,,,,485.59077429771423,False
1737650776.7397633,2025-01-23 17:46:16,OTHER,PAUSE,,,,,,,,,,,,,,,,,,,,,,,,,,,,,,,,,,,,,,,485.7257821559906,False
1737650776.873771,2025-01-23 17:46:16,OTHER,PAUSE,,,,,,,,,,,,,,,,,,,,,,,,,,,,,,,,,,,,,,,485.85978984832764,False
1737650776.997778,2025-01-23 17:46:16,OTHER,PAUSE,,,,,,,,,,,,,,,,,,,,,,,,,,,,,,,,,,,,,,,485.9837968349457,False
1737650777.1497867,2025-01-23 17:46:17,OTHER,PAUSE,,,,,,,,,,,,,,,,,,,,,,,,,,,,,,,,,,,,,,,486.13580560684204,False
1737650777.2887945,2025-01-23 17:46:17,OTHER,PAUSE,,,,,,,,,,,,,,,,,,,,,,,,,,,,,,,,,,,,,,,486.27481341362,False
1737650777.4698048,2025-01-23 17:46:17,OTHER,PAUSE,,,,,,,,,,,,,,,,,,,,,,,,,,,,,,,,,,,,,,,486.45582365989685,False
1737650777.593812,2025-01-23 17:46:17,OTHER,PAUSE,,,,,,,,,,,,,,,,,,,,,,,,,,,,,,,,,,,,,,,486.5798308849335,False
1737650777.7418203,2025-01-23 17:46:17,OTHER,PAUSE,,,,,,,,,,,,,,,,,,,,,,,,,,,,,,,,,,,,,,,486.7278392314911,False
1737650777.8928292,2025-01-23 17:46:17,OTHER,PAUSE,,,,,,,,,,,,,,,,,,,,,,,,,,,,,,,,,,,,,,,486.8788480758667,False
1737650778.0338373,2025-01-23 17:46:18,OTHER,PAUSE,,,,,,,,,,,,,,,,,,,,,,,,,,,,,,,,,,,,,,,487.0198562145233,False
1737650778.1778455,2025-01-23 17:46:18,OTHER,PAUSE,,,,,,,,,,,,,,,,,,,,,,,,,,,,,,,,,,,,,,,487.16386437416077,False
1737650778.3298542,2025-01-23 17:46:18,OTHER,PAUSE,,,,,,,,,,,,,,,,,,,,,,,,,,,,,,,,,,,,,,,487.31587314605713,False
1737650778.4618616,2025-01-23 17:46:18,OTHER,PAUSE,,,,,,,,,,,,,,,,,,,,,,,,,,,,,,,,,,,,,,,487.4478805065155,False
1737650778.5968695,2025-01-23 17:46:18,OTHER,PAUSE,,,,,,,,,,,,,,,,,,,,,,,,,,,,,,,,,,,,,,,487.58288836479187,False
1737650778.745878,2025-01-23 17:46:18,OTHER,PAUSE,,,,,,,,,,,,,,,,,,,,,,,,,,,,,,,,,,,,,,,487.7318968772888,False
1737650778.888886,2025-01-23 17:46:18,OTHER,PAUSE,,,,,,,,,,,,,,,,,,,,,,,,,,,,,,,,,,,,,,,487.87490487098694,False
1737650779.0318942,2025-01-23 17:46:19,OTHER,PAUSE,,,,,,,,,,,,,,,,,,,,,,,,,,,,,,,,,,,,,,,488.01791310310364,False
1737650779.1569014,2025-01-23 17:46:19,OTHER,PAUSE,,,,,,,,,,,,,,,,,,,,,,,,,,,,,,,,,,,,,,,488.142920255661,False
1737650779.30591,2025-01-23 17:46:19,OTHER,PAUSE,,,,,,,,,,,,,,,,,,,,,,,,,,,,,,,,,,,,,,,488.29192900657654,False
1737650779.4349174,2025-01-23 17:46:19,OTHER,PAUSE,,,,,,,,,,,,,,,,,,,,,,,,,,,,,,,,,,,,,,,488.4209363460541,False
1737650779.5769255,2025-01-23 17:46:19,OTHER,PAUSE,,,,,,,,,,,,,,,,,,,,,,,,,,,,,,,,,,,,,,,488.56294441223145,False
1737650779.6999323,2025-01-23 17:46:19,OTHER,PAUSE,,,,,,,,,,,,,,,,,,,,,,,,,,,,,,,,,,,,,,,488.68595123291016,False
1737650779.8479412,2025-01-23 17:46:19,OTHER,PAUSE,,,,,,,,,,,,,,,,,,,,,,,,,,,,,,,,,,,,,,,488.83396005630493,False
1737650779.9949493,2025-01-23 17:46:19,OTHER,PAUSE,,,,,,,,,,,,,,,,,,,,,,,,,,,,,,,,,,,,,,,488.9809682369232,False
1737650780.127957,2025-01-23 17:46:20,OTHER,PAUSE,,,,,,,,,,,,,,,,,,,,,,,,,,,,,,,,,,,,,,,489.1139760017395,False
1737650780.2609646,2025-01-23 17:46:20,OTHER,PAUSE,,,,,,,,,,,,,,,,,,,,,,,,,,,,,,,,,,,,,,,489.2469835281372,False
1737650780.4049728,2025-01-23 17:46:20,OTHER,PAUSE,,,,,,,,,,,,,,,,,,,,,,,,,,,,,,,,,,,,,,,489.39099168777466,False
1737650780.5469809,2025-01-23 17:46:20,OTHER,PAUSE,,,,,,,,,,,,,,,,,,,,,,,,,,,,,,,,,,,,,,,489.532999753952,False
1737650780.6969895,2025-01-23 17:46:20,OTHER,PAUSE,,,,,,,,,,,,,,,,,,,,,,,,,,,,,,,,,,,,,,,489.6830084323883,False
1737650780.8359973,2025-01-23 17:46:20,OTHER,PAUSE,,,,,,,,,,,,,,,,,,,,,,,,,,,,,,,,,,,,,,,489.82201623916626,False
1737650780.9950068,2025-01-23 17:46:20,OTHER,PAUSE,,,,,,,,,,,,,,,,,,,,,,,,,,,,,,,,,,,,,,,489.9810256958008,False
1737650781.140015,2025-01-23 17:46:21,OTHER,PAUSE,,,,,,,,,,,,,,,,,,,,,,,,,,,,,,,,,,,,,,,490.126033782959,False
1737650781.2710223,2025-01-23 17:46:21,OTHER,PAUSE,,,,,,,,,,,,,,,,,,,,,,,,,,,,,,,,,,,,,,,490.2570412158966,False
1737650781.4170306,2025-01-23 17:46:21,OTHER,PAUSE,,,,,,,,,,,,,,,,,,,,,,,,,,,,,,,,,,,,,,,490.40304946899414,False
1737650781.5750396,2025-01-23 17:46:21,OTHER,PAUSE,,,,,,,,,,,,,,,,,,,,,,,,,,,,,,,,,,,,,,,490.56105852127075,False
1737650781.719048,2025-01-23 17:46:21,OTHER,PAUSE,,,,,,,,,,,,,,,,,,,,,,,,,,,,,,,,,,,,,,,490.7050669193268,False
1737650781.8620563,2025-01-23 17:46:21,OTHER,PAUSE,,,,,,,,,,,,,,,,,,,,,,,,,,,,,,,,,,,,,,,490.8480751514435,False
1737650781.9880636,2025-01-23 17:46:21,OTHER,PAUSE,,,,,,,,,,,,,,,,,,,,,,,,,,,,,,,,,,,,,,,490.9740824699402,False
1737650782.1450725,2025-01-23 17:46:22,OTHER,PAUSE,,,,,,,,,,,,,,,,,,,,,,,,,,,,,,,,,,,,,,,491.13109135627747,False
1737650782.28108,2025-01-23 17:46:22,OTHER,PAUSE,,,,,,,,,,,,,,,,,,,,,,,,,,,,,,,,,,,,,,,491.267098903656,False
1737650782.4140878,2025-01-23 17:46:22,OTHER,PAUSE,,,,,,,,,,,,,,,,,,,,,,,,,,,,,,,,,,,,,,,491.4001066684723,False
1737650782.5460954,2025-01-23 17:46:22,OTHER,PAUSE,,,,,,,,,,,,,,,,,,,,,,,,,,,,,,,,,,,,,,,491.53211426734924,False
1737650782.6951036,2025-01-23 17:46:22,OTHER,PAUSE,,,,,,,,,,,,,,,,,,,,,,,,,,,,,,,,,,,,,,,491.6811225414276,False
1737650782.854113,2025-01-23 17:46:22,OTHER,PAUSE,,,,,,,,,,,,,,,,,,,,,,,,,,,,,,,,,,,,,,,491.84013199806213,False
1737650782.997121,2025-01-23 17:46:22,OTHER,PAUSE,,,,,,,,,,,,,,,,,,,,,,,,,,,,,,,,,,,,,,,491.98313999176025,False
1737650783.1231284,2025-01-23 17:46:23,OTHER,PAUSE,,,,,,,,,,,,,,,,,,,,,,,,,,,,,,,,,,,,,,,492.10914731025696,False
1737650783.306139,2025-01-23 17:46:23,OTHER,PAUSE,,,,,,,,,,,,,,,,,,,,,,,,,,,,,,,,,,,,,,,492.2921578884125,False
1737650783.4881492,2025-01-23 17:46:23,OTHER,PAUSE,,,,,,,,,,,,,,,,,,,,,,,,,,,,,,,,,,,,,,,492.4741680622101,False
1737650783.6521587,2025-01-23 17:46:23,OTHER,PAUSE,,,,,,,,,,,,,,,,,,,,,,,,,,,,,,,,,,,,,,,492.6381776332855,False
1737650783.8411694,2025-01-23 17:46:23,OTHER,PAUSE,,,,,,,,,,,,,,,,,,,,,,,,,,,,,,,,,,,,,,,492.8271882534027,False
1737650784.0121791,2025-01-23 17:46:24,OTHER,PAUSE,,,,,,,,,,,,,,,,,,,,,,,,,,,,,,,,,,,,,,,492.99819803237915,False
1737650784.166188,2025-01-23 17:46:24,OTHER,PAUSE,,,,,,,,,,,,,,,,,,,,,,,,,,,,,,,,,,,,,,,493.1522068977356,False
1737650784.2991958,2025-01-23 17:46:24,OTHER,PAUSE,,,,,,,,,,,,,,,,,,,,,,,,,,,,,,,,,,,,,,,493.2852146625519,False
1737650784.4542043,2025-01-23 17:46:24,OTHER,PAUSE,,,,,,,,,,,,,,,,,,,,,,,,,,,,,,,,,,,,,,,493.4402232170105,False
1737650784.5882123,2025-01-23 17:46:24,OTHER,PAUSE,,,,,,,,,,,,,,,,,,,,,,,,,,,,,,,,,,,,,,,493.5742311477661,False
1737650784.7242198,2025-01-23 17:46:24,OTHER,PAUSE,,,,,,,,,,,,,,,,,,,,,,,,,,,,,,,,,,,,,,,493.71023869514465,False
1737650784.8562274,2025-01-23 17:46:24,OTHER,PAUSE,,,,,,,,,,,,,,,,,,,,,,,,,,,,,,,,,,,,,,,493.8422462940216,False
1737650785.0122364,2025-01-23 17:46:25,OTHER,PAUSE,,,,,,,,,,,,,,,,,,,,,,,,,,,,,,,,,,,,,,,493.99825525283813,False
1737650785.1542447,2025-01-23 17:46:25,OTHER,PAUSE,,,,,,,,,,,,,,,,,,,,,,,,,,,,,,,,,,,,,,,494.1402635574341,False
1737650785.2872522,2025-01-23 17:46:25,OTHER,PAUSE,,,,,,,,,,,,,,,,,,,,,,,,,,,,,,,,,,,,,,,494.2732710838318,False
1737650785.445261,2025-01-23 17:46:25,OTHER,PAUSE,,,,,,,,,,,,,,,,,,,,,,,,,,,,,,,,,,,,,,,494.4312798976898,False
1737650785.5832691,2025-01-23 17:46:25,OTHER,PAUSE,,,,,,,,,,,,,,,,,,,,,,,,,,,,,,,,,,,,,,,494.5692880153656,False
1737650785.7122765,2025-01-23 17:46:25,OTHER,PAUSE,,,,,,,,,,,,,,,,,,,,,,,,,,,,,,,,,,,,,,,494.69829535484314,False
1737650785.8522844,2025-01-23 17:46:25,OTHER,PAUSE,,,,,,,,,,,,,,,,,,,,,,,,,,,,,,,,,,,,,,,494.8383033275604,False
1737650785.9842918,2025-01-23 17:46:25,OTHER,PAUSE,,,,,,,,,,,,,,,,,,,,,,,,,,,,,,,,,,,,,,,494.9703106880188,False
1737650786.1323004,2025-01-23 17:46:26,OTHER,PAUSE,,,,,,,,,,,,,,,,,,,,,,,,,,,,,,,,,,,,,,,495.118319272995,False
1737650786.2873094,2025-01-23 17:46:26,OTHER,PAUSE,,,,,,,,,,,,,,,,,,,,,,,,,,,,,,,,,,,,,,,495.27332830429077,False
1737650786.4323177,2025-01-23 17:46:26,OTHER,PAUSE,,,,,,,,,,,,,,,,,,,,,,,,,,,,,,,,,,,,,,,495.41833662986755,False
1737650786.576326,2025-01-23 17:46:26,OTHER,PAUSE,,,,,,,,,,,,,,,,,,,,,,,,,,,,,,,,,,,,,,,495.562344789505,False
1737650786.7143338,2025-01-23 17:46:26,OTHER,PAUSE,,,,,,,,,,,,,,,,,,,,,,,,,,,,,,,,,,,,,,,495.7003526687622,False
1737650786.8693428,2025-01-23 17:46:26,OTHER,PAUSE,,,,,,,,,,,,,,,,,,,,,,,,,,,,,,,,,,,,,,,495.855361700058,False
1737650786.9953496,2025-01-23 17:46:26,OTHER,PAUSE,,,,,,,,,,,,,,,,,,,,,,,,,,,,,,,,,,,,,,,495.98136854171753,False
1737650787.1663597,2025-01-23 17:46:27,OTHER,PAUSE,,,,,,,,,,,,,,,,,,,,,,,,,,,,,,,,,,,,,,,496.15237855911255,False
1737650787.3193681,2025-01-23 17:46:27,OTHER,PAUSE,,,,,,,,,,,,,,,,,,,,,,,,,,,,,,,,,,,,,,,496.3053870201111,False
1737650787.473377,2025-01-23 17:46:27,OTHER,PAUSE,,,,,,,,,,,,,,,,,,,,,,,,,,,,,,,,,,,,,,,496.45939588546753,False
1737650787.6133852,2025-01-23 17:46:27,OTHER,PAUSE,,,,,,,,,,,,,,,,,,,,,,,,,,,,,,,,,,,,,,,496.5994040966034,False
1737650787.7643938,2025-01-23 17:46:27,OTHER,PAUSE,,,,,,,,,,,,,,,,,,,,,,,,,,,,,,,,,,,,,,,496.7504127025604,False
1737650787.924403,2025-01-23 17:46:27,OTHER,PAUSE,,,,,,,,,,,,,,,,,,,,,,,,,,,,,,,,,,,,,,,496.9104218482971,False
1737650788.0524101,2025-01-23 17:46:28,OTHER,PAUSE,,,,,,,,,,,,,,,,,,,,,,,,,,,,,,,,,,,,,,,497.0384290218353,False
1737650788.1874182,2025-01-23 17:46:28,OTHER,PAUSE,,,,,,,,,,,,,,,,,,,,,,,,,,,,,,,,,,,,,,,497.1734371185303,False
1737650788.3424268,2025-01-23 17:46:28,OTHER,PAUSE,,,,,,,,,,,,,,,,,,,,,,,,,,,,,,,,,,,,,,,497.3284456729889,False
1737650788.4924355,2025-01-23 17:46:28,OTHER,PAUSE,,,,,,,,,,,,,,,,,,,,,,,,,,,,,,,,,,,,,,,497.47845435142517,False
1737650788.626443,2025-01-23 17:46:28,OTHER,PAUSE,,,,,,,,,,,,,,,,,,,,,,,,,,,,,,,,,,,,,,,497.6124618053436,False
1737650788.7854524,2025-01-23 17:46:28,OTHER,PAUSE,,,,,,,,,,,,,,,,,,,,,,,,,,,,,,,,,,,,,,,497.77147126197815,False
1737650788.9254603,2025-01-23 17:46:28,OTHER,PAUSE,,,,,,,,,,,,,,,,,,,,,,,,,,,,,,,,,,,,,,,497.91147923469543,False
1737650789.0834694,2025-01-23 17:46:29,OTHER,PAUSE,,,,,,,,,,,,,,,,,,,,,,,,,,,,,,,,,,,,,,,498.06948828697205,False
1737650789.2104766,2025-01-23 17:46:29,OTHER,PAUSE,,,,,,,,,,,,,,,,,,,,,,,,,,,,,,,,,,,,,,,498.1964955329895,False
1737650789.3684855,2025-01-23 17:46:29,OTHER,PAUSE,,,,,,,,,,,,,,,,,,,,,,,,,,,,,,,,,,,,,,,498.35450434684753,False
1737650789.5064933,2025-01-23 17:46:29,OTHER,PAUSE,,,,,,,,,,,,,,,,,,,,,,,,,,,,,,,,,,,,,,,498.49251222610474,False
1737650789.6415012,2025-01-23 17:46:29,OTHER,PAUSE,,,,,,,,,,,,,,,,,,,,,,,,,,,,,,,,,,,,,,,498.6275200843811,False
1737650789.7725086,2025-01-23 17:46:29,OTHER,PAUSE,,,,,,,,,,,,,,,,,,,,,,,,,,,,,,,,,,,,,,,498.7585275173187,False
1737650789.9185169,2025-01-23 17:46:29,OTHER,PAUSE,,,,,,,,,,,,,,,,,,,,,,,,,,,,,,,,,,,,,,,498.90453577041626,False
1737650790.0645254,2025-01-23 17:46:30,OTHER,PAUSE,,,,,,,,,,,,,,,,,,,,,,,,,,,,,,,,,,,,,,,499.0505442619324,False
1737650790.200533,2025-01-23 17:46:30,OTHER,PAUSE,,,,,,,,,,,,,,,,,,,,,,,,,,,,,,,,,,,,,,,499.1865518093109,False
1737650790.3265402,2025-01-23 17:46:30,OTHER,PAUSE,,,,,,,,,,,,,,,,,,,,,,,,,,,,,,,,,,,,,,,499.3125591278076,False
1737650790.4875495,2025-01-23 17:46:30,OTHER,PAUSE,,,,,,,,,,,,,,,,,,,,,,,,,,,,,,,,,,,,,,,499.47356843948364,False
1737650790.634558,2025-01-23 17:46:30,OTHER,PAUSE,,,,,,,,,,,,,,,,,,,,,,,,,,,,,,,,,,,,,,,499.6205768585205,False
1737650790.7775662,2025-01-23 17:46:30,OTHER,PAUSE,,,,,,,,,,,,,,,,,,,,,,,,,,,,,,,,,,,,,,,499.7635850906372,False
1737650790.9085736,2025-01-23 17:46:30,OTHER,PAUSE,,,,,,,,,,,,,,,,,,,,,,,,,,,,,,,,,,,,,,,499.89459252357483,False
1737650791.0605824,2025-01-23 17:46:31,OTHER,PAUSE,,,,,,,,,,,,,,,,,,,,,,,,,,,,,,,,,,,,,,,500.0466012954712,False
1737650791.2045906,2025-01-23 17:46:31,OTHER,PAUSE,,,,,,,,,,,,,,,,,,,,,,,,,,,,,,,,,,,,,,,500.19060945510864,False
1737650791.3415985,2025-01-23 17:46:31,OTHER,PAUSE,,,,,,,,,,,,,,,,,,,,,,,,,,,,,,,,,,,,,,,500.3276174068451,False
1737650791.4766061,2025-01-23 17:46:31,OTHER,PAUSE,,,,,,,,,,,,,,,,,,,,,,,,,,,,,,,,,,,,,,,500.4626250267029,False
1737650791.6296148,2025-01-23 17:46:31,OTHER,PAUSE,,,,,,,,,,,,,,,,,,,,,,,,,,,,,,,,,,,,,,,500.61563372612,False
1737650791.7606223,2025-01-23 17:46:31,OTHER,PAUSE,,,,,,,,,,,,,,,,,,,,,,,,,,,,,,,,,,,,,,,500.7466411590576,False
1737650791.9026303,2025-01-23 17:46:31,OTHER,PAUSE,,,,,,,,,,,,,,,,,,,,,,,,,,,,,,,,,,,,,,,500.888649225235,False
1737650792.0306377,2025-01-23 17:46:32,OTHER,PAUSE,,,,,,,,,,,,,,,,,,,,,,,,,,,,,,,,,,,,,,,501.0166566371918,False
1737650792.1816463,2025-01-23 17:46:32,OTHER,PAUSE,,,,,,,,,,,,,,,,,,,,,,,,,,,,,,,,,,,,,,,501.1676652431488,False
1737650792.3196545,2025-01-23 17:46:32,OTHER,PAUSE,,,,,,,,,,,,,,,,,,,,,,,,,,,,,,,,,,,,,,,501.3056733608246,False
1737650792.4756632,2025-01-23 17:46:32,OTHER,PAUSE,,,,,,,,,,,,,,,,,,,,,,,,,,,,,,,,,,,,,,,501.46168208122253,False
1737650792.6016705,2025-01-23 17:46:32,OTHER,PAUSE,,,,,,,,,,,,,,,,,,,,,,,,,,,,,,,,,,,,,,,501.58768939971924,False
1737650792.7586794,2025-01-23 17:46:32,OTHER,PAUSE,,,,,,,,,,,,,,,,,,,,,,,,,,,,,,,,,,,,,,,501.7446982860565,False
1737650792.892687,2025-01-23 17:46:32,OTHER,PAUSE,,,,,,,,,,,,,,,,,,,,,,,,,,,,,,,,,,,,,,,501.87870597839355,False
1737650793.030695,2025-01-23 17:46:33,OTHER,PAUSE,,,,,,,,,,,,,,,,,,,,,,,,,,,,,,,,,,,,,,,502.01671385765076,False
1737650793.1587024,2025-01-23 17:46:33,OTHER,PAUSE,,,,,,,,,,,,,,,,,,,,,,,,,,,,,,,,,,,,,,,502.14472126960754,False
1737650793.3167114,2025-01-23 17:46:33,OTHER,PAUSE,,,,,,,,,,,,,,,,,,,,,,,,,,,,,,,,,,,,,,,502.30273032188416,False
1737650793.46672,2025-01-23 17:46:33,OTHER,PAUSE,,,,,,,,,,,,,,,,,,,,,,,,,,,,,,,,,,,,,,,502.45273900032043,False
1737650793.5987275,2025-01-23 17:46:33,OTHER,PAUSE,,,,,,,,,,,,,,,,,,,,,,,,,,,,,,,,,,,,,,,502.5847463607788,False
1737650793.7277348,2025-01-23 17:46:33,OTHER,PAUSE,,,,,,,,,,,,,,,,,,,,,,,,,,,,,,,,,,,,,,,502.71375370025635,False
1737650793.8997447,2025-01-23 17:46:33,OTHER,PAUSE,,,,,,,,,,,,,,,,,,,,,,,,,,,,,,,,,,,,,,,502.8857636451721,False
1737650794.045753,2025-01-23 17:46:34,OTHER,PAUSE,,,,,,,,,,,,,,,,,,,,,,,,,,,,,,,,,,,,,,,503.03177189826965,False
1737650794.1927614,2025-01-23 17:46:34,OTHER,PAUSE,,,,,,,,,,,,,,,,,,,,,,,,,,,,,,,,,,,,,,,503.1787803173065,False
1737650794.322769,2025-01-23 17:46:34,OTHER,PAUSE,,,,,,,,,,,,,,,,,,,,,,,,,,,,,,,,,,,,,,,503.3087878227234,False
1737650794.4677773,2025-01-23 17:46:34,OTHER,PAUSE,,,,,,,,,,,,,,,,,,,,,,,,,,,,,,,,,,,,,,,503.45379614830017,False
1737650794.6087852,2025-01-23 17:46:34,OTHER,PAUSE,,,,,,,,,,,,,,,,,,,,,,,,,,,,,,,,,,,,,,,503.5948040485382,False
1737650794.7507935,2025-01-23 17:46:34,OTHER,PAUSE,,,,,,,,,,,,,,,,,,,,,,,,,,,,,,,,,,,,,,,503.73681235313416,False
1737650794.8758006,2025-01-23 17:46:34,OTHER,PAUSE,,,,,,,,,,,,,,,,,,,,,,,,,,,,,,,,,,,,,,,503.8618195056915,False
1737650795.0388098,2025-01-23 17:46:35,OTHER,PAUSE,,,,,,,,,,,,,,,,,,,,,,,,,,,,,,,,,,,,,,,504.02482867240906,False
1737650795.182818,2025-01-23 17:46:35,OTHER,PAUSE,,,,,,,,,,,,,,,,,,,,,,,,,,,,,,,,,,,,,,,504.1688368320465,False
1737650795.3278265,2025-01-23 17:46:35,OTHER,PAUSE,,,,,,,,,,,,,,,,,,,,,,,,,,,,,,,,,,,,,,,504.31384539604187,False
1737650795.4598339,2025-01-23 17:46:35,OTHER,PAUSE,,,,,,,,,,,,,,,,,,,,,,,,,,,,,,,,,,,,,,,504.44585275650024,False
1737650795.6048422,2025-01-23 17:46:35,OTHER,PAUSE,,,,,,,,,,,,,,,,,,,,,,,,,,,,,,,,,,,,,,,504.590861082077,False
1737650795.7388499,2025-01-23 17:46:35,OTHER,PAUSE,,,,,,,,,,,,,,,,,,,,,,,,,,,,,,,,,,,,,,,504.72486877441406,False
1737650795.8768578,2025-01-23 17:46:35,OTHER,PAUSE,,,,,,,,,,,,,,,,,,,,,,,,,,,,,,,,,,,,,,,504.86287665367126,False
1737650796.0268662,2025-01-23 17:46:36,OTHER,PAUSE,,,,,,,,,,,,,,,,,,,,,,,,,,,,,,,,,,,,,,,505.01288509368896,False
1737650796.1718745,2025-01-23 17:46:36,OTHER,PAUSE,,,,,,,,,,,,,,,,,,,,,,,,,,,,,,,,,,,,,,,505.15789341926575,False
1737650796.3098826,2025-01-23 17:46:36,OTHER,PAUSE,,,,,,,,,,,,,,,,,,,,,,,,,,,,,,,,,,,,,,,505.2959015369415,False
1737650796.4568908,2025-01-23 17:46:36,OTHER,PAUSE,,,,,,,,,,,,,,,,,,,,,,,,,,,,,,,,,,,,,,,505.4429097175598,False
1737650796.600899,2025-01-23 17:46:36,OTHER,PAUSE,,,,,,,,,,,,,,,,,,,,,,,,,,,,,,,,,,,,,,,505.58691787719727,False
1737650796.739907,2025-01-23 17:46:36,OTHER,PAUSE,,,,,,,,,,,,,,,,,,,,,,,,,,,,,,,,,,,,,,,505.7259259223938,False
1737650796.8919158,2025-01-23 17:46:36,OTHER,PAUSE,,,,,,,,,,,,,,,,,,,,,,,,,,,,,,,,,,,,,,,505.87793469429016,False
1737650797.0289237,2025-01-23 17:46:37,OTHER,PAUSE,,,,,,,,,,,,,,,,,,,,,,,,,,,,,,,,,,,,,,,506.0149426460266,False
1737650797.1669316,2025-01-23 17:46:37,OTHER,PAUSE,,,,,,,,,,,,,,,,,,,,,,,,,,,,,,,,,,,,,,,506.1529505252838,False
1737650797.3089397,2025-01-23 17:46:37,OTHER,PAUSE,,,,,,,,,,,,,,,,,,,,,,,,,,,,,,,,,,,,,,,506.2949585914612,False
1737650797.4459474,2025-01-23 17:46:37,OTHER,PAUSE,,,,,,,,,,,,,,,,,,,,,,,,,,,,,,,,,,,,,,,506.43196630477905,False
1737650797.5859556,2025-01-23 17:46:37,OTHER,PAUSE,,,,,,,,,,,,,,,,,,,,,,,,,,,,,,,,,,,,,,,506.5719745159149,False
1737650797.720963,2025-01-23 17:46:37,OTHER,PAUSE,,,,,,,,,,,,,,,,,,,,,,,,,,,,,,,,,,,,,,,506.7069818973541,False
1737650797.8699718,2025-01-23 17:46:37,OTHER,PAUSE,,,,,,,,,,,,,,,,,,,,,,,,,,,,,,,,,,,,,,,506.85599064826965,False
1737650798.0049794,2025-01-23 17:46:38,OTHER,PAUSE,,,,,,,,,,,,,,,,,,,,,,,,,,,,,,,,,,,,,,,506.99099826812744,False
1737650798.1589882,2025-01-23 17:46:38,OTHER,PAUSE,,,,,,,,,,,,,,,,,,,,,,,,,,,,,,,,,,,,,,,507.1450071334839,False
1737650798.3029964,2025-01-23 17:46:38,OTHER,PAUSE,,,,,,,,,,,,,,,,,,,,,,,,,,,,,,,,,,,,,,,507.28901529312134,False
1737650798.4330041,2025-01-23 17:46:38,OTHER,PAUSE,,,,,,,,,,,,,,,,,,,,,,,,,,,,,,,,,,,,,,,507.4190230369568,False
1737650798.5630114,2025-01-23 17:46:38,OTHER,PAUSE,,,,,,,,,,,,,,,,,,,,,,,,,,,,,,,,,,,,,,,507.5490303039551,False
1737650798.7100198,2025-01-23 17:46:38,OTHER,PAUSE,,,,,,,,,,,,,,,,,,,,,,,,,,,,,,,,,,,,,,,507.69603872299194,False
1737650798.8690288,2025-01-23 17:46:38,OTHER,PAUSE,,,,,,,,,,,,,,,,,,,,,,,,,,,,,,,,,,,,,,,507.8550477027893,False
1737650799.0110369,2025-01-23 17:46:39,OTHER,PAUSE,,,,,,,,,,,,,,,,,,,,,,,,,,,,,,,,,,,,,,,507.9970557689667,False
1737650799.1430447,2025-01-23 17:46:39,OTHER,PAUSE,,,,,,,,,,,,,,,,,,,,,,,,,,,,,,,,,,,,,,,508.1290636062622,False
1737650799.3190546,2025-01-23 17:46:39,OTHER,PAUSE,,,,,,,,,,,,,,,,,,,,,,,,,,,,,,,,,,,,,,,508.30507349967957,False
1737650799.5110655,2025-01-23 17:46:39,OTHER,PAUSE,,,,,,,,,,,,,,,,,,,,,,,,,,,,,,,,,,,,,,,508.49708437919617,False
1737650799.6910758,2025-01-23 17:46:39,OTHER,PAUSE,,,,,,,,,,,,,,,,,,,,,,,,,,,,,,,,,,,,,,,508.67709469795227,False
1737650799.866086,2025-01-23 17:46:39,OTHER,PAUSE,,,,,,,,,,,,,,,,,,,,,,,,,,,,,,,,,,,,,,,508.85210490226746,False
1737650800.0660975,2025-01-23 17:46:40,OTHER,PAUSE,,,,,,,,,,,,,,,,,,,,,,,,,,,,,,,,,,,,,,,509.05211639404297,False
1737650800.216106,2025-01-23 17:46:40,OTHER,PAUSE,,,,,,,,,,,,,,,,,,,,,,,,,,,,,,,,,,,,,,,509.20212483406067,False
1737650800.3431132,2025-01-23 17:46:40,OTHER,PAUSE,,,,,,,,,,,,,,,,,,,,,,,,,,,,,,,,,,,,,,,509.3291320800781,False
1737650800.477121,2025-01-23 17:46:40,OTHER,PAUSE,,,,,,,,,,,,,,,,,,,,,,,,,,,,,,,,,,,,,,,509.46314001083374,False
1737650800.63613,2025-01-23 17:46:40,OTHER,PAUSE,,,,,,,,,,,,,,,,,,,,,,,,,,,,,,,,,,,,,,,509.6221489906311,False
1737650800.776138,2025-01-23 17:46:40,OTHER,PAUSE,,,,,,,,,,,,,,,,,,,,,,,,,,,,,,,,,,,,,,,509.7621569633484,False
1737650800.9251466,2025-01-23 17:46:40,OTHER,PAUSE,,,,,,,,,,,,,,,,,,,,,,,,,,,,,,,,,,,,,,,509.91116547584534,False
1737650801.0631545,2025-01-23 17:46:41,OTHER,PAUSE,,,,,,,,,,,,,,,,,,,,,,,,,,,,,,,,,,,,,,,510.04917335510254,False
1737650801.2171633,2025-01-23 17:46:41,OTHER,PAUSE,,,,,,,,,,,,,,,,,,,,,,,,,,,,,,,,,,,,,,,510.203182220459,False
1737650801.3561714,2025-01-23 17:46:41,OTHER,PAUSE,,,,,,,,,,,,,,,,,,,,,,,,,,,,,,,,,,,,,,,510.3421902656555,False
1737650801.5091798,2025-01-23 17:46:41,OTHER,PAUSE,,,,,,,,,,,,,,,,,,,,,,,,,,,,,,,,,,,,,,,510.49519872665405,False
1737650801.6401875,2025-01-23 17:46:41,OTHER,PAUSE,,,,,,,,,,,,,,,,,,,,,,,,,,,,,,,,,,,,,,,510.62620639801025,False
1737650801.8001966,2025-01-23 17:46:41,OTHER,PAUSE,,,,,,,,,,,,,,,,,,,,,,,,,,,,,,,,,,,,,,,510.78621554374695,False
1737650801.9412045,2025-01-23 17:46:41,OTHER,PAUSE,,,,,,,,,,,,,,,,,,,,,,,,,,,,,,,,,,,,,,,510.927223443985,False
1737650802.0942135,2025-01-23 17:46:42,OTHER,PAUSE,,,,,,,,,,,,,,,,,,,,,,,,,,,,,,,,,,,,,,,511.0802323818207,False
1737650802.2502224,2025-01-23 17:46:42,OTHER,PAUSE,,,,,,,,,,,,,,,,,,,,,,,,,,,,,,,,,,,,,,,511.2362413406372,False
1737650802.403231,2025-01-23 17:46:42,OTHER,PAUSE,,,,,,,,,,,,,,,,,,,,,,,,,,,,,,,,,,,,,,,511.38924980163574,False
1737650802.5352387,2025-01-23 17:46:42,OTHER,PAUSE,,,,,,,,,,,,,,,,,,,,,,,,,,,,,,,,,,,,,,,511.5212576389313,False
1737650802.6612456,2025-01-23 17:46:42,OTHER,PAUSE,,,,,,,,,,,,,,,,,,,,,,,,,,,,,,,,,,,,,,,511.6472644805908,False
1737650802.8172545,2025-01-23 17:46:42,OTHER,PAUSE,,,,,,,,,,,,,,,,,,,,,,,,,,,,,,,,,,,,,,,511.80327343940735,False
1737650802.9652631,2025-01-23 17:46:42,OTHER,PAUSE,,,,,,,,,,,,,,,,,,,,,,,,,,,,,,,,,,,,,,,511.95128202438354,False
1737650803.1002707,2025-01-23 17:46:43,OTHER,PAUSE,,,,,,,,,,,,,,,,,,,,,,,,,,,,,,,,,,,,,,,512.0862896442413,False
1737650803.2362788,2025-01-23 17:46:43,OTHER,PAUSE,,,,,,,,,,,,,,,,,,,,,,,,,,,,,,,,,,,,,,,512.222297668457,False
1737650803.3782868,2025-01-23 17:46:43,OTHER,PAUSE,,,,,,,,,,,,,,,,,,,,,,,,,,,,,,,,,,,,,,,512.3643057346344,False
1737650803.5162947,2025-01-23 17:46:43,OTHER,PAUSE,,,,,,,,,,,,,,,,,,,,,,,,,,,,,,,,,,,,,,,512.5023136138916,False
1737650803.6513023,2025-01-23 17:46:43,OTHER,PAUSE,,,,,,,,,,,,,,,,,,,,,,,,,,,,,,,,,,,,,,,512.6373212337494,False
1737650803.7833102,2025-01-23 17:46:43,OTHER,PAUSE,,,,,,,,,,,,,,,,,,,,,,,,,,,,,,,,,,,,,,,512.7693290710449,False
1737650803.9293184,2025-01-23 17:46:43,OTHER,PAUSE,,,,,,,,,,,,,,,,,,,,,,,,,,,,,,,,,,,,,,,512.9153373241425,False
1737650804.0793269,2025-01-23 17:46:44,OTHER,PAUSE,,,,,,,,,,,,,,,,,,,,,,,,,,,,,,,,,,,,,,,513.0653457641602,False
1737650804.2443364,2025-01-23 17:46:44,OTHER,PAUSE,,,,,,,,,,,,,,,,,,,,,,,,,,,,,,,,,,,,,,,513.2303552627563,False
1737650804.3753438,2025-01-23 17:46:44,OTHER,PAUSE,,,,,,,,,,,,,,,,,,,,,,,,,,,,,,,,,,,,,,,513.361362695694,False
1737650804.5283525,2025-01-23 17:46:44,OTHER,PAUSE,,,,,,,,,,,,,,,,,,,,,,,,,,,,,,,,,,,,,,,513.5143713951111,False
1737650804.6693606,2025-01-23 17:46:44,OTHER,PAUSE,,,,,,,,,,,,,,,,,,,,,,,,,,,,,,,,,,,,,,,513.6553795337677,False
1737650804.8133688,2025-01-23 17:46:44,OTHER,PAUSE,,,,,,,,,,,,,,,,,,,,,,,,,,,,,,,,,,,,,,,513.7993876934052,False
1737650804.939376,2025-01-23 17:46:44,OTHER,PAUSE,,,,,,,,,,,,,,,,,,,,,,,,,,,,,,,,,,,,,,,513.9253950119019,False
1737650805.0903847,2025-01-23 17:46:45,OTHER,PAUSE,,,,,,,,,,,,,,,,,,,,,,,,,,,,,,,,,,,,,,,514.0764036178589,False
1737650805.2453938,2025-01-23 17:46:45,OTHER,PAUSE,,,,,,,,,,,,,,,,,,,,,,,,,,,,,,,,,,,,,,,514.2314126491547,False
1737650805.3764012,2025-01-23 17:46:45,OTHER,PAUSE,,,,,,,,,,,,,,,,,,,,,,,,,,,,,,,,,,,,,,,514.3624200820923,False
1737650805.5054085,2025-01-23 17:46:45,OTHER,PAUSE,,,,,,,,,,,,,,,,,,,,,,,,,,,,,,,,,,,,,,,514.4914274215698,False
1737650805.6604173,2025-01-23 17:46:45,OTHER,PAUSE,,,,,,,,,,,,,,,,,,,,,,,,,,,,,,,,,,,,,,,514.646436214447,False
1737650805.8084257,2025-01-23 17:46:45,OTHER,PAUSE,,,,,,,,,,,,,,,,,,,,,,,,,,,,,,,,,,,,,,,514.7944445610046,False
1737650805.9664347,2025-01-23 17:46:45,OTHER,PAUSE,,,,,,,,,,,,,,,,,,,,,,,,,,,,,,,,,,,,,,,514.9524536132812,False
1737650806.1054428,2025-01-23 17:46:46,OTHER,PAUSE,,,,,,,,,,,,,,,,,,,,,,,,,,,,,,,,,,,,,,,515.0914616584778,False
1737650806.2714524,2025-01-23 17:46:46,OTHER,PAUSE,,,,,,,,,,,,,,,,,,,,,,,,,,,,,,,,,,,,,,,515.2574713230133,False
1737650806.4154606,2025-01-23 17:46:46,OTHER,PAUSE,,,,,,,,,,,,,,,,,,,,,,,,,,,,,,,,,,,,,,,515.4014794826508,False
1737650806.5614688,2025-01-23 17:46:46,OTHER,PAUSE,,,,,,,,,,,,,,,,,,,,,,,,,,,,,,,,,,,,,,,515.5474877357483,False
1737650806.6984768,2025-01-23 17:46:46,OTHER,PAUSE,,,,,,,,,,,,,,,,,,,,,,,,,,,,,,,,,,,,,,,515.6844956874847,False
1737650806.8494854,2025-01-23 17:46:46,OTHER,PAUSE,,,,,,,,,,,,,,,,,,,,,,,,,,,,,,,,,,,,,,,515.8355042934418,False
1737650806.9944937,2025-01-23 17:46:46,OTHER,PAUSE,,,,,,,,,,,,,,,,,,,,,,,,,,,,,,,,,,,,,,,515.9805126190186,False
1737650807.1315017,2025-01-23 17:46:47,OTHER,PAUSE,,,,,,,,,,,,,,,,,,,,,,,,,,,,,,,,,,,,,,,516.117520570755,False
1737650807.2725098,2025-01-23 17:46:47,OTHER,PAUSE,,,,,,,,,,,,,,,,,,,,,,,,,,,,,,,,,,,,,,,516.2585287094116,False
1737650807.4135175,2025-01-23 17:46:47,OTHER,PAUSE,,,,,,,,,,,,,,,,,,,,,,,,,,,,,,,,,,,,,,,516.3995363712311,False
1737650807.5425248,2025-01-23 17:46:47,OTHER,PAUSE,,,,,,,,,,,,,,,,,,,,,,,,,,,,,,,,,,,,,,,516.5285437107086,False
1737650807.6725326,2025-01-23 17:46:47,OTHER,PAUSE,,,,,,,,,,,,,,,,,,,,,,,,,,,,,,,,,,,,,,,516.6585514545441,False
1737650807.8095403,2025-01-23 17:46:47,OTHER,PAUSE,,,,,,,,,,,,,,,,,,,,,,,,,,,,,,,,,,,,,,,516.7955591678619,False
1737650807.9705496,2025-01-23 17:46:47,OTHER,PAUSE,,,,,,,,,,,,,,,,,,,,,,,,,,,,,,,,,,,,,,,516.956568479538,False
1737650808.115558,2025-01-23 17:46:48,OTHER,PAUSE,,,,,,,,,,,,,,,,,,,,,,,,,,,,,,,,,,,,,,,517.1015768051147,False
1737650808.259566,2025-01-23 17:46:48,OTHER,PAUSE,,,,,,,,,,,,,,,,,,,,,,,,,,,,,,,,,,,,,,,517.2455849647522,False
1737650808.4495769,2025-01-23 17:46:48,OTHER,PAUSE,,,,,,,,,,,,,,,,,,,,,,,,,,,,,,,,,,,,,,,517.4355957508087,False
1737650808.609586,2025-01-23 17:46:48,OTHER,PAUSE,,,,,,,,,,,,,,,,,,,,,,,,,,,,,,,,,,,,,,,517.5956048965454,False
1737650808.7595944,2025-01-23 17:46:48,OTHER,PAUSE,,,,,,,,,,,,,,,,,,,,,,,,,,,,,,,,,,,,,,,517.7456133365631,False
1737650808.8956025,2025-01-23 17:46:48,OTHER,PAUSE,,,,,,,,,,,,,,,,,,,,,,,,,,,,,,,,,,,,,,,517.8816213607788,False
1737650809.0646122,2025-01-23 17:46:49,OTHER,PAUSE,,,,,,,,,,,,,,,,,,,,,,,,,,,,,,,,,,,,,,,518.0506310462952,False
1737650809.219621,2025-01-23 17:46:49,OTHER,PAUSE,,,,,,,,,,,,,,,,,,,,,,,,,,,,,,,,,,,,,,,518.2056398391724,False
1737650809.3576288,2025-01-23 17:46:49,OTHER,PAUSE,,,,,,,,,,,,,,,,,,,,,,,,,,,,,,,,,,,,,,,518.3436477184296,False
1737650809.499637,2025-01-23 17:46:49,OTHER,PAUSE,,,,,,,,,,,,,,,,,,,,,,,,,,,,,,,,,,,,,,,518.4856557846069,False
1737650809.6556458,2025-01-23 17:46:49,OTHER,PAUSE,,,,,,,,,,,,,,,,,,,,,,,,,,,,,,,,,,,,,,,518.6416647434235,False
1737650809.7956538,2025-01-23 17:46:49,OTHER,PAUSE,,,,,,,,,,,,,,,,,,,,,,,,,,,,,,,,,,,,,,,518.7816727161407,False
1737650809.9456625,2025-01-23 17:46:49,OTHER,PAUSE,,,,,,,,,,,,,,,,,,,,,,,,,,,,,,,,,,,,,,,518.931681394577,False
1737650810.0876706,2025-01-23 17:46:50,OTHER,PAUSE,,,,,,,,,,,,,,,,,,,,,,,,,,,,,,,,,,,,,,,519.0736894607544,False
1737650810.2396793,2025-01-23 17:46:50,OTHER,PAUSE,,,,,,,,,,,,,,,,,,,,,,,,,,,,,,,,,,,,,,,519.2256982326508,False
1737650810.3866878,2025-01-23 17:46:50,OTHER,PAUSE,,,,,,,,,,,,,,,,,,,,,,,,,,,,,,,,,,,,,,,519.3727066516876,False
1737650810.5236957,2025-01-23 17:46:50,OTHER,PAUSE,,,,,,,,,,,,,,,,,,,,,,,,,,,,,,,,,,,,,,,519.5097146034241,False
1737650810.6547031,2025-01-23 17:46:50,OTHER,PAUSE,,,,,,,,,,,,,,,,,,,,,,,,,,,,,,,,,,,,,,,519.6407220363617,False
1737650810.795711,2025-01-23 17:46:50,OTHER,PAUSE,,,,,,,,,,,,,,,,,,,,,,,,,,,,,,,,,,,,,,,519.7817299365997,False
1737650810.9307187,2025-01-23 17:46:50,OTHER,PAUSE,,,,,,,,,,,,,,,,,,,,,,,,,,,,,,,,,,,,,,,519.9167375564575,False
1737650811.089728,2025-01-23 17:46:51,OTHER,PAUSE,,,,,,,,,,,,,,,,,,,,,,,,,,,,,,,,,,,,,,,520.075747013092,False
1737650811.2237356,2025-01-23 17:46:51,OTHER,PAUSE,,,,,,,,,,,,,,,,,,,,,,,,,,,,,,,,,,,,,,,520.2097544670105,False
1737650811.372744,2025-01-23 17:46:51,OTHER,PAUSE,,,,,,,,,,,,,,,,,,,,,,,,,,,,,,,,,,,,,,,520.3587629795074,False
1737650811.5217526,2025-01-23 17:46:51,OTHER,PAUSE,,,,,,,,,,,,,,,,,,,,,,,,,,,,,,,,,,,,,,,520.5077714920044,False
1737650811.6637607,2025-01-23 17:46:51,OTHER,PAUSE,,,,,,,,,,,,,,,,,,,,,,,,,,,,,,,,,,,,,,,520.6497795581818,False
1737650811.8147695,2025-01-23 17:46:51,OTHER,PAUSE,,,,,,,,,,,,,,,,,,,,,,,,,,,,,,,,,,,,,,,520.8007884025574,False
1737650811.9757786,2025-01-23 17:46:51,OTHER,PAUSE,,,,,,,,,,,,,,,,,,,,,,,,,,,,,,,,,,,,,,,520.9617974758148,False
1737650812.1337876,2025-01-23 17:46:52,OTHER,PAUSE,,,,,,,,,,,,,,,,,,,,,,,,,,,,,,,,,,,,,,,521.1198065280914,False
1737650812.267795,2025-01-23 17:46:52,OTHER,PAUSE,,,,,,,,,,,,,,,,,,,,,,,,,,,,,,,,,,,,,,,521.2538139820099,False
1737650812.4278045,2025-01-23 17:46:52,OTHER,PAUSE,,,,,,,,,,,,,,,,,,,,,,,,,,,,,,,,,,,,,,,521.4138233661652,False
1737650812.565812,2025-01-23 17:46:52,OTHER,PAUSE,,,,,,,,,,,,,,,,,,,,,,,,,,,,,,,,,,,,,,,521.5518310070038,False
1737650812.7038202,2025-01-23 17:46:52,OTHER,PAUSE,,,,,,,,,,,,,,,,,,,,,,,,,,,,,,,,,,,,,,,521.6898391246796,False
1737650812.8338275,2025-01-23 17:46:52,OTHER,PAUSE,,,,,,,,,,,,,,,,,,,,,,,,,,,,,,,,,,,,,,,521.8198463916779,False
1737650812.9878364,2025-01-23 17:46:52,OTHER,PAUSE,,,,,,,,,,,,,,,,,,,,,,,,,,,,,,,,,,,,,,,521.9738552570343,False
1737650813.1428452,2025-01-23 17:46:53,OTHER,PAUSE,,,,,,,,,,,,,,,,,,,,,,,,,,,,,,,,,,,,,,,522.1288640499115,False
1737650813.291854,2025-01-23 17:46:53,OTHER,PAUSE,,,,,,,,,,,,,,,,,,,,,,,,,,,,,,,,,,,,,,,522.277872800827,False
1737650813.4198613,2025-01-23 17:46:53,OTHER,PAUSE,,,,,,,,,,,,,,,,,,,,,,,,,,,,,,,,,,,,,,,522.4058802127838,False
1737650813.5818703,2025-01-23 17:46:53,OTHER,PAUSE,,,,,,,,,,,,,,,,,,,,,,,,,,,,,,,,,,,,,,,522.567889213562,False
1737650813.7328792,2025-01-23 17:46:53,OTHER,PAUSE,,,,,,,,,,,,,,,,,,,,,,,,,,,,,,,,,,,,,,,522.7188980579376,False
1737650813.8858879,2025-01-23 17:46:53,OTHER,PAUSE,,,,,,,,,,,,,,,,,,,,,,,,,,,,,,,,,,,,,,,522.8719067573547,False
1737650814.0188954,2025-01-23 17:46:54,OTHER,PAUSE,,,,,,,,,,,,,,,,,,,,,,,,,,,,,,,,,,,,,,,523.0049142837524,False
1737650814.1769044,2025-01-23 17:46:54,OTHER,PAUSE,,,,,,,,,,,,,,,,,,,,,,,,,,,,,,,,,,,,,,,523.162923336029,False
1737650814.3669152,2025-01-23 17:46:54,OTHER,PAUSE,,,,,,,,,,,,,,,,,,,,,,,,,,,,,,,,,,,,,,,523.3529341220856,False
1737650814.516924,2025-01-23 17:46:54,OTHER,PAUSE,,,,,,,,,,,,,,,,,,,,,,,,,,,,,,,,,,,,,,,523.5029428005219,False
1737650814.6479313,2025-01-23 17:46:54,OTHER,PAUSE,,,,,,,,,,,,,,,,,,,,,,,,,,,,,,,,,,,,,,,523.6339502334595,False
1737650814.780939,2025-01-23 17:46:54,OTHER,PAUSE,,,,,,,,,,,,,,,,,,,,,,,,,,,,,,,,,,,,,,,523.7669579982758,False
1737650814.9129467,2025-01-23 17:46:54,OTHER,PAUSE,,,,,,,,,,,,,,,,,,,,,,,,,,,,,,,,,,,,,,,523.8989655971527,False
1737650815.0459542,2025-01-23 17:46:55,OTHER,PAUSE,,,,,,,,,,,,,,,,,,,,,,,,,,,,,,,,,,,,,,,524.0319731235504,False
1737650815.1949627,2025-01-23 17:46:55,OTHER,PAUSE,,,,,,,,,,,,,,,,,,,,,,,,,,,,,,,,,,,,,,,524.1809816360474,False
1737650815.3769732,2025-01-23 17:46:55,OTHER,PAUSE,,,,,,,,,,,,,,,,,,,,,,,,,,,,,,,,,,,,,,,524.3629920482635,False
1737650815.5579834,2025-01-23 17:46:55,OTHER,PAUSE,,,,,,,,,,,,,,,,,,,,,,,,,,,,,,,,,,,,,,,524.5440022945404,False
1737650815.738994,2025-01-23 17:46:55,OTHER,PAUSE,,,,,,,,,,,,,,,,,,,,,,,,,,,,,,,,,,,,,,,524.7250127792358,False
1737650815.915004,2025-01-23 17:46:55,OTHER,PAUSE,,,,,,,,,,,,,,,,,,,,,,,,,,,,,,,,,,,,,,,524.9010229110718,False
1737650816.0790133,2025-01-23 17:46:56,OTHER,PAUSE,,,,,,,,,,,,,,,,,,,,,,,,,,,,,,,,,,,,,,,525.0650322437286,False
1737650816.2310221,2025-01-23 17:46:56,OTHER,PAUSE,,,,,,,,,,,,,,,,,,,,,,,,,,,,,,,,,,,,,,,525.217041015625,False
1737650816.3920312,2025-01-23 17:46:56,OTHER,PAUSE,,,,,,,,,,,,,,,,,,,,,,,,,,,,,,,,,,,,,,,525.3780500888824,False
1737650816.5340393,2025-01-23 17:46:56,OTHER,PAUSE,,,,,,,,,,,,,,,,,,,,,,,,,,,,,,,,,,,,,,,525.5200581550598,False
1737650816.6620467,2025-01-23 17:46:56,OTHER,PAUSE,,,,,,,,,,,,,,,,,,,,,,,,,,,,,,,,,,,,,,,525.6480655670166,False
1737650816.791054,2025-01-23 17:46:56,OTHER,PAUSE,,,,,,,,,,,,,,,,,,,,,,,,,,,,,,,,,,,,,,,525.7770729064941,False
1737650816.948063,2025-01-23 17:46:56,OTHER,PAUSE,,,,,,,,,,,,,,,,,,,,,,,,,,,,,,,,,,,,,,,525.9340817928314,False
1737650817.0940714,2025-01-23 17:46:57,OTHER,PAUSE,,,,,,,,,,,,,,,,,,,,,,,,,,,,,,,,,,,,,,,526.0800902843475,False
1737650817.2390797,2025-01-23 17:46:57,OTHER,PAUSE,,,,,,,,,,,,,,,,,,,,,,,,,,,,,,,,,,,,,,,526.2250986099243,False
1737650817.3700871,2025-01-23 17:46:57,OTHER,PAUSE,,,,,,,,,,,,,,,,,,,,,,,,,,,,,,,,,,,,,,,526.3561060428619,False
1737650817.5390968,2025-01-23 17:46:57,OTHER,PAUSE,,,,,,,,,,,,,,,,,,,,,,,,,,,,,,,,,,,,,,,526.5251157283783,False
1737650817.683105,2025-01-23 17:46:57,OTHER,PAUSE,,,,,,,,,,,,,,,,,,,,,,,,,,,,,,,,,,,,,,,526.6691238880157,False
1737650817.8301132,2025-01-23 17:46:57,OTHER,PAUSE,,,,,,,,,,,,,,,,,,,,,,,,,,,,,,,,,,,,,,,526.816132068634,False
1737650817.984122,2025-01-23 17:46:57,OTHER,PAUSE,,,,,,,,,,,,,,,,,,,,,,,,,,,,,,,,,,,,,,,526.9701409339905,False
1737650818.1321309,2025-01-23 17:46:58,OTHER,PAUSE,,,,,,,,,,,,,,,,,,,,,,,,,,,,,,,,,,,,,,,527.1181497573853,False
1737650818.29314,2025-01-23 17:46:58,OTHER,PAUSE,,,,,,,,,,,,,,,,,,,,,,,,,,,,,,,,,,,,,,,527.2791588306427,False
1737650818.433148,2025-01-23 17:46:58,OTHER,PAUSE,,,,,,,,,,,,,,,,,,,,,,,,,,,,,,,,,,,,,,,527.41916680336,False
1737650818.5661554,2025-01-23 17:46:58,OTHER,PAUSE,,,,,,,,,,,,,,,,,,,,,,,,,,,,,,,,,,,,,,,527.5521743297577,False
1737650818.7171643,2025-01-23 17:46:58,OTHER,PAUSE,,,,,,,,,,,,,,,,,,,,,,,,,,,,,,,,,,,,,,,527.7031831741333,False
1737650818.8571723,2025-01-23 17:46:58,OTHER,PAUSE,,,,,,,,,,,,,,,,,,,,,,,,,,,,,,,,,,,,,,,527.8431911468506,False
1737650819.0151813,2025-01-23 17:46:59,OTHER,PAUSE,,,,,,,,,,,,,,,,,,,,,,,,,,,,,,,,,,,,,,,528.0012001991272,False
1737650819.16919,2025-01-23 17:46:59,OTHER,PAUSE,,,,,,,,,,,,,,,,,,,,,,,,,,,,,,,,,,,,,,,528.1552088260651,False
1737650819.3151984,2025-01-23 17:46:59,OTHER,PAUSE,,,,,,,,,,,,,,,,,,,,,,,,,,,,,,,,,,,,,,,528.3012173175812,False
1737650819.4522061,2025-01-23 17:46:59,OTHER,PAUSE,,,,,,,,,,,,,,,,,,,,,,,,,,,,,,,,,,,,,,,528.438225030899,False
1737650819.5832138,2025-01-23 17:46:59,OTHER,PAUSE,,,,,,,,,,,,,,,,,,,,,,,,,,,,,,,,,,,,,,,528.5692327022552,False
1737650819.7372224,2025-01-23 17:46:59,OTHER,PAUSE,,,,,,,,,,,,,,,,,,,,,,,,,,,,,,,,,,,,,,,528.7232413291931,False
1737650819.8922315,2025-01-23 17:46:59,OTHER,PAUSE,,,,,,,,,,,,,,,,,,,,,,,,,,,,,,,,,,,,,,,528.8782503604889,False
1737650820.0292392,2025-01-23 17:47:00,OTHER,PAUSE,,,,,,,,,,,,,,,,,,,,,,,,,,,,,,,,,,,,,,,529.0152580738068,False
1737650820.1712472,2025-01-23 17:47:00,OTHER,PAUSE,,,,,,,,,,,,,,,,,,,,,,,,,,,,,,,,,,,,,,,529.1572661399841,False
1737650820.3312566,2025-01-23 17:47:00,OTHER,PAUSE,,,,,,,,,,,,,,,,,,,,,,,,,,,,,,,,,,,,,,,529.3172755241394,False
1737650820.482265,2025-01-23 17:47:00,OTHER,PAUSE,,,,,,,,,,,,,,,,,,,,,,,,,,,,,,,,,,,,,,,529.4682838916779,False
1737650820.6122725,2025-01-23 17:47:00,OTHER,PAUSE,,,,,,,,,,,,,,,,,,,,,,,,,,,,,,,,,,,,,,,529.5982913970947,False
1737650820.7512803,2025-01-23 17:47:00,OTHER,PAUSE,,,,,,,,,,,,,,,,,,,,,,,,,,,,,,,,,,,,,,,529.7372992038727,False
1737650820.9082894,2025-01-23 17:47:00,OTHER,PAUSE,,,,,,,,,,,,,,,,,,,,,,,,,,,,,,,,,,,,,,,529.8943083286285,False
1737650821.054298,2025-01-23 17:47:01,OTHER,PAUSE,,,,,,,,,,,,,,,,,,,,,,,,,,,,,,,,,,,,,,,530.0403168201447,False
1737650821.2043064,2025-01-23 17:47:01,OTHER,PAUSE,,,,,,,,,,,,,,,,,,,,,,,,,,,,,,,,,,,,,,,530.1903252601624,False
1737650821.3453145,2025-01-23 17:47:01,OTHER,PAUSE,,,,,,,,,,,,,,,,,,,,,,,,,,,,,,,,,,,,,,,530.331333398819,False
1737650821.512324,2025-01-23 17:47:01,OTHER,PAUSE,,,,,,,,,,,,,,,,,,,,,,,,,,,,,,,,,,,,,,,530.4983429908752,False
1737650821.6633327,2025-01-23 17:47:01,OTHER,PAUSE,,,,,,,,,,,,,,,,,,,,,,,,,,,,,,,,,,,,,,,530.6493515968323,False
1737650821.8163414,2025-01-23 17:47:01,OTHER,PAUSE,,,,,,,,,,,,,,,,,,,,,,,,,,,,,,,,,,,,,,,530.8023602962494,False
1737650821.945349,2025-01-23 17:47:01,OTHER,PAUSE,,,,,,,,,,,,,,,,,,,,,,,,,,,,,,,,,,,,,,,530.9313678741455,False
1737650822.1033578,2025-01-23 17:47:02,OTHER,PAUSE,,,,,,,,,,,,,,,,,,,,,,,,,,,,,,,,,,,,,,,531.0893766880035,False
1737650822.2553663,2025-01-23 17:47:02,OTHER,PAUSE,,,,,,,,,,,,,,,,,,,,,,,,,,,,,,,,,,,,,,,531.2413852214813,False
1737650822.3963745,2025-01-23 17:47:02,OTHER,PAUSE,,,,,,,,,,,,,,,,,,,,,,,,,,,,,,,,,,,,,,,531.3823933601379,False
1737650822.544383,2025-01-23 17:47:02,OTHER,PAUSE,,,,,,,,,,,,,,,,,,,,,,,,,,,,,,,,,,,,,,,531.5304019451141,False
1737650822.6943915,2025-01-23 17:47:02,OTHER,PAUSE,,,,,,,,,,,,,,,,,,,,,,,,,,,,,,,,,,,,,,,531.6804103851318,False
1737650822.8263993,2025-01-23 17:47:02,OTHER,PAUSE,,,,,,,,,,,,,,,,,,,,,,,,,,,,,,,,,,,,,,,531.8124182224274,False
1737650822.9704075,2025-01-23 17:47:02,OTHER,PAUSE,,,,,,,,,,,,,,,,,,,,,,,,,,,,,,,,,,,,,,,531.9564263820648,False
1737650823.1414173,2025-01-23 17:47:03,OTHER,PAUSE,,,,,,,,,,,,,,,,,,,,,,,,,,,,,,,,,,,,,,,532.1274361610413,False
1737650823.2854254,2025-01-23 17:47:03,OTHER,PAUSE,,,,,,,,,,,,,,,,,,,,,,,,,,,,,,,,,,,,,,,532.2714443206787,False
1737650823.4394343,2025-01-23 17:47:03,OTHER,PAUSE,,,,,,,,,,,,,,,,,,,,,,,,,,,,,,,,,,,,,,,532.4254531860352,False
1737650823.576442,2025-01-23 17:47:03,OTHER,PAUSE,,,,,,,,,,,,,,,,,,,,,,,,,,,,,,,,,,,,,,,532.562460899353,False
1737650823.7384515,2025-01-23 17:47:03,OTHER,PAUSE,,,,,,,,,,,,,,,,,,,,,,,,,,,,,,,,,,,,,,,532.7244703769684,False
1737650823.8774593,2025-01-23 17:47:03,OTHER,PAUSE,,,,,,,,,,,,,,,,,,,,,,,,,,,,,,,,,,,,,,,532.8634781837463,False
1737650824.0264678,2025-01-23 17:47:04,OTHER,PAUSE,,,,,,,,,,,,,,,,,,,,,,,,,,,,,,,,,,,,,,,533.0124866962433,False
1737650824.1584756,2025-01-23 17:47:04,OTHER,PAUSE,,,,,,,,,,,,,,,,,,,,,,,,,,,,,,,,,,,,,,,533.1444945335388,False
1737650824.3144841,2025-01-23 17:47:04,OTHER,PAUSE,,,,,,,,,,,,,,,,,,,,,,,,,,,,,,,,,,,,,,,533.3005030155182,False
1737650824.4694932,2025-01-23 17:47:04,OTHER,PAUSE,,,,,,,,,,,,,,,,,,,,,,,,,,,,,,,,,,,,,,,533.455512046814,False
1737650824.6375027,2025-01-23 17:47:04,OTHER,PAUSE,,,,,,,,,,,,,,,,,,,,,,,,,,,,,,,,,,,,,,,533.623521566391,False
1737650824.7715104,2025-01-23 17:47:04,OTHER,PAUSE,,,,,,,,,,,,,,,,,,,,,,,,,,,,,,,,,,,,,,,533.757529258728,False
1737650824.9115186,2025-01-23 17:47:04,OTHER,PAUSE,,,,,,,,,,,,,,,,,,,,,,,,,,,,,,,,,,,,,,,533.8975374698639,False
1737650825.0555267,2025-01-23 17:47:05,OTHER,PAUSE,,,,,,,,,,,,,,,,,,,,,,,,,,,,,,,,,,,,,,,534.0415456295013,False
1737650825.1855342,2025-01-23 17:47:05,OTHER,PAUSE,,,,,,,,,,,,,,,,,,,,,,,,,,,,,,,,,,,,,,,534.1715531349182,False
1737650825.3275423,2025-01-23 17:47:05,OTHER,PAUSE,,,,,,,,,,,,,,,,,,,,,,,,,,,,,,,,,,,,,,,534.3135612010956,False
1737650825.4675503,2025-01-23 17:47:05,OTHER,PAUSE,,,,,,,,,,,,,,,,,,,,,,,,,,,,,,,,,,,,,,,534.4535691738129,False
1737650825.6035578,2025-01-23 17:47:05,OTHER,PAUSE,,,,,,,,,,,,,,,,,,,,,,,,,,,,,,,,,,,,,,,534.5895767211914,False
1737650825.7485664,2025-01-23 17:47:05,OTHER,PAUSE,,,,,,,,,,,,,,,,,,,,,,,,,,,,,,,,,,,,,,,534.7345852851868,False
1737650825.9235764,2025-01-23 17:47:05,OTHER,PAUSE,,,,,,,,,,,,,,,,,,,,,,,,,,,,,,,,,,,,,,,534.9095952510834,False
1737650826.0655844,2025-01-23 17:47:06,OTHER,PAUSE,,,,,,,,,,,,,,,,,,,,,,,,,,,,,,,,,,,,,,,535.0516033172607,False
1737650826.199592,2025-01-23 17:47:06,OTHER,PAUSE,,,,,,,,,,,,,,,,,,,,,,,,,,,,,,,,,,,,,,,535.1856110095978,False
1737650826.3416002,2025-01-23 17:47:06,OTHER,PAUSE,,,,,,,,,,,,,,,,,,,,,,,,,,,,,,,,,,,,,,,535.3276190757751,False
1737650826.5106099,2025-01-23 17:47:06,OTHER,PAUSE,,,,,,,,,,,,,,,,,,,,,,,,,,,,,,,,,,,,,,,535.4966287612915,False
1737650826.651618,2025-01-23 17:47:06,OTHER,PAUSE,,,,,,,,,,,,,,,,,,,,,,,,,,,,,,,,,,,,,,,535.6376368999481,False
1737650826.792626,2025-01-23 17:47:06,OTHER,PAUSE,,,,,,,,,,,,,,,,,,,,,,,,,,,,,,,,,,,,,,,535.7786448001862,False
1737650826.9226334,2025-01-23 17:47:06,OTHER,PAUSE,,,,,,,,,,,,,,,,,,,,,,,,,,,,,,,,,,,,,,,535.908652305603,False
1737650827.0816424,2025-01-23 17:47:07,OTHER,PAUSE,,,,,,,,,,,,,,,,,,,,,,,,,,,,,,,,,,,,,,,536.0676612854004,False
1737650827.2416518,2025-01-23 17:47:07,OTHER,PAUSE,,,,,,,,,,,,,,,,,,,,,,,,,,,,,,,,,,,,,,,536.2276706695557,False
1737650827.3836598,2025-01-23 17:47:07,OTHER,PAUSE,,,,,,,,,,,,,,,,,,,,,,,,,,,,,,,,,,,,,,,536.369678735733,False
1737650827.5336683,2025-01-23 17:47:07,OTHER,PAUSE,,,,,,,,,,,,,,,,,,,,,,,,,,,,,,,,,,,,,,,536.5196871757507,False
1737650827.698678,2025-01-23 17:47:07,OTHER,PAUSE,,,,,,,,,,,,,,,,,,,,,,,,,,,,,,,,,,,,,,,536.6846969127655,False
1737650827.858687,2025-01-23 17:47:07,OTHER,PAUSE,,,,,,,,,,,,,,,,,,,,,,,,,,,,,,,,,,,,,,,536.8447058200836,False
1737650827.9936948,2025-01-23 17:47:07,OTHER,PAUSE,,,,,,,,,,,,,,,,,,,,,,,,,,,,,,,,,,,,,,,536.97971367836,False
1737650828.1527038,2025-01-23 17:47:08,OTHER,PAUSE,,,,,,,,,,,,,,,,,,,,,,,,,,,,,,,,,,,,,,,537.1387226581573,False
1737650828.3027122,2025-01-23 17:47:08,OTHER,PAUSE,,,,,,,,,,,,,,,,,,,,,,,,,,,,,,,,,,,,,,,537.288731098175,False
1737650828.451721,2025-01-23 17:47:08,OTHER,PAUSE,,,,,,,,,,,,,,,,,,,,,,,,,,,,,,,,,,,,,,,537.4377398490906,False
1737650828.5897288,2025-01-23 17:47:08,OTHER,PAUSE,,,,,,,,,,,,,,,,,,,,,,,,,,,,,,,,,,,,,,,537.5757477283478,False
1737650828.7637389,2025-01-23 17:47:08,OTHER,PAUSE,,,,,,,,,,,,,,,,,,,,,,,,,,,,,,,,,,,,,,,537.7497577667236,False
1737650828.908747,2025-01-23 17:47:08,OTHER,PAUSE,,,,,,,,,,,,,,,,,,,,,,,,,,,,,,,,,,,,,,,537.8947658538818,False
1737650829.0727565,2025-01-23 17:47:09,OTHER,PAUSE,,,,,,,,,,,,,,,,,,,,,,,,,,,,,,,,,,,,,,,538.0587754249573,False
1737650829.204764,2025-01-23 17:47:09,OTHER,PAUSE,,,,,,,,,,,,,,,,,,,,,,,,,,,,,,,,,,,,,,,538.1907827854156,False
1737650829.3737738,2025-01-23 17:47:09,OTHER,PAUSE,,,,,,,,,,,,,,,,,,,,,,,,,,,,,,,,,,,,,,,538.3597927093506,False
1737650829.5117817,2025-01-23 17:47:09,OTHER,PAUSE,,,,,,,,,,,,,,,,,,,,,,,,,,,,,,,,,,,,,,,538.4978005886078,False
1737650829.6677907,2025-01-23 17:47:09,OTHER,PAUSE,,,,,,,,,,,,,,,,,,,,,,,,,,,,,,,,,,,,,,,538.6538095474243,False
1737650829.816799,2025-01-23 17:47:09,OTHER,PAUSE,,,,,,,,,,,,,,,,,,,,,,,,,,,,,,,,,,,,,,,538.8028178215027,False
1737650829.9508069,2025-01-23 17:47:09,OTHER,PAUSE,,,,,,,,,,,,,,,,,,,,,,,,,,,,,,,,,,,,,,,538.9368257522583,False
1737650830.0878143,2025-01-23 17:47:10,OTHER,PAUSE,,,,,,,,,,,,,,,,,,,,,,,,,,,,,,,,,,,,,,,539.0738332271576,False
1737650830.2268224,2025-01-23 17:47:10,OTHER,PAUSE,,,,,,,,,,,,,,,,,,,,,,,,,,,,,,,,,,,,,,,539.2128412723541,False
1737650830.3708305,2025-01-23 17:47:10,OTHER,PAUSE,,,,,,,,,,,,,,,,,,,,,,,,,,,,,,,,,,,,,,,539.3568494319916,False
1737650830.5228393,2025-01-23 17:47:10,OTHER,PAUSE,,,,,,,,,,,,,,,,,,,,,,,,,,,,,,,,,,,,,,,539.5088582038879,False
1737650830.670848,2025-01-23 17:47:10,OTHER,PAUSE,,,,,,,,,,,,,,,,,,,,,,,,,,,,,,,,,,,,,,,539.6568667888641,False
1737650830.8068557,2025-01-23 17:47:10,OTHER,PAUSE,,,,,,,,,,,,,,,,,,,,,,,,,,,,,,,,,,,,,,,539.7928745746613,False
1737650830.9578643,2025-01-23 17:47:10,OTHER,PAUSE,,,,,,,,,,,,,,,,,,,,,,,,,,,,,,,,,,,,,,,539.9438831806183,False
1737650831.111873,2025-01-23 17:47:11,OTHER,PAUSE,,,,,,,,,,,,,,,,,,,,,,,,,,,,,,,,,,,,,,,540.0978918075562,False
1737650831.2748823,2025-01-23 17:47:11,OTHER,PAUSE,,,,,,,,,,,,,,,,,,,,,,,,,,,,,,,,,,,,,,,540.2609012126923,False
1737650831.475894,2025-01-23 17:47:11,OTHER,PAUSE,,,,,,,,,,,,,,,,,,,,,,,,,,,,,,,,,,,,,,,540.4619128704071,False
1737650831.6799057,2025-01-23 17:47:11,OTHER,PAUSE,,,,,,,,,,,,,,,,,,,,,,,,,,,,,,,,,,,,,,,540.6659245491028,False
1737650831.8699164,2025-01-23 17:47:11,OTHER,PAUSE,,,,,,,,,,,,,,,,,,,,,,,,,,,,,,,,,,,,,,,540.8559353351593,False
1737650832.0809286,2025-01-23 17:47:12,OTHER,PAUSE,,,,,,,,,,,,,,,,,,,,,,,,,,,,,,,,,,,,,,,541.0669474601746,False
1737650832.225937,2025-01-23 17:47:12,OTHER,PAUSE,,,,,,,,,,,,,,,,,,,,,,,,,,,,,,,,,,,,,,,541.2119557857513,False
1737650832.3559442,2025-01-23 17:47:12,OTHER,PAUSE,,,,,,,,,,,,,,,,,,,,,,,,,,,,,,,,,,,,,,,541.3419630527496,False
1737650832.504953,2025-01-23 17:47:12,OTHER,PAUSE,,,,,,,,,,,,,,,,,,,,,,,,,,,,,,,,,,,,,,,541.4909718036652,False
1737650832.6549613,2025-01-23 17:47:12,OTHER,PAUSE,,,,,,,,,,,,,,,,,,,,,,,,,,,,,,,,,,,,,,,541.6409802436829,False
1737650832.8169706,2025-01-23 17:47:12,OTHER,PAUSE,,,,,,,,,,,,,,,,,,,,,,,,,,,,,,,,,,,,,,,541.8029894828796,False
1737650832.949978,2025-01-23 17:47:12,OTHER,PAUSE,,,,,,,,,,,,,,,,,,,,,,,,,,,,,,,,,,,,,,,541.9359970092773,False
1737650833.0899863,2025-01-23 17:47:13,OTHER,PAUSE,,,,,,,,,,,,,,,,,,,,,,,,,,,,,,,,,,,,,,,542.0760052204132,False
1737650833.2629962,2025-01-23 17:47:13,OTHER,PAUSE,,,,,,,,,,,,,,,,,,,,,,,,,,,,,,,,,,,,,,,542.2490150928497,False
1737650833.4210052,2025-01-23 17:47:13,OTHER,PAUSE,,,,,,,,,,,,,,,,,,,,,,,,,,,,,,,,,,,,,,,542.4070241451263,False
1737650833.558013,2025-01-23 17:47:13,OTHER,PAUSE,,,,,,,,,,,,,,,,,,,,,,,,,,,,,,,,,,,,,,,542.5440318584442,False
1737650833.697021,2025-01-23 17:47:13,OTHER,PAUSE,,,,,,,,,,,,,,,,,,,,,,,,,,,,,,,,,,,,,,,542.6830399036407,False
1737650833.8680308,2025-01-23 17:47:13,OTHER,PAUSE,,,,,,,,,,,,,,,,,,,,,,,,,,,,,,,,,,,,,,,542.8540496826172,False
1737650834.013039,2025-01-23 17:47:14,OTHER,PAUSE,,,,,,,,,,,,,,,,,,,,,,,,,,,,,,,,,,,,,,,542.999058008194,False
1737650834.1610475,2025-01-23 17:47:14,OTHER,PAUSE,,,,,,,,,,,,,,,,,,,,,,,,,,,,,,,,,,,,,,,543.1470663547516,False
1737650834.3060558,2025-01-23 17:47:14,OTHER,PAUSE,,,,,,,,,,,,,,,,,,,,,,,,,,,,,,,,,,,,,,,543.2920746803284,False
1737650834.4540644,2025-01-23 17:47:14,OTHER,PAUSE,,,,,,,,,,,,,,,,,,,,,,,,,,,,,,,,,,,,,,,543.4400832653046,False
1737650834.605073,2025-01-23 17:47:14,OTHER,PAUSE,,,,,,,,,,,,,,,,,,,,,,,,,,,,,,,,,,,,,,,543.5910918712616,False
1737650834.7420807,2025-01-23 17:47:14,OTHER,PAUSE,,,,,,,,,,,,,,,,,,,,,,,,,,,,,,,,,,,,,,,543.7280995845795,False
1737650834.8840888,2025-01-23 17:47:14,OTHER,PAUSE,,,,,,,,,,,,,,,,,,,,,,,,,,,,,,,,,,,,,,,543.8701076507568,False
1737650835.0210967,2025-01-23 17:47:15,OTHER,PAUSE,,,,,,,,,,,,,,,,,,,,,,,,,,,,,,,,,,,,,,,544.0071156024933,False
1737650835.151104,2025-01-23 17:47:15,OTHER,PAUSE,,,,,,,,,,,,,,,,,,,,,,,,,,,,,,,,,,,,,,,544.1371228694916,False
1737650835.2841115,2025-01-23 17:47:15,OTHER,PAUSE,,,,,,,,,,,,,,,,,,,,,,,,,,,,,,,,,,,,,,,544.2701303958893,False
1737650835.4331203,2025-01-23 17:47:15,OTHER,PAUSE,,,,,,,,,,,,,,,,,,,,,,,,,,,,,,,,,,,,,,,544.4191391468048,False
1737650835.5901291,2025-01-23 17:47:15,OTHER,PAUSE,,,,,,,,,,,,,,,,,,,,,,,,,,,,,,,,,,,,,,,544.5761480331421,False
1737650835.739138,2025-01-23 17:47:15,OTHER,PAUSE,,,,,,,,,,,,,,,,,,,,,,,,,,,,,,,,,,,,,,,544.7251567840576,False
1737650835.8901463,2025-01-23 17:47:15,OTHER,PAUSE,,,,,,,,,,,,,,,,,,,,,,,,,,,,,,,,,,,,,,,544.8761651515961,False
1737650836.0431552,2025-01-23 17:47:16,OTHER,PAUSE,,,,,,,,,,,,,,,,,,,,,,,,,,,,,,,,,,,,,,,545.0291740894318,False
1737650836.1921635,2025-01-23 17:47:16,OTHER,PAUSE,,,,,,,,,,,,,,,,,,,,,,,,,,,,,,,,,,,,,,,545.1781823635101,False
1737650836.334172,2025-01-23 17:47:16,OTHER,PAUSE,,,,,,,,,,,,,,,,,,,,,,,,,,,,,,,,,,,,,,,545.3201909065247,False
1737650836.4651794,2025-01-23 17:47:16,OTHER,PAUSE,,,,,,,,,,,,,,,,,,,,,,,,,,,,,,,,,,,,,,,545.4511983394623,False
1737650836.6411893,2025-01-23 17:47:16,OTHER,PAUSE,,,,,,,,,,,,,,,,,,,,,,,,,,,,,,,,,,,,,,,545.6272082328796,False
1737650836.7851975,2025-01-23 17:47:16,OTHER,PAUSE,,,,,,,,,,,,,,,,,,,,,,,,,,,,,,,,,,,,,,,545.7712163925171,False
1737650836.9262056,2025-01-23 17:47:16,OTHER,PAUSE,,,,,,,,,,,,,,,,,,,,,,,,,,,,,,,,,,,,,,,545.9122245311737,False
1737650837.0622134,2025-01-23 17:47:17,OTHER,PAUSE,,,,,,,,,,,,,,,,,,,,,,,,,,,,,,,,,,,,,,,546.0482323169708,False
1737650837.2102218,2025-01-23 17:47:17,OTHER,PAUSE,,,,,,,,,,,,,,,,,,,,,,,,,,,,,,,,,,,,,,,546.1962406635284,False
1737650837.3602304,2025-01-23 17:47:17,OTHER,PAUSE,,,,,,,,,,,,,,,,,,,,,,,,,,,,,,,,,,,,,,,546.3462493419647,False
1737650837.509239,2025-01-23 17:47:17,OTHER,PAUSE,,,,,,,,,,,,,,,,,,,,,,,,,,,,,,,,,,,,,,,546.4952578544617,False
1737650837.6432467,2025-01-23 17:47:17,OTHER,PAUSE,,,,,,,,,,,,,,,,,,,,,,,,,,,,,,,,,,,,,,,546.6292655467987,False
1737650837.786255,2025-01-23 17:47:17,OTHER,PAUSE,,,,,,,,,,,,,,,,,,,,,,,,,,,,,,,,,,,,,,,546.7722737789154,False
1737650837.9522643,2025-01-23 17:47:17,OTHER,PAUSE,,,,,,,,,,,,,,,,,,,,,,,,,,,,,,,,,,,,,,,546.9382832050323,False
1737650838.0942726,2025-01-23 17:47:18,OTHER,PAUSE,,,,,,,,,,,,,,,,,,,,,,,,,,,,,,,,,,,,,,,547.0802915096283,False
1737650838.2382808,2025-01-23 17:47:18,OTHER,PAUSE,,,,,,,,,,,,,,,,,,,,,,,,,,,,,,,,,,,,,,,547.2242996692657,False
1737650838.3922896,2025-01-23 17:47:18,OTHER,PAUSE,,,,,,,,,,,,,,,,,,,,,,,,,,,,,,,,,,,,,,,547.3783085346222,False
1737650838.5482986,2025-01-23 17:47:18,OTHER,PAUSE,,,,,,,,,,,,,,,,,,,,,,,,,,,,,,,,,,,,,,,547.5343174934387,False
1737650838.6933067,2025-01-23 17:47:18,OTHER,PAUSE,,,,,,,,,,,,,,,,,,,,,,,,,,,,,,,,,,,,,,,547.6793255805969,False
1737650838.8493156,2025-01-23 17:47:18,OTHER,PAUSE,,,,,,,,,,,,,,,,,,,,,,,,,,,,,,,,,,,,,,,547.8353345394135,False
1737650839.012325,2025-01-23 17:47:19,OTHER,PAUSE,,,,,,,,,,,,,,,,,,,,,,,,,,,,,,,,,,,,,,,547.9983439445496,False
1737650839.1653337,2025-01-23 17:47:19,OTHER,PAUSE,,,,,,,,,,,,,,,,,,,,,,,,,,,,,,,,,,,,,,,548.1513526439667,False
1737650839.3143423,2025-01-23 17:47:19,OTHER,PAUSE,,,,,,,,,,,,,,,,,,,,,,,,,,,,,,,,,,,,,,,548.3003611564636,False
1737650839.4913523,2025-01-23 17:47:19,OTHER,PAUSE,,,,,,,,,,,,,,,,,,,,,,,,,,,,,,,,,,,,,,,548.4773712158203,False
1737650839.6323605,2025-01-23 17:47:19,OTHER,PAUSE,,,,,,,,,,,,,,,,,,,,,,,,,,,,,,,,,,,,,,,548.6183793544769,False
1737650839.7803688,2025-01-23 17:47:19,OTHER,PAUSE,,,,,,,,,,,,,,,,,,,,,,,,,,,,,,,,,,,,,,,548.7663877010345,False
1737650839.9313774,2025-01-23 17:47:19,OTHER,PAUSE,,,,,,,,,,,,,,,,,,,,,,,,,,,,,,,,,,,,,,,548.9173963069916,False
1737650840.0763857,2025-01-23 17:47:20,OTHER,PAUSE,,,,,,,,,,,,,,,,,,,,,,,,,,,,,,,,,,,,,,,549.0624046325684,False
1737650840.2123935,2025-01-23 17:47:20,OTHER,PAUSE,,,,,,,,,,,,,,,,,,,,,,,,,,,,,,,,,,,,,,,549.1984124183655,False
1737650840.3654025,2025-01-23 17:47:20,OTHER,PAUSE,,,,,,,,,,,,,,,,,,,,,,,,,,,,,,,,,,,,,,,549.3514213562012,False
1737650840.519411,2025-01-23 17:47:20,OTHER,PAUSE,,,,,,,,,,,,,,,,,,,,,,,,,,,,,,,,,,,,,,,549.505429983139,False
1737650840.6664197,2025-01-23 17:47:20,OTHER,PAUSE,,,,,,,,,,,,,,,,,,,,,,,,,,,,,,,,,,,,,,,549.6524386405945,False
1737650840.798427,2025-01-23 17:47:20,OTHER,PAUSE,,,,,,,,,,,,,,,,,,,,,,,,,,,,,,,,,,,,,,,549.7844460010529,False
1737650840.9314349,2025-01-23 17:47:20,OTHER,PAUSE,,,,,,,,,,,,,,,,,,,,,,,,,,,,,,,,,,,,,,,549.9174537658691,False
1737650841.097444,2025-01-23 17:47:21,OTHER,PAUSE,,,,,,,,,,,,,,,,,,,,,,,,,,,,,,,,,,,,,,,550.0834629535675,False
1737650841.248453,2025-01-23 17:47:21,OTHER,PAUSE,,,,,,,,,,,,,,,,,,,,,,,,,,,,,,,,,,,,,,,550.2344717979431,False
1737650841.3824604,2025-01-23 17:47:21,OTHER,PAUSE,,,,,,,,,,,,,,,,,,,,,,,,,,,,,,,,,,,,,,,550.3684792518616,False
1737650841.5114677,2025-01-23 17:47:21,OTHER,PAUSE,,,,,,,,,,,,,,,,,,,,,,,,,,,,,,,,,,,,,,,550.4974865913391,False
1737650841.6774774,2025-01-23 17:47:21,OTHER,PAUSE,,,,,,,,,,,,,,,,,,,,,,,,,,,,,,,,,,,,,,,550.6634962558746,False
1737650841.8384864,2025-01-23 17:47:21,OTHER,PAUSE,,,,,,,,,,,,,,,,,,,,,,,,,,,,,,,,,,,,,,,550.8245053291321,False
1737650841.9774945,2025-01-23 17:47:21,OTHER,PAUSE,,,,,,,,,,,,,,,,,,,,,,,,,,,,,,,,,,,,,,,550.9635133743286,False
1737650842.1205027,2025-01-23 17:47:22,OTHER,PAUSE,,,,,,,,,,,,,,,,,,,,,,,,,,,,,,,,,,,,,,,551.1065216064453,False
1737650842.297513,2025-01-23 17:47:22,OTHER,PAUSE,,,,,,,,,,,,,,,,,,,,,,,,,,,,,,,,,,,,,,,551.2835319042206,False
1737650842.4515219,2025-01-23 17:47:22,OTHER,PAUSE,,,,,,,,,,,,,,,,,,,,,,,,,,,,,,,,,,,,,,,551.437540769577,False
1737650842.5975301,2025-01-23 17:47:22,OTHER,PAUSE,,,,,,,,,,,,,,,,,,,,,,,,,,,,,,,,,,,,,,,551.5835490226746,False
1737650842.7395382,2025-01-23 17:47:22,OTHER,PAUSE,,,,,,,,,,,,,,,,,,,,,,,,,,,,,,,,,,,,,,,551.7255570888519,False
1737650842.9045477,2025-01-23 17:47:22,OTHER,PAUSE,,,,,,,,,,,,,,,,,,,,,,,,,,,,,,,,,,,,,,,551.8905665874481,False
1737650843.051556,2025-01-23 17:47:23,OTHER,PAUSE,,,,,,,,,,,,,,,,,,,,,,,,,,,,,,,,,,,,,,,552.037575006485,False
1737650843.2045648,2025-01-23 17:47:23,OTHER,PAUSE,,,,,,,,,,,,,,,,,,,,,,,,,,,,,,,,,,,,,,,552.1905837059021,False
1737650843.3615737,2025-01-23 17:47:23,OTHER,PAUSE,,,,,,,,,,,,,,,,,,,,,,,,,,,,,,,,,,,,,,,552.3475925922394,False
1737650843.4945812,2025-01-23 17:47:23,OTHER,PAUSE,,,,,,,,,,,,,,,,,,,,,,,,,,,,,,,,,,,,,,,552.4806001186371,False
1737650843.629589,2025-01-23 17:47:23,OTHER,PAUSE,,,,,,,,,,,,,,,,,,,,,,,,,,,,,,,,,,,,,,,552.6156079769135,False
1737650843.7615967,2025-01-23 17:47:23,OTHER,PAUSE,,,,,,,,,,,,,,,,,,,,,,,,,,,,,,,,,,,,,,,552.7476155757904,False
1737650843.9066048,2025-01-23 17:47:23,OTHER,PAUSE,,,,,,,,,,,,,,,,,,,,,,,,,,,,,,,,,,,,,,,552.8926236629486,False
1737650844.0646138,2025-01-23 17:47:24,OTHER,PAUSE,,,,,,,,,,,,,,,,,,,,,,,,,,,,,,,,,,,,,,,553.0506327152252,False
1737650844.2126224,2025-01-23 17:47:24,OTHER,PAUSE,,,,,,,,,,,,,,,,,,,,,,,,,,,,,,,,,,,,,,,553.1986413002014,False
1737650844.3556306,2025-01-23 17:47:24,OTHER,PAUSE,,,,,,,,,,,,,,,,,,,,,,,,,,,,,,,,,,,,,,,553.3416495323181,False
1737650844.5296404,2025-01-23 17:47:24,OTHER,PAUSE,,,,,,,,,,,,,,,,,,,,,,,,,,,,,,,,,,,,,,,553.5156593322754,False
1737650844.679649,2025-01-23 17:47:24,OTHER,PAUSE,,,,,,,,,,,,,,,,,,,,,,,,,,,,,,,,,,,,,,,553.6656680107117,False
1737650844.8446586,2025-01-23 17:47:24,OTHER,PAUSE,,,,,,,,,,,,,,,,,,,,,,,,,,,,,,,,,,,,,,,553.8306775093079,False
1737650844.992667,2025-01-23 17:47:24,OTHER,PAUSE,,,,,,,,,,,,,,,,,,,,,,,,,,,,,,,,,,,,,,,553.9786858558655,False
1737650845.1376753,2025-01-23 17:47:25,OTHER,PAUSE,,,,,,,,,,,,,,,,,,,,,,,,,,,,,,,,,,,,,,,554.1236941814423,False
1737650845.2826836,2025-01-23 17:47:25,OTHER,PAUSE,,,,,,,,,,,,,,,,,,,,,,,,,,,,,,,,,,,,,,,554.268702507019,False
1737650845.4306922,2025-01-23 17:47:25,OTHER,PAUSE,,,,,,,,,,,,,,,,,,,,,,,,,,,,,,,,,,,,,,,554.4167110919952,False
1737650845.5817006,2025-01-23 17:47:25,OTHER,PAUSE,,,,,,,,,,,,,,,,,,,,,,,,,,,,,,,,,,,,,,,554.5677194595337,False
1737650845.7217088,2025-01-23 17:47:25,OTHER,PAUSE,,,,,,,,,,,,,,,,,,,,,,,,,,,,,,,,,,,,,,,554.7077276706696,False
1737650845.8577166,2025-01-23 17:47:25,OTHER,PAUSE,,,,,,,,,,,,,,,,,,,,,,,,,,,,,,,,,,,,,,,554.8437354564667,False
1737650845.988724,2025-01-23 17:47:25,OTHER,PAUSE,,,,,,,,,,,,,,,,,,,,,,,,,,,,,,,,,,,,,,,554.9747428894043,False
1737650846.145733,2025-01-23 17:47:26,OTHER,PAUSE,,,,,,,,,,,,,,,,,,,,,,,,,,,,,,,,,,,,,,,555.1317520141602,False
1737650846.3067422,2025-01-23 17:47:26,OTHER,PAUSE,,,,,,,,,,,,,,,,,,,,,,,,,,,,,,,,,,,,,,,555.2927610874176,False
1737650846.4557507,2025-01-23 17:47:26,OTHER,PAUSE,,,,,,,,,,,,,,,,,,,,,,,,,,,,,,,,,,,,,,,555.4417695999146,False
1737650846.5937588,2025-01-23 17:47:26,OTHER,PAUSE,,,,,,,,,,,,,,,,,,,,,,,,,,,,,,,,,,,,,,,555.5797777175903,False
1737650846.758768,2025-01-23 17:47:26,OTHER,PAUSE,,,,,,,,,,,,,,,,,,,,,,,,,,,,,,,,,,,,,,,555.744786977768,False
1737650846.9207773,2025-01-23 17:47:26,OTHER,PAUSE,,,,,,,,,,,,,,,,,,,,,,,,,,,,,,,,,,,,,,,555.9067962169647,False
1737650847.0927873,2025-01-23 17:47:27,OTHER,PAUSE,,,,,,,,,,,,,,,,,,,,,,,,,,,,,,,,,,,,,,,556.0788061618805,False
1737650847.2747977,2025-01-23 17:47:27,OTHER,PAUSE,,,,,,,,,,,,,,,,,,,,,,,,,,,,,,,,,,,,,,,556.2608165740967,False
1737650847.4488075,2025-01-23 17:47:27,OTHER,PAUSE,,,,,,,,,,,,,,,,,,,,,,,,,,,,,,,,,,,,,,,556.434826374054,False
1737650847.6438189,2025-01-23 17:47:27,OTHER,PAUSE,,,,,,,,,,,,,,,,,,,,,,,,,,,,,,,,,,,,,,,556.6298377513885,False
1737650847.8538306,2025-01-23 17:47:27,OTHER,PAUSE,,,,,,,,,,,,,,,,,,,,,,,,,,,,,,,,,,,,,,,556.8398494720459,False
1737650848.0218403,2025-01-23 17:47:28,OTHER,PAUSE,,,,,,,,,,,,,,,,,,,,,,,,,,,,,,,,,,,,,,,557.0078592300415,False
1737650848.1818492,2025-01-23 17:47:28,OTHER,PAUSE,,,,,,,,,,,,,,,,,,,,,,,,,,,,,,,,,,,,,,,557.1678681373596,False
1737650848.3268578,2025-01-23 17:47:28,OTHER,PAUSE,,,,,,,,,,,,,,,,,,,,,,,,,,,,,,,,,,,,,,,557.312876701355,False
1737650848.4858668,2025-01-23 17:47:28,OTHER,PAUSE,,,,,,,,,,,,,,,,,,,,,,,,,,,,,,,,,,,,,,,557.4718856811523,False
1737650848.630875,2025-01-23 17:47:28,OTHER,PAUSE,,,,,,,,,,,,,,,,,,,,,,,,,,,,,,,,,,,,,,,557.6168940067291,False
1737650848.7738833,2025-01-23 17:47:28,OTHER,PAUSE,,,,,,,,,,,,,,,,,,,,,,,,,,,,,,,,,,,,,,,557.7599022388458,False
1737650848.9188914,2025-01-23 17:47:28,OTHER,PAUSE,,,,,,,,,,,,,,,,,,,,,,,,,,,,,,,,,,,,,,,557.904910326004,False
1737650849.0729003,2025-01-23 17:47:29,OTHER,PAUSE,,,,,,,,,,,,,,,,,,,,,,,,,,,,,,,,,,,,,,,558.0589191913605,False
1737650849.2259092,2025-01-23 17:47:29,OTHER,PAUSE,,,,,,,,,,,,,,,,,,,,,,,,,,,,,,,,,,,,,,,558.2119281291962,False
1737650849.378918,2025-01-23 17:47:29,OTHER,PAUSE,,,,,,,,,,,,,,,,,,,,,,,,,,,,,,,,,,,,,,,558.3649368286133,False
1737650849.537927,2025-01-23 17:47:29,OTHER,PAUSE,,,,,,,,,,,,,,,,,,,,,,,,,,,,,,,,,,,,,,,558.5239458084106,False
1737650849.6809351,2025-01-23 17:47:29,OTHER,PAUSE,,,,,,,,,,,,,,,,,,,,,,,,,,,,,,,,,,,,,,,558.6669540405273,False
1737650849.835944,2025-01-23 17:47:29,OTHER,PAUSE,,,,,,,,,,,,,,,,,,,,,,,,,,,,,,,,,,,,,,,558.8219628334045,False
1737650849.9679515,2025-01-23 17:47:29,OTHER,PAUSE,,,,,,,,,,,,,,,,,,,,,,,,,,,,,,,,,,,,,,,558.9539704322815,False
1737650850.1269608,2025-01-23 17:47:30,OTHER,PAUSE,,,,,,,,,,,,,,,,,,,,,,,,,,,,,,,,,,,,,,,559.1129796504974,False
1737650850.28897,2025-01-23 17:47:30,OTHER,PAUSE,,,,,,,,,,,,,,,,,,,,,,,,,,,,,,,,,,,,,,,559.2749888896942,False
1737650850.4379785,2025-01-23 17:47:30,OTHER,PAUSE,,,,,,,,,,,,,,,,,,,,,,,,,,,,,,,,,,,,,,,559.4239974021912,False
1737650850.570986,2025-01-23 17:47:30,OTHER,PAUSE,,,,,,,,,,,,,,,,,,,,,,,,,,,,,,,,,,,,,,,559.5570049285889,False
1737650850.7349954,2025-01-23 17:47:30,OTHER,PAUSE,,,,,,,,,,,,,,,,,,,,,,,,,,,,,,,,,,,,,,,559.7210142612457,False
1737650850.880004,2025-01-23 17:47:30,OTHER,PAUSE,,,,,,,,,,,,,,,,,,,,,,,,,,,,,,,,,,,,,,,559.8660228252411,False
1737650851.0330124,2025-01-23 17:47:31,OTHER,PAUSE,,,,,,,,,,,,,,,,,,,,,,,,,,,,,,,,,,,,,,,560.0190312862396,False
1737650851.177021,2025-01-23 17:47:31,OTHER,PAUSE,,,,,,,,,,,,,,,,,,,,,,,,,,,,,,,,,,,,,,,560.1630399227142,False
1737650851.3440301,2025-01-23 17:47:31,OTHER,PAUSE,,,,,,,,,,,,,,,,,,,,,,,,,,,,,,,,,,,,,,,560.3300490379333,False
1737650851.496039,2025-01-23 17:47:31,OTHER,PAUSE,,,,,,,,,,,,,,,,,,,,,,,,,,,,,,,,,,,,,,,560.4820578098297,False
1737650851.635047,2025-01-23 17:47:31,OTHER,PAUSE,,,,,,,,,,,,,,,,,,,,,,,,,,,,,,,,,,,,,,,560.6210658550262,False
1737650851.7960563,2025-01-23 17:47:31,OTHER,PAUSE,,,,,,,,,,,,,,,,,,,,,,,,,,,,,,,,,,,,,,,560.7820751667023,False
1737650851.9360642,2025-01-23 17:47:31,OTHER,PAUSE,,,,,,,,,,,,,,,,,,,,,,,,,,,,,,,,,,,,,,,560.9220831394196,False
1737650852.089073,2025-01-23 17:47:32,OTHER,PAUSE,,,,,,,,,,,,,,,,,,,,,,,,,,,,,,,,,,,,,,,561.0750918388367,False
1737650852.2230806,2025-01-23 17:47:32,OTHER,PAUSE,,,,,,,,,,,,,,,,,,,,,,,,,,,,,,,,,,,,,,,561.2090995311737,False
1737650852.4010909,2025-01-23 17:47:32,OTHER,PAUSE,,,,,,,,,,,,,,,,,,,,,,,,,,,,,,,,,,,,,,,561.3871097564697,False
1737650852.543099,2025-01-23 17:47:32,OTHER,PAUSE,,,,,,,,,,,,,,,,,,,,,,,,,,,,,,,,,,,,,,,561.5291178226471,False
1737650852.6791067,2025-01-23 17:47:32,OTHER,PAUSE,,,,,,,,,,,,,,,,,,,,,,,,,,,,,,,,,,,,,,,561.6651256084442,False
1737650852.8221147,2025-01-23 17:47:32,OTHER,PAUSE,,,,,,,,,,,,,,,,,,,,,,,,,,,,,,,,,,,,,,,561.8081336021423,False
1737650852.9761236,2025-01-23 17:47:32,OTHER,PAUSE,,,,,,,,,,,,,,,,,,,,,,,,,,,,,,,,,,,,,,,561.9621424674988,False
1737650853.1671348,2025-01-23 17:47:33,OTHER,PAUSE,,,,,,,,,,,,,,,,,,,,,,,,,,,,,,,,,,,,,,,562.1531536579132,False
1737650853.3261437,2025-01-23 17:47:33,OTHER,PAUSE,,,,,,,,,,,,,,,,,,,,,,,,,,,,,,,,,,,,,,,562.3121626377106,False
1737650853.475152,2025-01-23 17:47:33,OTHER,PAUSE,,,,,,,,,,,,,,,,,,,,,,,,,,,,,,,,,,,,,,,562.4611709117889,False
1737650853.61416,2025-01-23 17:47:33,OTHER,PAUSE,,,,,,,,,,,,,,,,,,,,,,,,,,,,,,,,,,,,,,,562.6001789569855,False
1737650853.7891703,2025-01-23 17:47:33,OTHER,PAUSE,,,,,,,,,,,,,,,,,,,,,,,,,,,,,,,,,,,,,,,562.7751891613007,False
1737650853.928178,2025-01-23 17:47:33,OTHER,PAUSE,,,,,,,,,,,,,,,,,,,,,,,,,,,,,,,,,,,,,,,562.9141969680786,False
1737650854.0641859,2025-01-23 17:47:34,OTHER,PAUSE,,,,,,,,,,,,,,,,,,,,,,,,,,,,,,,,,,,,,,,563.0502047538757,False
1737650854.1991937,2025-01-23 17:47:34,OTHER,PAUSE,,,,,,,,,,,,,,,,,,,,,,,,,,,,,,,,,,,,,,,563.1852126121521,False
1737650854.3352013,2025-01-23 17:47:34,OTHER,PAUSE,,,,,,,,,,,,,,,,,,,,,,,,,,,,,,,,,,,,,,,563.3212201595306,False
1737650854.4692092,2025-01-23 17:47:34,OTHER,PAUSE,,,,,,,,,,,,,,,,,,,,,,,,,,,,,,,,,,,,,,,563.4552280902863,False
1737650854.6342185,2025-01-23 17:47:34,OTHER,PAUSE,,,,,,,,,,,,,,,,,,,,,,,,,,,,,,,,,,,,,,,563.6202373504639,False
1737650854.7882273,2025-01-23 17:47:34,OTHER,PAUSE,,,,,,,,,,,,,,,,,,,,,,,,,,,,,,,,,,,,,,,563.7742462158203,False
1737650854.9492364,2025-01-23 17:47:34,OTHER,PAUSE,,,,,,,,,,,,,,,,,,,,,,,,,,,,,,,,,,,,,,,563.9352552890778,False
1737650855.0882444,2025-01-23 17:47:35,OTHER,PAUSE,,,,,,,,,,,,,,,,,,,,,,,,,,,,,,,,,,,,,,,564.0742633342743,False
1737650855.2402532,2025-01-23 17:47:35,OTHER,PAUSE,,,,,,,,,,,,,,,,,,,,,,,,,,,,,,,,,,,,,,,564.2262721061707,False
1737650855.395262,2025-01-23 17:47:35,OTHER,PAUSE,,,,,,,,,,,,,,,,,,,,,,,,,,,,,,,,,,,,,,,564.3812808990479,False
1737650855.553271,2025-01-23 17:47:35,OTHER,PAUSE,,,,,,,,,,,,,,,,,,,,,,,,,,,,,,,,,,,,,,,564.5392899513245,False
1737650855.7242808,2025-01-23 17:47:35,OTHER,PAUSE,,,,,,,,,,,,,,,,,,,,,,,,,,,,,,,,,,,,,,,564.7102997303009,False
1737650855.8782897,2025-01-23 17:47:35,OTHER,PAUSE,,,,,,,,,,,,,,,,,,,,,,,,,,,,,,,,,,,,,,,564.8643085956573,False
1737650856.024298,2025-01-23 17:47:36,OTHER,PAUSE,,,,,,,,,,,,,,,,,,,,,,,,,,,,,,,,,,,,,,,565.0103168487549,False
1737650856.1593058,2025-01-23 17:47:36,OTHER,PAUSE,,,,,,,,,,,,,,,,,,,,,,,,,,,,,,,,,,,,,,,565.1453247070312,False
1737650856.3153148,2025-01-23 17:47:36,OTHER,PAUSE,,,,,,,,,,,,,,,,,,,,,,,,,,,,,,,,,,,,,,,565.3013336658478,False
1737650856.4653232,2025-01-23 17:47:36,OTHER,PAUSE,,,,,,,,,,,,,,,,,,,,,,,,,,,,,,,,,,,,,,,565.4513421058655,False
1737650856.6293325,2025-01-23 17:47:36,OTHER,PAUSE,,,,,,,,,,,,,,,,,,,,,,,,,,,,,,,,,,,,,,,565.6153514385223,False
1737650856.778341,2025-01-23 17:47:36,OTHER,PAUSE,,,,,,,,,,,,,,,,,,,,,,,,,,,,,,,,,,,,,,,565.7643599510193,False
1737650856.9423506,2025-01-23 17:47:36,OTHER,PAUSE,,,,,,,,,,,,,,,,,,,,,,,,,,,,,,,,,,,,,,,565.9283695220947,False
1737650857.092359,2025-01-23 17:47:37,OTHER,PAUSE,,,,,,,,,,,,,,,,,,,,,,,,,,,,,,,,,,,,,,,566.0783779621124,False
1737650857.232367,2025-01-23 17:47:37,OTHER,PAUSE,,,,,,,,,,,,,,,,,,,,,,,,,,,,,,,,,,,,,,,566.2183859348297,False
1737650857.3813756,2025-01-23 17:47:37,OTHER,PAUSE,,,,,,,,,,,,,,,,,,,,,,,,,,,,,,,,,,,,,,,566.3673944473267,False
1737650857.528384,2025-01-23 17:47:37,OTHER,PAUSE,,,,,,,,,,,,,,,,,,,,,,,,,,,,,,,,,,,,,,,566.5144028663635,False
1737650857.6753926,2025-01-23 17:47:37,OTHER,PAUSE,,,,,,,,,,,,,,,,,,,,,,,,,,,,,,,,,,,,,,,566.661411523819,False
1737650857.8474023,2025-01-23 17:47:37,OTHER,PAUSE,,,,,,,,,,,,,,,,,,,,,,,,,,,,,,,,,,,,,,,566.8334212303162,False
1737650857.9924107,2025-01-23 17:47:37,OTHER,PAUSE,,,,,,,,,,,,,,,,,,,,,,,,,,,,,,,,,,,,,,,566.978429555893,False
1737650858.1284182,2025-01-23 17:47:38,OTHER,PAUSE,,,,,,,,,,,,,,,,,,,,,,,,,,,,,,,,,,,,,,,567.1144371032715,False
1737650858.279427,2025-01-23 17:47:38,OTHER,PAUSE,,,,,,,,,,,,,,,,,,,,,,,,,,,,,,,,,,,,,,,567.2654459476471,False
1737650858.4154348,2025-01-23 17:47:38,OTHER,PAUSE,,,,,,,,,,,,,,,,,,,,,,,,,,,,,,,,,,,,,,,567.4014537334442,False
1737650858.5904448,2025-01-23 17:47:38,OTHER,PAUSE,,,,,,,,,,,,,,,,,,,,,,,,,,,,,,,,,,,,,,,567.5764636993408,False
1737650858.736453,2025-01-23 17:47:38,OTHER,PAUSE,,,,,,,,,,,,,,,,,,,,,,,,,,,,,,,,,,,,,,,567.7224719524384,False
1737650858.8814616,2025-01-23 17:47:38,OTHER,PAUSE,,,,,,,,,,,,,,,,,,,,,,,,,,,,,,,,,,,,,,,567.8674805164337,False
1737650859.03447,2025-01-23 17:47:39,OTHER,PAUSE,,,,,,,,,,,,,,,,,,,,,,,,,,,,,,,,,,,,,,,568.0204889774323,False
1737650859.1834788,2025-01-23 17:47:39,OTHER,PAUSE,,,,,,,,,,,,,,,,,,,,,,,,,,,,,,,,,,,,,,,568.1694977283478,False
1737650859.324487,2025-01-23 17:47:39,OTHER,PAUSE,,,,,,,,,,,,,,,,,,,,,,,,,,,,,,,,,,,,,,,568.3105058670044,False
1737650859.4784956,2025-01-23 17:47:39,OTHER,PAUSE,,,,,,,,,,,,,,,,,,,,,,,,,,,,,,,,,,,,,,,568.4645144939423,False
1737650859.6665063,2025-01-23 17:47:39,OTHER,PAUSE,,,,,,,,,,,,,,,,,,,,,,,,,,,,,,,,,,,,,,,568.6525251865387,False
1737650859.8225152,2025-01-23 17:47:39,OTHER,PAUSE,,,,,,,,,,,,,,,,,,,,,,,,,,,,,,,,,,,,,,,568.8085341453552,False
1737650859.9875245,2025-01-23 17:47:39,OTHER,PAUSE,,,,,,,,,,,,,,,,,,,,,,,,,,,,,,,,,,,,,,,568.9735434055328,False
1737650860.1205323,2025-01-23 17:47:40,OTHER,PAUSE,,,,,,,,,,,,,,,,,,,,,,,,,,,,,,,,,,,,,,,569.1065511703491,False
1737650860.2855415,2025-01-23 17:47:40,OTHER,PAUSE,,,,,,,,,,,,,,,,,,,,,,,,,,,,,,,,,,,,,,,569.2715604305267,False
1737650860.4275498,2025-01-23 17:47:40,OTHER,PAUSE,,,,,,,,,,,,,,,,,,,,,,,,,,,,,,,,,,,,,,,569.4135687351227,False
1737650860.5925593,2025-01-23 17:47:40,OTHER,PAUSE,,,,,,,,,,,,,,,,,,,,,,,,,,,,,,,,,,,,,,,569.5785782337189,False
1737650860.7375674,2025-01-23 17:47:40,OTHER,PAUSE,,,,,,,,,,,,,,,,,,,,,,,,,,,,,,,,,,,,,,,569.7235863208771,False
1737650860.8915763,2025-01-23 17:47:40,OTHER,PAUSE,,,,,,,,,,,,,,,,,,,,,,,,,,,,,,,,,,,,,,,569.8775951862335,False
1737650861.039585,2025-01-23 17:47:41,OTHER,PAUSE,,,,,,,,,,,,,,,,,,,,,,,,,,,,,,,,,,,,,,,570.0256040096283,False
1737650861.199594,2025-01-23 17:47:41,OTHER,PAUSE,,,,,,,,,,,,,,,,,,,,,,,,,,,,,,,,,,,,,,,570.1856129169464,False
1737650861.3626032,2025-01-23 17:47:41,OTHER,PAUSE,,,,,,,,,,,,,,,,,,,,,,,,,,,,,,,,,,,,,,,570.3486220836639,False
1737650861.5206122,2025-01-23 17:47:41,OTHER,PAUSE,,,,,,,,,,,,,,,,,,,,,,,,,,,,,,,,,,,,,,,570.5066311359406,False
1737650861.6686208,2025-01-23 17:47:41,OTHER,PAUSE,,,,,,,,,,,,,,,,,,,,,,,,,,,,,,,,,,,,,,,570.6546397209167,False
1737650861.811629,2025-01-23 17:47:41,OTHER,PAUSE,,,,,,,,,,,,,,,,,,,,,,,,,,,,,,,,,,,,,,,570.7976479530334,False
1737650861.9796386,2025-01-23 17:47:41,OTHER,PAUSE,,,,,,,,,,,,,,,,,,,,,,,,,,,,,,,,,,,,,,,570.9656574726105,False
1737650862.1346476,2025-01-23 17:47:42,OTHER,PAUSE,,,,,,,,,,,,,,,,,,,,,,,,,,,,,,,,,,,,,,,571.1206665039062,False
1737650862.2766557,2025-01-23 17:47:42,OTHER,PAUSE,,,,,,,,,,,,,,,,,,,,,,,,,,,,,,,,,,,,,,,571.2626745700836,False
1737650862.4346647,2025-01-23 17:47:42,OTHER,PAUSE,,,,,,,,,,,,,,,,,,,,,,,,,,,,,,,,,,,,,,,571.4206836223602,False
1737650862.6076746,2025-01-23 17:47:42,OTHER,PAUSE,,,,,,,,,,,,,,,,,,,,,,,,,,,,,,,,,,,,,,,571.5936934947968,False
1737650862.7696836,2025-01-23 17:47:42,OTHER,PAUSE,,,,,,,,,,,,,,,,,,,,,,,,,,,,,,,,,,,,,,,571.755702495575,False
1737650862.9036915,2025-01-23 17:47:42,OTHER,PAUSE,,,,,,,,,,,,,,,,,,,,,,,,,,,,,,,,,,,,,,,571.8897104263306,False
1737650863.0747013,2025-01-23 17:47:43,OTHER,PAUSE,,,,,,,,,,,,,,,,,,,,,,,,,,,,,,,,,,,,,,,572.060720205307,False
1737650863.22771,2025-01-23 17:47:43,OTHER,PAUSE,,,,,,,,,,,,,,,,,,,,,,,,,,,,,,,,,,,,,,,572.2137289047241,False
1737650863.39972,2025-01-23 17:47:43,OTHER,PAUSE,,,,,,,,,,,,,,,,,,,,,,,,,,,,,,,,,,,,,,,572.3857388496399,False
1737650863.6157322,2025-01-23 17:47:43,OTHER,PAUSE,,,,,,,,,,,,,,,,,,,,,,,,,,,,,,,,,,,,,,,572.6017510890961,False
1737650863.8127434,2025-01-23 17:47:43,OTHER,PAUSE,,,,,,,,,,,,,,,,,,,,,,,,,,,,,,,,,,,,,,,572.7987623214722,False
1737650864.0087547,2025-01-23 17:47:44,OTHER,PAUSE,,,,,,,,,,,,,,,,,,,,,,,,,,,,,,,,,,,,,,,572.9947736263275,False
1737650864.2017655,2025-01-23 17:47:44,OTHER,PAUSE,,,,,,,,,,,,,,,,,,,,,,,,,,,,,,,,,,,,,,,573.1877844333649,False
1737650864.3357735,2025-01-23 17:47:44,OTHER,PAUSE,,,,,,,,,,,,,,,,,,,,,,,,,,,,,,,,,,,,,,,573.3217923641205,False
1737650864.4787817,2025-01-23 17:47:44,OTHER,PAUSE,,,,,,,,,,,,,,,,,,,,,,,,,,,,,,,,,,,,,,,573.4648005962372,False
1737650864.6187897,2025-01-23 17:47:44,OTHER,PAUSE,,,,,,,,,,,,,,,,,,,,,,,,,,,,,,,,,,,,,,,573.6048085689545,False
1737650864.7917995,2025-01-23 17:47:44,OTHER,PAUSE,,,,,,,,,,,,,,,,,,,,,,,,,,,,,,,,,,,,,,,573.777818441391,False
1737650864.9318075,2025-01-23 17:47:44,OTHER,PAUSE,,,,,,,,,,,,,,,,,,,,,,,,,,,,,,,,,,,,,,,573.9178264141083,False
1737650865.0708156,2025-01-23 17:47:45,OTHER,PAUSE,,,,,,,,,,,,,,,,,,,,,,,,,,,,,,,,,,,,,,,574.0568344593048,False
1737650865.203823,2025-01-23 17:47:45,OTHER,PAUSE,,,,,,,,,,,,,,,,,,,,,,,,,,,,,,,,,,,,,,,574.1898419857025,False
1737650865.3698325,2025-01-23 17:47:45,OTHER,PAUSE,,,,,,,,,,,,,,,,,,,,,,,,,,,,,,,,,,,,,,,574.3558514118195,False
1737650865.518841,2025-01-23 17:47:45,OTHER,PAUSE,,,,,,,,,,,,,,,,,,,,,,,,,,,,,,,,,,,,,,,574.5048599243164,False
1737650865.6838505,2025-01-23 17:47:45,OTHER,PAUSE,,,,,,,,,,,,,,,,,,,,,,,,,,,,,,,,,,,,,,,574.6698694229126,False
1737650865.8248587,2025-01-23 17:47:45,OTHER,PAUSE,,,,,,,,,,,,,,,,,,,,,,,,,,,,,,,,,,,,,,,574.8108775615692,False
1737650865.973867,2025-01-23 17:47:45,OTHER,PAUSE,,,,,,,,,,,,,,,,,,,,,,,,,,,,,,,,,,,,,,,574.9598858356476,False
1737650866.129876,2025-01-23 17:47:46,OTHER,PAUSE,,,,,,,,,,,,,,,,,,,,,,,,,,,,,,,,,,,,,,,575.1158947944641,False
1737650866.2728841,2025-01-23 17:47:46,OTHER,PAUSE,,,,,,,,,,,,,,,,,,,,,,,,,,,,,,,,,,,,,,,575.2589030265808,False
1737650866.427893,2025-01-23 17:47:46,OTHER,PAUSE,,,,,,,,,,,,,,,,,,,,,,,,,,,,,,,,,,,,,,,575.413911819458,False
1737650866.5749016,2025-01-23 17:47:46,OTHER,PAUSE,,,,,,,,,,,,,,,,,,,,,,,,,,,,,,,,,,,,,,,575.5609204769135,False
1737650866.7209098,2025-01-23 17:47:46,OTHER,PAUSE,,,,,,,,,,,,,,,,,,,,,,,,,,,,,,,,,,,,,,,575.706928730011,False
1737650866.8689182,2025-01-23 17:47:46,OTHER,PAUSE,,,,,,,,,,,,,,,,,,,,,,,,,,,,,,,,,,,,,,,575.8549370765686,False
1737650867.036928,2025-01-23 17:47:47,OTHER,PAUSE,,,,,,,,,,,,,,,,,,,,,,,,,,,,,,,,,,,,,,,576.0229468345642,False
1737650867.1919367,2025-01-23 17:47:47,OTHER,PAUSE,,,,,,,,,,,,,,,,,,,,,,,,,,,,,,,,,,,,,,,576.1779556274414,False
1737650867.335945,2025-01-23 17:47:47,OTHER,PAUSE,,,,,,,,,,,,,,,,,,,,,,,,,,,,,,,,,,,,,,,576.3219637870789,False
1737650867.473953,2025-01-23 17:47:47,OTHER,PAUSE,,,,,,,,,,,,,,,,,,,,,,,,,,,,,,,,,,,,,,,576.4599719047546,False
1737650867.6419625,2025-01-23 17:47:47,OTHER,PAUSE,,,,,,,,,,,,,,,,,,,,,,,,,,,,,,,,,,,,,,,576.6279814243317,False
1737650867.8099723,2025-01-23 17:47:47,OTHER,PAUSE,,,,,,,,,,,,,,,,,,,,,,,,,,,,,,,,,,,,,,,576.7959911823273,False
1737650867.9509802,2025-01-23 17:47:47,OTHER,PAUSE,,,,,,,,,,,,,,,,,,,,,,,,,,,,,,,,,,,,,,,576.9369990825653,False
1737650868.12199,2025-01-23 17:47:48,OTHER,PAUSE,,,,,,,,,,,,,,,,,,,,,,,,,,,,,,,,,,,,,,,577.1080088615417,False
1737650868.2669983,2025-01-23 17:47:48,OTHER,PAUSE,,,,,,,,,,,,,,,,,,,,,,,,,,,,,,,,,,,,,,,577.2530171871185,False
1737650868.4440084,2025-01-23 17:47:48,OTHER,PAUSE,,,,,,,,,,,,,,,,,,,,,,,,,,,,,,,,,,,,,,,577.4300272464752,False
1737650868.5820162,2025-01-23 17:47:48,OTHER,PAUSE,,,,,,,,,,,,,,,,,,,,,,,,,,,,,,,,,,,,,,,577.5680351257324,False
1737650868.752026,2025-01-23 17:47:48,OTHER,PAUSE,,,,,,,,,,,,,,,,,,,,,,,,,,,,,,,,,,,,,,,577.7380449771881,False
1737650868.9130352,2025-01-23 17:47:48,OTHER,PAUSE,,,,,,,,,,,,,,,,,,,,,,,,,,,,,,,,,,,,,,,577.8990540504456,False
1737650869.048043,2025-01-23 17:47:49,OTHER,PAUSE,,,,,,,,,,,,,,,,,,,,,,,,,,,,,,,,,,,,,,,578.0340619087219,False
1737650869.1970513,2025-01-23 17:47:49,OTHER,PAUSE,,,,,,,,,,,,,,,,,,,,,,,,,,,,,,,,,,,,,,,578.1830701828003,False
1737650869.34706,2025-01-23 17:47:49,OTHER,PAUSE,,,,,,,,,,,,,,,,,,,,,,,,,,,,,,,,,,,,,,,578.3330788612366,False
1737650869.4820678,2025-01-23 17:47:49,OTHER,PAUSE,,,,,,,,,,,,,,,,,,,,,,,,,,,,,,,,,,,,,,,578.4680867195129,False
1737650869.6180754,2025-01-23 17:47:49,OTHER,PAUSE,,,,,,,,,,,,,,,,,,,,,,,,,,,,,,,,,,,,,,,578.6040942668915,False
1737650869.7800848,2025-01-23 17:47:49,OTHER,PAUSE,,,,,,,,,,,,,,,,,,,,,,,,,,,,,,,,,,,,,,,578.7661037445068,False
1737650869.9290934,2025-01-23 17:47:49,OTHER,PAUSE,,,,,,,,,,,,,,,,,,,,,,,,,,,,,,,,,,,,,,,578.9151122570038,False
1737650870.0781019,2025-01-23 17:47:50,OTHER,PAUSE,,,,,,,,,,,,,,,,,,,,,,,,,,,,,,,,,,,,,,,579.0641207695007,False
1737650870.2241101,2025-01-23 17:47:50,OTHER,PAUSE,,,,,,,,,,,,,,,,,,,,,,,,,,,,,,,,,,,,,,,579.2101290225983,False
1737650870.3981202,2025-01-23 17:47:50,OTHER,PAUSE,,,,,,,,,,,,,,,,,,,,,,,,,,,,,,,,,,,,,,,579.3841390609741,False
1737650870.5481288,2025-01-23 17:47:50,OTHER,PAUSE,,,,,,,,,,,,,,,,,,,,,,,,,,,,,,,,,,,,,,,579.5341477394104,False
1737650870.689137,2025-01-23 17:47:50,OTHER,PAUSE,,,,,,,,,,,,,,,,,,,,,,,,,,,,,,,,,,,,,,,579.675155878067,False
1737650870.837145,2025-01-23 17:47:50,OTHER,PAUSE,,,,,,,,,,,,,,,,,,,,,,,,,,,,,,,,,,,,,,,579.823163986206,False
1737650871.0021548,2025-01-23 17:47:51,OTHER,PAUSE,,,,,,,,,,,,,,,,,,,,,,,,,,,,,,,,,,,,,,,579.9881737232208,False
1737650871.1541634,2025-01-23 17:47:51,OTHER,PAUSE,,,,,,,,,,,,,,,,,,,,,,,,,,,,,,,,,,,,,,,580.1401822566986,False
1737650871.2891712,2025-01-23 17:47:51,OTHER,PAUSE,,,,,,,,,,,,,,,,,,,,,,,,,,,,,,,,,,,,,,,580.275190114975,False
1737650871.4361794,2025-01-23 17:47:51,OTHER,PAUSE,,,,,,,,,,,,,,,,,,,,,,,,,,,,,,,,,,,,,,,580.4221982955933,False
1737650871.5901883,2025-01-23 17:47:51,OTHER,PAUSE,,,,,,,,,,,,,,,,,,,,,,,,,,,,,,,,,,,,,,,580.5762071609497,False
1737650871.739197,2025-01-23 17:47:51,OTHER,PAUSE,,,,,,,,,,,,,,,,,,,,,,,,,,,,,,,,,,,,,,,580.7252159118652,False
1737650871.881205,2025-01-23 17:47:51,OTHER,PAUSE,,,,,,,,,,,,,,,,,,,,,,,,,,,,,,,,,,,,,,,580.8672239780426,False
1737650872.040214,2025-01-23 17:47:52,OTHER,PAUSE,,,,,,,,,,,,,,,,,,,,,,,,,,,,,,,,,,,,,,,581.02623295784,False
1737650872.1952229,2025-01-23 17:47:52,OTHER,PAUSE,,,,,,,,,,,,,,,,,,,,,,,,,,,,,,,,,,,,,,,581.1812417507172,False
1737650872.3412313,2025-01-23 17:47:52,OTHER,PAUSE,,,,,,,,,,,,,,,,,,,,,,,,,,,,,,,,,,,,,,,581.3272502422333,False
1737650872.4762392,2025-01-23 17:47:52,OTHER,PAUSE,,,,,,,,,,,,,,,,,,,,,,,,,,,,,,,,,,,,,,,581.4622581005096,False
1737650872.647249,2025-01-23 17:47:52,OTHER,PAUSE,,,,,,,,,,,,,,,,,,,,,,,,,,,,,,,,,,,,,,,581.6332678794861,False
1737650872.8152583,2025-01-23 17:47:52,OTHER,PAUSE,,,,,,,,,,,,,,,,,,,,,,,,,,,,,,,,,,,,,,,581.8012771606445,False
1737650872.9592667,2025-01-23 17:47:52,OTHER,PAUSE,,,,,,,,,,,,,,,,,,,,,,,,,,,,,,,,,,,,,,,581.9452855587006,False
1737650873.1012747,2025-01-23 17:47:53,OTHER,PAUSE,,,,,,,,,,,,,,,,,,,,,,,,,,,,,,,,,,,,,,,582.0872936248779,False
1737650873.2712846,2025-01-23 17:47:53,OTHER,PAUSE,,,,,,,,,,,,,,,,,,,,,,,,,,,,,,,,,,,,,,,582.2573034763336,False
1737650873.437294,2025-01-23 17:47:53,OTHER,PAUSE,,,,,,,,,,,,,,,,,,,,,,,,,,,,,,,,,,,,,,,582.4233129024506,False
1737650873.5763018,2025-01-23 17:47:53,OTHER,PAUSE,,,,,,,,,,,,,,,,,,,,,,,,,,,,,,,,,,,,,,,582.5623207092285,False
1737650873.735311,2025-01-23 17:47:53,OTHER,PAUSE,,,,,,,,,,,,,,,,,,,,,,,,,,,,,,,,,,,,,,,582.7213299274445,False
1737650873.875319,2025-01-23 17:47:53,OTHER,PAUSE,,,,,,,,,,,,,,,,,,,,,,,,,,,,,,,,,,,,,,,582.8613379001617,False
1737650874.0373285,2025-01-23 17:47:54,OTHER,PAUSE,,,,,,,,,,,,,,,,,,,,,,,,,,,,,,,,,,,,,,,583.0233473777771,False
1737650874.1753361,2025-01-23 17:47:54,OTHER,PAUSE,,,,,,,,,,,,,,,,,,,,,,,,,,,,,,,,,,,,,,,583.1613550186157,False
1737650874.3383455,2025-01-23 17:47:54,OTHER,PAUSE,,,,,,,,,,,,,,,,,,,,,,,,,,,,,,,,,,,,,,,583.3243644237518,False
1737650874.4813538,2025-01-23 17:47:54,OTHER,PAUSE,,,,,,,,,,,,,,,,,,,,,,,,,,,,,,,,,,,,,,,583.4673726558685,False
1737650874.629362,2025-01-23 17:47:54,OTHER,PAUSE,,,,,,,,,,,,,,,,,,,,,,,,,,,,,,,,,,,,,,,583.6153810024261,False
1737650874.7683702,2025-01-23 17:47:54,OTHER,PAUSE,,,,,,,,,,,,,,,,,,,,,,,,,,,,,,,,,,,,,,,583.7543890476227,False
1737650874.9323795,2025-01-23 17:47:54,OTHER,PAUSE,,,,,,,,,,,,,,,,,,,,,,,,,,,,,,,,,,,,,,,583.9183983802795,False
1737650875.081388,2025-01-23 17:47:55,OTHER,PAUSE,,,,,,,,,,,,,,,,,,,,,,,,,,,,,,,,,,,,,,,584.0674068927765,False
1737650875.2263963,2025-01-23 17:47:55,OTHER,PAUSE,,,,,,,,,,,,,,,,,,,,,,,,,,,,,,,,,,,,,,,584.2124152183533,False
1737650875.380405,2025-01-23 17:47:55,OTHER,PAUSE,,,,,,,,,,,,,,,,,,,,,,,,,,,,,,,,,,,,,,,584.3664238452911,False
1737650875.519413,2025-01-23 17:47:55,OTHER,PAUSE,,,,,,,,,,,,,,,,,,,,,,,,,,,,,,,,,,,,,,,584.5054318904877,False
1737650875.672422,2025-01-23 17:47:55,OTHER,PAUSE,,,,,,,,,,,,,,,,,,,,,,,,,,,,,,,,,,,,,,,584.6584408283234,False
1737650875.8104298,2025-01-23 17:47:55,OTHER,PAUSE,,,,,,,,,,,,,,,,,,,,,,,,,,,,,,,,,,,,,,,584.7964487075806,False
1737650875.9684389,2025-01-23 17:47:55,OTHER,PAUSE,,,,,,,,,,,,,,,,,,,,,,,,,,,,,,,,,,,,,,,584.9544577598572,False
1737650876.1174474,2025-01-23 17:47:56,OTHER,PAUSE,,,,,,,,,,,,,,,,,,,,,,,,,,,,,,,,,,,,,,,585.1034662723541,False
1737650876.271456,2025-01-23 17:47:56,OTHER,PAUSE,,,,,,,,,,,,,,,,,,,,,,,,,,,,,,,,,,,,,,,585.257474899292,False
1737650876.407464,2025-01-23 17:47:56,OTHER,PAUSE,,,,,,,,,,,,,,,,,,,,,,,,,,,,,,,,,,,,,,,585.3934829235077,False
1737650876.5734732,2025-01-23 17:47:56,OTHER,PAUSE,,,,,,,,,,,,,,,,,,,,,,,,,,,,,,,,,,,,,,,585.559492111206,False
1737650876.7194817,2025-01-23 17:47:56,OTHER,PAUSE,,,,,,,,,,,,,,,,,,,,,,,,,,,,,,,,,,,,,,,585.7055006027222,False
1737650876.880491,2025-01-23 17:47:56,OTHER,PAUSE,,,,,,,,,,,,,,,,,,,,,,,,,,,,,,,,,,,,,,,585.8665099143982,False
1737650877.023499,2025-01-23 17:47:57,OTHER,PAUSE,,,,,,,,,,,,,,,,,,,,,,,,,,,,,,,,,,,,,,,586.0095179080963,False
1737650877.2225106,2025-01-23 17:47:57,OTHER,PAUSE,,,,,,,,,,,,,,,,,,,,,,,,,,,,,,,,,,,,,,,586.2085294723511,False
1737650877.3845196,2025-01-23 17:47:57,OTHER,PAUSE,,,,,,,,,,,,,,,,,,,,,,,,,,,,,,,,,,,,,,,586.3705384731293,False
1737650877.5215275,2025-01-23 17:47:57,OTHER,PAUSE,,,,,,,,,,,,,,,,,,,,,,,,,,,,,,,,,,,,,,,586.5075464248657,False
1737650877.685537,2025-01-23 17:47:57,OTHER,PAUSE,,,,,,,,,,,,,,,,,,,,,,,,,,,,,,,,,,,,,,,586.6715559959412,False
1737650877.8385456,2025-01-23 17:47:57,OTHER,PAUSE,,,,,,,,,,,,,,,,,,,,,,,,,,,,,,,,,,,,,,,586.8245644569397,False
1737650877.9835541,2025-01-23 17:47:57,OTHER,PAUSE,,,,,,,,,,,,,,,,,,,,,,,,,,,,,,,,,,,,,,,586.9695730209351,False
1737650878.123562,2025-01-23 17:47:58,OTHER,PAUSE,,,,,,,,,,,,,,,,,,,,,,,,,,,,,,,,,,,,,,,587.1095809936523,False
1737650878.2925715,2025-01-23 17:47:58,OTHER,PAUSE,,,,,,,,,,,,,,,,,,,,,,,,,,,,,,,,,,,,,,,587.2785904407501,False
1737650878.43858,2025-01-23 17:47:58,OTHER,PAUSE,,,,,,,,,,,,,,,,,,,,,,,,,,,,,,,,,,,,,,,587.4245989322662,False
1737650878.5765877,2025-01-23 17:47:58,OTHER,PAUSE,,,,,,,,,,,,,,,,,,,,,,,,,,,,,,,,,,,,,,,587.5626065731049,False
1737650878.7205963,2025-01-23 17:47:58,OTHER,PAUSE,,,,,,,,,,,,,,,,,,,,,,,,,,,,,,,,,,,,,,,587.7066152095795,False
1737650878.8786054,2025-01-23 17:47:58,OTHER,PAUSE,,,,,,,,,,,,,,,,,,,,,,,,,,,,,,,,,,,,,,,587.8646242618561,False
1737650879.0256135,2025-01-23 17:47:59,OTHER,PAUSE,,,,,,,,,,,,,,,,,,,,,,,,,,,,,,,,,,,,,,,588.0116324424744,False
1737650879.1786225,2025-01-23 17:47:59,OTHER,PAUSE,,,,,,,,,,,,,,,,,,,,,,,,,,,,,,,,,,,,,,,588.1646413803101,False
1737650879.346632,2025-01-23 17:47:59,OTHER,PAUSE,,,,,,,,,,,,,,,,,,,,,,,,,,,,,,,,,,,,,,,588.3326508998871,False
1737650879.5326426,2025-01-23 17:47:59,OTHER,PAUSE,,,,,,,,,,,,,,,,,,,,,,,,,,,,,,,,,,,,,,,588.5186614990234,False
1737650879.7376542,2025-01-23 17:47:59,OTHER,PAUSE,,,,,,,,,,,,,,,,,,,,,,,,,,,,,,,,,,,,,,,588.7236731052399,False
1737650879.9526665,2025-01-23 17:47:59,OTHER,PAUSE,,,,,,,,,,,,,,,,,,,,,,,,,,,,,,,,,,,,,,,588.9386854171753,False
1737650880.1626785,2025-01-23 17:48:00,OTHER,PAUSE,,,,,,,,,,,,,,,,,,,,,,,,,,,,,,,,,,,,,,,589.1486973762512,False
1737650880.3086872,2025-01-23 17:48:00,OTHER,PAUSE,,,,,,,,,,,,,,,,,,,,,,,,,,,,,,,,,,,,,,,589.2947061061859,False
1737650880.4516952,2025-01-23 17:48:00,OTHER,PAUSE,,,,,,,,,,,,,,,,,,,,,,,,,,,,,,,,,,,,,,,589.437714099884,False
1737650880.6067042,2025-01-23 17:48:00,OTHER,PAUSE,,,,,,,,,,,,,,,,,,,,,,,,,,,,,,,,,,,,,,,589.5927231311798,False
1737650880.7697134,2025-01-23 17:48:00,OTHER,PAUSE,,,,,,,,,,,,,,,,,,,,,,,,,,,,,,,,,,,,,,,589.7557322978973,False
1737650880.9147217,2025-01-23 17:48:00,OTHER,PAUSE,,,,,,,,,,,,,,,,,,,,,,,,,,,,,,,,,,,,,,,589.9007406234741,False
1737650881.0637302,2025-01-23 17:48:01,OTHER,PAUSE,,,,,,,,,,,,,,,,,,,,,,,,,,,,,,,,,,,,,,,590.0497491359711,False
1737650881.23774,2025-01-23 17:48:01,OTHER,PAUSE,,,,,,,,,,,,,,,,,,,,,,,,,,,,,,,,,,,,,,,590.2237589359283,False
1737650881.388749,2025-01-23 17:48:01,OTHER,PAUSE,,,,,,,,,,,,,,,,,,,,,,,,,,,,,,,,,,,,,,,590.374767780304,False
1737650881.5287566,2025-01-23 17:48:01,OTHER,PAUSE,,,,,,,,,,,,,,,,,,,,,,,,,,,,,,,,,,,,,,,590.5147755146027,False
1737650881.685766,2025-01-23 17:48:01,OTHER,PAUSE,,,,,,,,,,,,,,,,,,,,,,,,,,,,,,,,,,,,,,,590.6717848777771,False
1737650881.844775,2025-01-23 17:48:01,OTHER,PAUSE,,,,,,,,,,,,,,,,,,,,,,,,,,,,,,,,,,,,,,,590.8307938575745,False
1737650881.9957833,2025-01-23 17:48:01,OTHER,PAUSE,,,,,,,,,,,,,,,,,,,,,,,,,,,,,,,,,,,,,,,590.9818022251129,False
1737650882.1577928,2025-01-23 17:48:02,OTHER,PAUSE,,,,,,,,,,,,,,,,,,,,,,,,,,,,,,,,,,,,,,,591.1438117027283,False
1737650882.317802,2025-01-23 17:48:02,OTHER,PAUSE,,,,,,,,,,,,,,,,,,,,,,,,,,,,,,,,,,,,,,,591.303820848465,False
1737650882.4718108,2025-01-23 17:48:02,OTHER,PAUSE,,,,,,,,,,,,,,,,,,,,,,,,,,,,,,,,,,,,,,,591.4578297138214,False
1737650882.6148188,2025-01-23 17:48:02,OTHER,PAUSE,,,,,,,,,,,,,,,,,,,,,,,,,,,,,,,,,,,,,,,591.6008377075195,False
1737650882.791829,2025-01-23 17:48:02,OTHER,PAUSE,,,,,,,,,,,,,,,,,,,,,,,,,,,,,,,,,,,,,,,591.7778480052948,False
1737650882.9448378,2025-01-23 17:48:02,OTHER,PAUSE,,,,,,,,,,,,,,,,,,,,,,,,,,,,,,,,,,,,,,,591.9308567047119,False
1737650883.0818455,2025-01-23 17:48:03,OTHER,PAUSE,,,,,,,,,,,,,,,,,,,,,,,,,,,,,,,,,,,,,,,592.0678644180298,False
1737650883.2508554,2025-01-23 17:48:03,OTHER,PAUSE,,,,,,,,,,,,,,,,,,,,,,,,,,,,,,,,,,,,,,,592.2368743419647,False
1737650883.4118645,2025-01-23 17:48:03,OTHER,PAUSE,,,,,,,,,,,,,,,,,,,,,,,,,,,,,,,,,,,,,,,592.3978834152222,False
1737650883.559873,2025-01-23 17:48:03,OTHER,PAUSE,,,,,,,,,,,,,,,,,,,,,,,,,,,,,,,,,,,,,,,592.5458920001984,False
1737650883.7098815,2025-01-23 17:48:03,OTHER,PAUSE,,,,,,,,,,,,,,,,,,,,,,,,,,,,,,,,,,,,,,,592.6959004402161,False
1737650883.8688905,2025-01-23 17:48:03,OTHER,PAUSE,,,,,,,,,,,,,,,,,,,,,,,,,,,,,,,,,,,,,,,592.8549094200134,False
1737650884.0258994,2025-01-23 17:48:04,OTHER,PAUSE,,,,,,,,,,,,,,,,,,,,,,,,,,,,,,,,,,,,,,,593.0119183063507,False
1737650884.1649075,2025-01-23 17:48:04,OTHER,PAUSE,,,,,,,,,,,,,,,,,,,,,,,,,,,,,,,,,,,,,,,593.1509263515472,False
1737650884.3249168,2025-01-23 17:48:04,OTHER,PAUSE,,,,,,,,,,,,,,,,,,,,,,,,,,,,,,,,,,,,,,,593.3109357357025,False
1737650884.4619246,2025-01-23 17:48:04,OTHER,PAUSE,,,,,,,,,,,,,,,,,,,,,,,,,,,,,,,,,,,,,,,593.4479434490204,False
1737650884.5969324,2025-01-23 17:48:04,OTHER,PAUSE,,,,,,,,,,,,,,,,,,,,,,,,,,,,,,,,,,,,,,,593.5829513072968,False
1737650884.7469409,2025-01-23 17:48:04,OTHER,PAUSE,,,,,,,,,,,,,,,,,,,,,,,,,,,,,,,,,,,,,,,593.7329597473145,False
1737650884.8839488,2025-01-23 17:48:04,OTHER,PAUSE,,,,,,,,,,,,,,,,,,,,,,,,,,,,,,,,,,,,,,,593.8699676990509,False
1737650885.0439577,2025-01-23 17:48:05,OTHER,PAUSE,,,,,,,,,,,,,,,,,,,,,,,,,,,,,,,,,,,,,,,594.029976606369,False
1737650885.1919663,2025-01-23 17:48:05,OTHER,PAUSE,,,,,,,,,,,,,,,,,,,,,,,,,,,,,,,,,,,,,,,594.1779851913452,False
1737650885.3499753,2025-01-23 17:48:05,OTHER,PAUSE,,,,,,,,,,,,,,,,,,,,,,,,,,,,,,,,,,,,,,,594.3359942436218,False
1737650885.4999838,2025-01-23 17:48:05,OTHER,PAUSE,,,,,,,,,,,,,,,,,,,,,,,,,,,,,,,,,,,,,,,594.4860026836395,False
1737650885.660993,2025-01-23 17:48:05,OTHER,PAUSE,,,,,,,,,,,,,,,,,,,,,,,,,,,,,,,,,,,,,,,594.6470119953156,False
1737650885.8030012,2025-01-23 17:48:05,OTHER,PAUSE,,,,,,,,,,,,,,,,,,,,,,,,,,,,,,,,,,,,,,,594.7890200614929,False
1737650885.941009,2025-01-23 17:48:05,OTHER,PAUSE,,,,,,,,,,,,,,,,,,,,,,,,,,,,,,,,,,,,,,,594.9270279407501,False
1737650886.1060185,2025-01-23 17:48:06,OTHER,PAUSE,,,,,,,,,,,,,,,,,,,,,,,,,,,,,,,,,,,,,,,595.0920374393463,False
1737650886.269028,2025-01-23 17:48:06,OTHER,PAUSE,,,,,,,,,,,,,,,,,,,,,,,,,,,,,,,,,,,,,,,595.2550468444824,False
1737650886.4180365,2025-01-23 17:48:06,OTHER,PAUSE,,,,,,,,,,,,,,,,,,,,,,,,,,,,,,,,,,,,,,,595.4040553569794,False
1737650886.5560443,2025-01-23 17:48:06,OTHER,PAUSE,,,,,,,,,,,,,,,,,,,,,,,,,,,,,,,,,,,,,,,595.5420632362366,False
1737650886.7340543,2025-01-23 17:48:06,OTHER,PAUSE,,,,,,,,,,,,,,,,,,,,,,,,,,,,,,,,,,,,,,,595.720073223114,False
1737650886.8870633,2025-01-23 17:48:06,OTHER,PAUSE,,,,,,,,,,,,,,,,,,,,,,,,,,,,,,,,,,,,,,,595.8730821609497,False
1737650887.0250711,2025-01-23 17:48:07,OTHER,PAUSE,,,,,,,,,,,,,,,,,,,,,,,,,,,,,,,,,,,,,,,596.0110900402069,False
1737650887.1730795,2025-01-23 17:48:07,OTHER,PAUSE,,,,,,,,,,,,,,,,,,,,,,,,,,,,,,,,,,,,,,,596.1590983867645,False
1737650887.318088,2025-01-23 17:48:07,OTHER,PAUSE,,,,,,,,,,,,,,,,,,,,,,,,,,,,,,,,,,,,,,,596.3041069507599,False
1737650887.4890978,2025-01-23 17:48:07,OTHER,PAUSE,,,,,,,,,,,,,,,,,,,,,,,,,,,,,,,,,,,,,,,596.4751167297363,False
1737650887.6241055,2025-01-23 17:48:07,OTHER,PAUSE,,,,,,,,,,,,,,,,,,,,,,,,,,,,,,,,,,,,,,,596.6101243495941,False
1737650887.7881148,2025-01-23 17:48:07,OTHER,PAUSE,,,,,,,,,,,,,,,,,,,,,,,,,,,,,,,,,,,,,,,596.774133682251,False
1737650887.9411235,2025-01-23 17:48:07,OTHER,PAUSE,,,,,,,,,,,,,,,,,,,,,,,,,,,,,,,,,,,,,,,596.9271423816681,False
1737650888.1011329,2025-01-23 17:48:08,OTHER,PAUSE,,,,,,,,,,,,,,,,,,,,,,,,,,,,,,,,,,,,,,,597.0871517658234,False
1737650888.2511413,2025-01-23 17:48:08,OTHER,PAUSE,,,,,,,,,,,,,,,,,,,,,,,,,,,,,,,,,,,,,,,597.2371602058411,False
1737650888.4161508,2025-01-23 17:48:08,OTHER,PAUSE,,,,,,,,,,,,,,,,,,,,,,,,,,,,,,,,,,,,,,,597.4021697044373,False
1737650888.5851605,2025-01-23 17:48:08,OTHER,PAUSE,,,,,,,,,,,,,,,,,,,,,,,,,,,,,,,,,,,,,,,597.5711793899536,False
1737650888.7221682,2025-01-23 17:48:08,OTHER,PAUSE,,,,,,,,,,,,,,,,,,,,,,,,,,,,,,,,,,,,,,,597.7081871032715,False
1737650888.877177,2025-01-23 17:48:08,OTHER,PAUSE,,,,,,,,,,,,,,,,,,,,,,,,,,,,,,,,,,,,,,,597.8631958961487,False
1737650889.0411866,2025-01-23 17:48:09,OTHER,PAUSE,,,,,,,,,,,,,,,,,,,,,,,,,,,,,,,,,,,,,,,598.0272054672241,False
1737650889.2111962,2025-01-23 17:48:09,OTHER,PAUSE,,,,,,,,,,,,,,,,,,,,,,,,,,,,,,,,,,,,,,,598.1972150802612,False
1737650889.3562045,2025-01-23 17:48:09,OTHER,PAUSE,,,,,,,,,,,,,,,,,,,,,,,,,,,,,,,,,,,,,,,598.342223405838,False
1737650889.5332148,2025-01-23 17:48:09,OTHER,PAUSE,,,,,,,,,,,,,,,,,,,,,,,,,,,,,,,,,,,,,,,598.5192337036133,False
1737650889.7092247,2025-01-23 17:48:09,OTHER,PAUSE,,,,,,,,,,,,,,,,,,,,,,,,,,,,,,,,,,,,,,,598.6952435970306,False
1737650889.8482327,2025-01-23 17:48:09,OTHER,PAUSE,,,,,,,,,,,,,,,,,,,,,,,,,,,,,,,,,,,,,,,598.8342516422272,False
1737650890.0022414,2025-01-23 17:48:10,OTHER,PAUSE,,,,,,,,,,,,,,,,,,,,,,,,,,,,,,,,,,,,,,,598.988260269165,False
1737650890.1452496,2025-01-23 17:48:10,OTHER,PAUSE,,,,,,,,,,,,,,,,,,,,,,,,,,,,,,,,,,,,,,,599.1312685012817,False
1737650890.3002586,2025-01-23 17:48:10,OTHER,PAUSE,,,,,,,,,,,,,,,,,,,,,,,,,,,,,,,,,,,,,,,599.2862775325775,False
1737650890.4912694,2025-01-23 17:48:10,OTHER,PAUSE,,,,,,,,,,,,,,,,,,,,,,,,,,,,,,,,,,,,,,,599.4772882461548,False
1737650890.6452782,2025-01-23 17:48:10,OTHER,PAUSE,,,,,,,,,,,,,,,,,,,,,,,,,,,,,,,,,,,,,,,599.6312971115112,False
1737650890.7902865,2025-01-23 17:48:10,OTHER,PAUSE,,,,,,,,,,,,,,,,,,,,,,,,,,,,,,,,,,,,,,,599.776305437088,False
1737650890.9362948,2025-01-23 17:48:10,OTHER,PAUSE,,,,,,,,,,,,,,,,,,,,,,,,,,,,,,,,,,,,,,,599.9223136901855,False
1737650891.0753028,2025-01-23 17:48:11,OTHER,PAUSE,,,,,,,,,,,,,,,,,,,,,,,,,,,,,,,,,,,,,,,600.0613217353821,False
1737650891.252313,2025-01-23 17:48:11,OTHER,PAUSE,,,,,,,,,,,,,,,,,,,,,,,,,,,,,,,,,,,,,,,600.2383317947388,False
1737650891.4223228,2025-01-23 17:48:11,OTHER,PAUSE,,,,,,,,,,,,,,,,,,,,,,,,,,,,,,,,,,,,,,,600.4083416461945,False
1737650891.5643308,2025-01-23 17:48:11,OTHER,PAUSE,,,,,,,,,,,,,,,,,,,,,,,,,,,,,,,,,,,,,,,600.5503497123718,False
1737650891.742341,2025-01-23 17:48:11,OTHER,PAUSE,,,,,,,,,,,,,,,,,,,,,,,,,,,,,,,,,,,,,,,600.7283599376678,False
1737650891.9003499,2025-01-23 17:48:11,OTHER,PAUSE,,,,,,,,,,,,,,,,,,,,,,,,,,,,,,,,,,,,,,,600.8863687515259,False
1737650892.0453584,2025-01-23 17:48:12,OTHER,PAUSE,,,,,,,,,,,,,,,,,,,,,,,,,,,,,,,,,,,,,,,601.0313773155212,False
1737650892.1913667,2025-01-23 17:48:12,OTHER,PAUSE,,,,,,,,,,,,,,,,,,,,,,,,,,,,,,,,,,,,,,,601.1773855686188,False
1737650892.3273742,2025-01-23 17:48:12,OTHER,PAUSE,,,,,,,,,,,,,,,,,,,,,,,,,,,,,,,,,,,,,,,601.3133931159973,False
1737650892.4653823,2025-01-23 17:48:12,OTHER,PAUSE,,,,,,,,,,,,,,,,,,,,,,,,,,,,,,,,,,,,,,,601.4514012336731,False
1737650892.6123908,2025-01-23 17:48:12,OTHER,PAUSE,,,,,,,,,,,,,,,,,,,,,,,,,,,,,,,,,,,,,,,601.59840965271,False
1737650892.7894008,2025-01-23 17:48:12,OTHER,PAUSE,,,,,,,,,,,,,,,,,,,,,,,,,,,,,,,,,,,,,,,601.7754197120667,False
1737650892.932409,2025-01-23 17:48:12,OTHER,PAUSE,,,,,,,,,,,,,,,,,,,,,,,,,,,,,,,,,,,,,,,601.9184279441833,False
1737650893.0874178,2025-01-23 17:48:13,OTHER,PAUSE,,,,,,,,,,,,,,,,,,,,,,,,,,,,,,,,,,,,,,,602.0734367370605,False
1737650893.3274317,2025-01-23 17:48:13,OTHER,PAUSE,,,,,,,,,,,,,,,,,,,,,,,,,,,,,,,,,,,,,,,602.3134505748749,False
1737650893.4784403,2025-01-23 17:48:13,OTHER,PAUSE,,,,,,,,,,,,,,,,,,,,,,,,,,,,,,,,,,,,,,,602.4644591808319,False
1737650893.6264486,2025-01-23 17:48:13,OTHER,PAUSE,,,,,,,,,,,,,,,,,,,,,,,,,,,,,,,,,,,,,,,602.6124675273895,False
1737650893.771457,2025-01-23 17:48:13,OTHER,PAUSE,,,,,,,,,,,,,,,,,,,,,,,,,,,,,,,,,,,,,,,602.7574758529663,False
1737650893.9174654,2025-01-23 17:48:13,OTHER,PAUSE,,,,,,,,,,,,,,,,,,,,,,,,,,,,,,,,,,,,,,,602.9034843444824,False
1737650894.0604737,2025-01-23 17:48:14,OTHER,PAUSE,,,,,,,,,,,,,,,,,,,,,,,,,,,,,,,,,,,,,,,603.0464925765991,False
1737650894.208482,2025-01-23 17:48:14,OTHER,PAUSE,,,,,,,,,,,,,,,,,,,,,,,,,,,,,,,,,,,,,,,603.1945009231567,False
1737650894.35049,2025-01-23 17:48:14,OTHER,PAUSE,,,,,,,,,,,,,,,,,,,,,,,,,,,,,,,,,,,,,,,603.3365089893341,False
1737650894.5174997,2025-01-23 17:48:14,OTHER,PAUSE,,,,,,,,,,,,,,,,,,,,,,,,,,,,,,,,,,,,,,,603.5035185813904,False
1737650894.6715086,2025-01-23 17:48:14,OTHER,PAUSE,,,,,,,,,,,,,,,,,,,,,,,,,,,,,,,,,,,,,,,603.6575274467468,False
1737650894.824517,2025-01-23 17:48:14,OTHER,PAUSE,,,,,,,,,,,,,,,,,,,,,,,,,,,,,,,,,,,,,,,603.8105359077454,False
1737650894.995527,2025-01-23 17:48:14,OTHER,PAUSE,,,,,,,,,,,,,,,,,,,,,,,,,,,,,,,,,,,,,,,603.9815459251404,False
1737650895.1505358,2025-01-23 17:48:15,OTHER,PAUSE,,,,,,,,,,,,,,,,,,,,,,,,,,,,,,,,,,,,,,,604.1365547180176,False
1737650895.3275461,2025-01-23 17:48:15,OTHER,PAUSE,,,,,,,,,,,,,,,,,,,,,,,,,,,,,,,,,,,,,,,604.3135650157928,False
1737650895.5555592,2025-01-23 17:48:15,OTHER,PAUSE,,,,,,,,,,,,,,,,,,,,,,,,,,,,,,,,,,,,,,,604.5415780544281,False
1737650895.764571,2025-01-23 17:48:15,OTHER,PAUSE,,,,,,,,,,,,,,,,,,,,,,,,,,,,,,,,,,,,,,,604.7505898475647,False
1737650895.9645824,2025-01-23 17:48:15,OTHER,PAUSE,,,,,,,,,,,,,,,,,,,,,,,,,,,,,,,,,,,,,,,604.9506013393402,False
1737650896.1595936,2025-01-23 17:48:16,OTHER,PAUSE,,,,,,,,,,,,,,,,,,,,,,,,,,,,,,,,,,,,,,,605.1456124782562,False
1737650896.3196027,2025-01-23 17:48:16,OTHER,PAUSE,,,,,,,,,,,,,,,,,,,,,,,,,,,,,,,,,,,,,,,605.3056216239929,False
1737650896.461611,2025-01-23 17:48:16,OTHER,PAUSE,,,,,,,,,,,,,,,,,,,,,,,,,,,,,,,,,,,,,,,605.4476299285889,False
1737650896.604619,2025-01-23 17:48:16,OTHER,PAUSE,,,,,,,,,,,,,,,,,,,,,,,,,,,,,,,,,,,,,,,605.590637922287,False
1737650896.7886295,2025-01-23 17:48:16,OTHER,PAUSE,,,,,,,,,,,,,,,,,,,,,,,,,,,,,,,,,,,,,,,605.7746484279633,False
1737650896.9336379,2025-01-23 17:48:16,OTHER,PAUSE,,,,,,,,,,,,,,,,,,,,,,,,,,,,,,,,,,,,,,,605.91965675354,False
1737650897.076646,2025-01-23 17:48:17,OTHER,PAUSE,,,,,,,,,,,,,,,,,,,,,,,,,,,,,,,,,,,,,,,606.0626649856567,False
1737650897.219654,2025-01-23 17:48:17,OTHER,PAUSE,,,,,,,,,,,,,,,,,,,,,,,,,,,,,,,,,,,,,,,606.2056729793549,False
1737650897.370663,2025-01-23 17:48:17,OTHER,PAUSE,,,,,,,,,,,,,,,,,,,,,,,,,,,,,,,,,,,,,,,606.3566818237305,False
1737650897.5256717,2025-01-23 17:48:17,OTHER,PAUSE,,,,,,,,,,,,,,,,,,,,,,,,,,,,,,,,,,,,,,,606.5116906166077,False
1737650897.6846807,2025-01-23 17:48:17,OTHER,PAUSE,,,,,,,,,,,,,,,,,,,,,,,,,,,,,,,,,,,,,,,606.670699596405,False
1737650897.8446898,2025-01-23 17:48:17,OTHER,PAUSE,,,,,,,,,,,,,,,,,,,,,,,,,,,,,,,,,,,,,,,606.8307087421417,False
1737650897.9906983,2025-01-23 17:48:17,OTHER,PAUSE,,,,,,,,,,,,,,,,,,,,,,,,,,,,,,,,,,,,,,,606.9767172336578,False
1737650898.1307065,2025-01-23 17:48:18,OTHER,PAUSE,,,,,,,,,,,,,,,,,,,,,,,,,,,,,,,,,,,,,,,607.1167254447937,False
1737650898.2687142,2025-01-23 17:48:18,OTHER,PAUSE,,,,,,,,,,,,,,,,,,,,,,,,,,,,,,,,,,,,,,,607.2547330856323,False
1737650898.4407241,2025-01-23 17:48:18,OTHER,PAUSE,,,,,,,,,,,,,,,,,,,,,,,,,,,,,,,,,,,,,,,607.4267430305481,False
1737650898.5917327,2025-01-23 17:48:18,OTHER,PAUSE,,,,,,,,,,,,,,,,,,,,,,,,,,,,,,,,,,,,,,,607.5777516365051,False
1737650898.751742,2025-01-23 17:48:18,OTHER,PAUSE,,,,,,,,,,,,,,,,,,,,,,,,,,,,,,,,,,,,,,,607.7377607822418,False
1737650898.8987503,2025-01-23 17:48:18,OTHER,PAUSE,,,,,,,,,,,,,,,,,,,,,,,,,,,,,,,,,,,,,,,607.8847692012787,False
1737650899.051759,2025-01-23 17:48:19,OTHER,PAUSE,,,,,,,,,,,,,,,,,,,,,,,,,,,,,,,,,,,,,,,608.0377779006958,False
1737650899.1977675,2025-01-23 17:48:19,OTHER,PAUSE,,,,,,,,,,,,,,,,,,,,,,,,,,,,,,,,,,,,,,,608.1837863922119,False
1737650899.333775,2025-01-23 17:48:19,OTHER,PAUSE,,,,,,,,,,,,,,,,,,,,,,,,,,,,,,,,,,,,,,,608.3197939395905,False
1737650899.4967844,2025-01-23 17:48:19,OTHER,PAUSE,,,,,,,,,,,,,,,,,,,,,,,,,,,,,,,,,,,,,,,608.4828033447266,False
1737650899.6517935,2025-01-23 17:48:19,OTHER,PAUSE,,,,,,,,,,,,,,,,,,,,,,,,,,,,,,,,,,,,,,,608.6378123760223,False
1737650899.804802,2025-01-23 17:48:19,OTHER,PAUSE,,,,,,,,,,,,,,,,,,,,,,,,,,,,,,,,,,,,,,,608.7908208370209,False
1737650899.960811,2025-01-23 17:48:19,OTHER,PAUSE,,,,,,,,,,,,,,,,,,,,,,,,,,,,,,,,,,,,,,,608.9468297958374,False
1737650900.1208203,2025-01-23 17:48:20,OTHER,PAUSE,,,,,,,,,,,,,,,,,,,,,,,,,,,,,,,,,,,,,,,609.1068391799927,False
1737650900.2998302,2025-01-23 17:48:20,OTHER,PAUSE,,,,,,,,,,,,,,,,,,,,,,,,,,,,,,,,,,,,,,,609.2858490943909,False
1737650900.445839,2025-01-23 17:48:20,OTHER,PAUSE,,,,,,,,,,,,,,,,,,,,,,,,,,,,,,,,,,,,,,,609.4318578243256,False
1737650900.6198487,2025-01-23 17:48:20,OTHER,PAUSE,,,,,,,,,,,,,,,,,,,,,,,,,,,,,,,,,,,,,,,609.6058676242828,False
1737650900.7788577,2025-01-23 17:48:20,OTHER,PAUSE,,,,,,,,,,,,,,,,,,,,,,,,,,,,,,,,,,,,,,,609.7648766040802,False
1737650900.9368668,2025-01-23 17:48:20,OTHER,PAUSE,,,,,,,,,,,,,,,,,,,,,,,,,,,,,,,,,,,,,,,609.9228856563568,False
1737650901.076875,2025-01-23 17:48:21,OTHER,PAUSE,,,,,,,,,,,,,,,,,,,,,,,,,,,,,,,,,,,,,,,610.0628938674927,False
1737650901.2508848,2025-01-23 17:48:21,OTHER,PAUSE,,,,,,,,,,,,,,,,,,,,,,,,,,,,,,,,,,,,,,,610.23690366745,False
1737650901.4048936,2025-01-23 17:48:21,OTHER,PAUSE,,,,,,,,,,,,,,,,,,,,,,,,,,,,,,,,,,,,,,,610.3909125328064,False
1737650901.5529022,2025-01-23 17:48:21,OTHER,PAUSE,,,,,,,,,,,,,,,,,,,,,,,,,,,,,,,,,,,,,,,610.5389211177826,False
1737650901.723912,2025-01-23 17:48:21,OTHER,PAUSE,,,,,,,,,,,,,,,,,,,,,,,,,,,,,,,,,,,,,,,610.709930896759,False
1737650901.885921,2025-01-23 17:48:21,OTHER,PAUSE,,,,,,,,,,,,,,,,,,,,,,,,,,,,,,,,,,,,,,,610.8719398975372,False
1737650902.0459301,2025-01-23 17:48:22,OTHER,PAUSE,,,,,,,,,,,,,,,,,,,,,,,,,,,,,,,,,,,,,,,611.0319490432739,False
1737650902.1849382,2025-01-23 17:48:22,OTHER,PAUSE,,,,,,,,,,,,,,,,,,,,,,,,,,,,,,,,,,,,,,,611.1709570884705,False
1737650902.3609483,2025-01-23 17:48:22,OTHER,PAUSE,,,,,,,,,,,,,,,,,,,,,,,,,,,,,,,,,,,,,,,611.3469672203064,False
1737650902.527958,2025-01-23 17:48:22,OTHER,PAUSE,,,,,,,,,,,,,,,,,,,,,,,,,,,,,,,,,,,,,,,611.5139768123627,False
1737650902.6729662,2025-01-23 17:48:22,OTHER,PAUSE,,,,,,,,,,,,,,,,,,,,,,,,,,,,,,,,,,,,,,,611.6589851379395,False
1737650902.8409758,2025-01-23 17:48:22,OTHER,PAUSE,,,,,,,,,,,,,,,,,,,,,,,,,,,,,,,,,,,,,,,611.8269946575165,False
1737650903.0259862,2025-01-23 17:48:23,OTHER,PAUSE,,,,,,,,,,,,,,,,,,,,,,,,,,,,,,,,,,,,,,,612.0120050907135,False
1737650903.1839955,2025-01-23 17:48:23,OTHER,PAUSE,,,,,,,,,,,,,,,,,,,,,,,,,,,,,,,,,,,,,,,612.1700143814087,False
1737650903.3220031,2025-01-23 17:48:23,OTHER,PAUSE,,,,,,,,,,,,,,,,,,,,,,,,,,,,,,,,,,,,,,,612.3080220222473,False
1737650903.4880128,2025-01-23 17:48:23,OTHER,PAUSE,,,,,,,,,,,,,,,,,,,,,,,,,,,,,,,,,,,,,,,612.4740316867828,False
1737650903.6490219,2025-01-23 17:48:23,OTHER,PAUSE,,,,,,,,,,,,,,,,,,,,,,,,,,,,,,,,,,,,,,,612.6350407600403,False
1737650903.8070312,2025-01-23 17:48:23,OTHER,PAUSE,,,,,,,,,,,,,,,,,,,,,,,,,,,,,,,,,,,,,,,612.7930500507355,False
1737650903.9570396,2025-01-23 17:48:23,OTHER,PAUSE,,,,,,,,,,,,,,,,,,,,,,,,,,,,,,,,,,,,,,,612.9430584907532,False
1737650904.1140485,2025-01-23 17:48:24,OTHER,PAUSE,,,,,,,,,,,,,,,,,,,,,,,,,,,,,,,,,,,,,,,613.1000673770905,False
1737650904.2910588,2025-01-23 17:48:24,OTHER,PAUSE,,,,,,,,,,,,,,,,,,,,,,,,,,,,,,,,,,,,,,,613.2770776748657,False
1737650904.4280665,2025-01-23 17:48:24,OTHER,PAUSE,,,,,,,,,,,,,,,,,,,,,,,,,,,,,,,,,,,,,,,613.4140853881836,False
1737650904.6050768,2025-01-23 17:48:24,OTHER,PAUSE,,,,,,,,,,,,,,,,,,,,,,,,,,,,,,,,,,,,,,,613.5910956859589,False
1737650904.7750864,2025-01-23 17:48:24,OTHER,PAUSE,,,,,,,,,,,,,,,,,,,,,,,,,,,,,,,,,,,,,,,613.761105298996,False
1737650904.927095,2025-01-23 17:48:24,OTHER,PAUSE,,,,,,,,,,,,,,,,,,,,,,,,,,,,,,,,,,,,,,,613.9131138324738,False
1737650905.1131058,2025-01-23 17:48:25,OTHER,PAUSE,,,,,,,,,,,,,,,,,,,,,,,,,,,,,,,,,,,,,,,614.0991246700287,False
1737650905.2631142,2025-01-23 17:48:25,OTHER,PAUSE,,,,,,,,,,,,,,,,,,,,,,,,,,,,,,,,,,,,,,,614.2491331100464,False
1737650905.413123,2025-01-23 17:48:25,OTHER,PAUSE,,,,,,,,,,,,,,,,,,,,,,,,,,,,,,,,,,,,,,,614.3991417884827,False
1737650905.554131,2025-01-23 17:48:25,OTHER,PAUSE,,,,,,,,,,,,,,,,,,,,,,,,,,,,,,,,,,,,,,,614.5401499271393,False
1737650905.7201402,2025-01-23 17:48:25,OTHER,PAUSE,,,,,,,,,,,,,,,,,,,,,,,,,,,,,,,,,,,,,,,614.7061591148376,False
1737650905.8751493,2025-01-23 17:48:25,OTHER,PAUSE,,,,,,,,,,,,,,,,,,,,,,,,,,,,,,,,,,,,,,,614.8611681461334,False
1737650906.047159,2025-01-23 17:48:26,OTHER,PAUSE,,,,,,,,,,,,,,,,,,,,,,,,,,,,,,,,,,,,,,,615.0331778526306,False
1737650906.1891673,2025-01-23 17:48:26,OTHER,PAUSE,,,,,,,,,,,,,,,,,,,,,,,,,,,,,,,,,,,,,,,615.1751861572266,False
1737650906.3631773,2025-01-23 17:48:26,OTHER,PAUSE,,,,,,,,,,,,,,,,,,,,,,,,,,,,,,,,,,,,,,,615.3491961956024,False
1737650906.5211864,2025-01-23 17:48:26,OTHER,PAUSE,,,,,,,,,,,,,,,,,,,,,,,,,,,,,,,,,,,,,,,615.507205247879,False
1737650906.6621943,2025-01-23 17:48:26,OTHER,PAUSE,,,,,,,,,,,,,,,,,,,,,,,,,,,,,,,,,,,,,,,615.6482131481171,False
1737650906.8372042,2025-01-23 17:48:26,OTHER,PAUSE,,,,,,,,,,,,,,,,,,,,,,,,,,,,,,,,,,,,,,,615.8232231140137,False
1737650906.9832127,2025-01-23 17:48:26,OTHER,PAUSE,,,,,,,,,,,,,,,,,,,,,,,,,,,,,,,,,,,,,,,615.9692316055298,False
1737650907.1562228,2025-01-23 17:48:27,OTHER,PAUSE,,,,,,,,,,,,,,,,,,,,,,,,,,,,,,,,,,,,,,,616.1422417163849,False
1737650907.301231,2025-01-23 17:48:27,OTHER,PAUSE,,,,,,,,,,,,,,,,,,,,,,,,,,,,,,,,,,,,,,,616.2872498035431,False
1737650907.4702406,2025-01-23 17:48:27,OTHER,PAUSE,,,,,,,,,,,,,,,,,,,,,,,,,,,,,,,,,,,,,,,616.4562594890594,False
1737650907.6332498,2025-01-23 17:48:27,OTHER,PAUSE,,,,,,,,,,,,,,,,,,,,,,,,,,,,,,,,,,,,,,,616.619268655777,False
1737650907.773258,2025-01-23 17:48:27,OTHER,PAUSE,,,,,,,,,,,,,,,,,,,,,,,,,,,,,,,,,,,,,,,616.7592768669128,False
1737650907.9492679,2025-01-23 17:48:27,OTHER,PAUSE,,,,,,,,,,,,,,,,,,,,,,,,,,,,,,,,,,,,,,,616.9352867603302,False
1737650908.1142774,2025-01-23 17:48:28,OTHER,PAUSE,,,,,,,,,,,,,,,,,,,,,,,,,,,,,,,,,,,,,,,617.1002962589264,False
1737650908.2792869,2025-01-23 17:48:28,OTHER,PAUSE,,,,,,,,,,,,,,,,,,,,,,,,,,,,,,,,,,,,,,,617.2653057575226,False
1737650908.434296,2025-01-23 17:48:28,OTHER,PAUSE,,,,,,,,,,,,,,,,,,,,,,,,,,,,,,,,,,,,,,,617.4203147888184,False
1737650908.578304,2025-01-23 17:48:28,OTHER,PAUSE,,,,,,,,,,,,,,,,,,,,,,,,,,,,,,,,,,,,,,,617.5643229484558,False
1737650908.7273123,2025-01-23 17:48:28,OTHER,PAUSE,,,,,,,,,,,,,,,,,,,,,,,,,,,,,,,,,,,,,,,617.7133312225342,False
1737650908.8643203,2025-01-23 17:48:28,OTHER,PAUSE,,,,,,,,,,,,,,,,,,,,,,,,,,,,,,,,,,,,,,,617.8503391742706,False
1737650909.0443306,2025-01-23 17:48:29,OTHER,PAUSE,,,,,,,,,,,,,,,,,,,,,,,,,,,,,,,,,,,,,,,618.0303494930267,False
1737650909.21334,2025-01-23 17:48:29,OTHER,PAUSE,,,,,,,,,,,,,,,,,,,,,,,,,,,,,,,,,,,,,,,618.1993589401245,False
1737650909.3603487,2025-01-23 17:48:29,OTHER,PAUSE,,,,,,,,,,,,,,,,,,,,,,,,,,,,,,,,,,,,,,,618.34636759758,False
1737650909.5053568,2025-01-23 17:48:29,OTHER,PAUSE,,,,,,,,,,,,,,,,,,,,,,,,,,,,,,,,,,,,,,,618.4913756847382,False
1737650909.665366,2025-01-23 17:48:29,OTHER,PAUSE,,,,,,,,,,,,,,,,,,,,,,,,,,,,,,,,,,,,,,,618.6513848304749,False
1737650909.821375,2025-01-23 17:48:29,OTHER,PAUSE,,,,,,,,,,,,,,,,,,,,,,,,,,,,,,,,,,,,,,,618.8073937892914,False
1737650909.962383,2025-01-23 17:48:29,OTHER,PAUSE,,,,,,,,,,,,,,,,,,,,,,,,,,,,,,,,,,,,,,,618.948401927948,False
1737650910.1113915,2025-01-23 17:48:30,OTHER,PAUSE,,,,,,,,,,,,,,,,,,,,,,,,,,,,,,,,,,,,,,,619.097410440445,False
1737650910.2664006,2025-01-23 17:48:30,OTHER,PAUSE,,,,,,,,,,,,,,,,,,,,,,,,,,,,,,,,,,,,,,,619.2524194717407,False
1737650910.417409,2025-01-23 17:48:30,OTHER,PAUSE,,,,,,,,,,,,,,,,,,,,,,,,,,,,,,,,,,,,,,,619.4034278392792,False
1737650910.5764184,2025-01-23 17:48:30,OTHER,PAUSE,,,,,,,,,,,,,,,,,,,,,,,,,,,,,,,,,,,,,,,619.5624372959137,False
1737650910.7414277,2025-01-23 17:48:30,OTHER,PAUSE,,,,,,,,,,,,,,,,,,,,,,,,,,,,,,,,,,,,,,,619.7274465560913,False
1737650910.901437,2025-01-23 17:48:30,OTHER,PAUSE,,,,,,,,,,,,,,,,,,,,,,,,,,,,,,,,,,,,,,,619.8874559402466,False
1737650911.062446,2025-01-23 17:48:31,OTHER,PAUSE,,,,,,,,,,,,,,,,,,,,,,,,,,,,,,,,,,,,,,,620.048465013504,False
1737650911.2264552,2025-01-23 17:48:31,OTHER,PAUSE,,,,,,,,,,,,,,,,,,,,,,,,,,,,,,,,,,,,,,,620.2124741077423,False
1737650911.4264667,2025-01-23 17:48:31,OTHER,PAUSE,,,,,,,,,,,,,,,,,,,,,,,,,,,,,,,,,,,,,,,620.4124855995178,False
1737650911.6374788,2025-01-23 17:48:31,OTHER,PAUSE,,,,,,,,,,,,,,,,,,,,,,,,,,,,,,,,,,,,,,,620.6234977245331,False
1737650911.8684921,2025-01-23 17:48:31,OTHER,PAUSE,,,,,,,,,,,,,,,,,,,,,,,,,,,,,,,,,,,,,,,620.8545110225677,False
1737650912.0715036,2025-01-23 17:48:32,OTHER,PAUSE,,,,,,,,,,,,,,,,,,,,,,,,,,,,,,,,,,,,,,,621.0575225353241,False
1737650912.2435136,2025-01-23 17:48:32,OTHER,PAUSE,,,,,,,,,,,,,,,,,,,,,,,,,,,,,,,,,,,,,,,621.2295324802399,False
1737650912.3955224,2025-01-23 17:48:32,OTHER,PAUSE,,,,,,,,,,,,,,,,,,,,,,,,,,,,,,,,,,,,,,,621.3815412521362,False
1737650912.5695322,2025-01-23 17:48:32,OTHER,PAUSE,,,,,,,,,,,,,,,,,,,,,,,,,,,,,,,,,,,,,,,621.5555510520935,False
1737650912.7355418,2025-01-23 17:48:32,OTHER,PAUSE,,,,,,,,,,,,,,,,,,,,,,,,,,,,,,,,,,,,,,,621.721560716629,False
1737650912.87655,2025-01-23 17:48:32,OTHER,PAUSE,,,,,,,,,,,,,,,,,,,,,,,,,,,,,,,,,,,,,,,621.8625688552856,False
1737650913.0475595,2025-01-23 17:48:33,OTHER,PAUSE,,,,,,,,,,,,,,,,,,,,,,,,,,,,,,,,,,,,,,,622.0335783958435,False
1737650913.2095687,2025-01-23 17:48:33,OTHER,PAUSE,,,,,,,,,,,,,,,,,,,,,,,,,,,,,,,,,,,,,,,622.1955876350403,False
1737650913.3705778,2025-01-23 17:48:33,OTHER,PAUSE,,,,,,,,,,,,,,,,,,,,,,,,,,,,,,,,,,,,,,,622.3565967082977,False
1737650913.5175865,2025-01-23 17:48:33,OTHER,PAUSE,,,,,,,,,,,,,,,,,,,,,,,,,,,,,,,,,,,,,,,622.5036053657532,False
1737650913.666595,2025-01-23 17:48:33,OTHER,PAUSE,,,,,,,,,,,,,,,,,,,,,,,,,,,,,,,,,,,,,,,622.6526138782501,False
1737650913.8296044,2025-01-23 17:48:33,OTHER,PAUSE,,,,,,,,,,,,,,,,,,,,,,,,,,,,,,,,,,,,,,,622.8156232833862,False
1737650913.9876132,2025-01-23 17:48:33,OTHER,PAUSE,,,,,,,,,,,,,,,,,,,,,,,,,,,,,,,,,,,,,,,622.9736320972443,False
1737650914.1686237,2025-01-23 17:48:34,OTHER,PAUSE,,,,,,,,,,,,,,,,,,,,,,,,,,,,,,,,,,,,,,,623.1546425819397,False
1737650914.3236325,2025-01-23 17:48:34,OTHER,PAUSE,,,,,,,,,,,,,,,,,,,,,,,,,,,,,,,,,,,,,,,623.3096513748169,False
1737650914.470641,2025-01-23 17:48:34,OTHER,PAUSE,,,,,,,,,,,,,,,,,,,,,,,,,,,,,,,,,,,,,,,623.4566597938538,False
1737650914.6176493,2025-01-23 17:48:34,OTHER,PAUSE,,,,,,,,,,,,,,,,,,,,,,,,,,,,,,,,,,,,,,,623.6036682128906,False
1737650914.7606573,2025-01-23 17:48:34,OTHER,PAUSE,,,,,,,,,,,,,,,,,,,,,,,,,,,,,,,,,,,,,,,623.7466762065887,False
1737650914.9166665,2025-01-23 17:48:34,OTHER,PAUSE,,,,,,,,,,,,,,,,,,,,,,,,,,,,,,,,,,,,,,,623.9026854038239,False
1737650915.0556743,2025-01-23 17:48:35,OTHER,PAUSE,,,,,,,,,,,,,,,,,,,,,,,,,,,,,,,,,,,,,,,624.0416932106018,False
1737650915.2356846,2025-01-23 17:48:35,OTHER,PAUSE,,,,,,,,,,,,,,,,,,,,,,,,,,,,,,,,,,,,,,,624.2217035293579,False
1737650915.3916936,2025-01-23 17:48:35,OTHER,PAUSE,,,,,,,,,,,,,,,,,,,,,,,,,,,,,,,,,,,,,,,624.3777124881744,False
1737650915.538702,2025-01-23 17:48:35,OTHER,PAUSE,,,,,,,,,,,,,,,,,,,,,,,,,,,,,,,,,,,,,,,624.5247209072113,False
1737650915.6827102,2025-01-23 17:48:35,OTHER,PAUSE,,,,,,,,,,,,,,,,,,,,,,,,,,,,,,,,,,,,,,,624.6687290668488,False
1737650915.85372,2025-01-23 17:48:35,OTHER,PAUSE,,,,,,,,,,,,,,,,,,,,,,,,,,,,,,,,,,,,,,,624.8397388458252,False
1737650916.009729,2025-01-23 17:48:36,OTHER,PAUSE,,,,,,,,,,,,,,,,,,,,,,,,,,,,,,,,,,,,,,,624.9957478046417,False
1737650916.1627376,2025-01-23 17:48:36,OTHER,PAUSE,,,,,,,,,,,,,,,,,,,,,,,,,,,,,,,,,,,,,,,625.1487565040588,False
1737650916.3137465,2025-01-23 17:48:36,OTHER,PAUSE,,,,,,,,,,,,,,,,,,,,,,,,,,,,,,,,,,,,,,,625.2997653484344,False
1737650916.4737554,2025-01-23 17:48:36,OTHER,PAUSE,,,,,,,,,,,,,,,,,,,,,,,,,,,,,,,,,,,,,,,625.4597742557526,False
1737650916.622764,2025-01-23 17:48:36,OTHER,PAUSE,,,,,,,,,,,,,,,,,,,,,,,,,,,,,,,,,,,,,,,625.6087830066681,False
1737650916.7667723,2025-01-23 17:48:36,OTHER,PAUSE,,,,,,,,,,,,,,,,,,,,,,,,,,,,,,,,,,,,,,,625.7527911663055,False
1737650916.9367821,2025-01-23 17:48:36,OTHER,PAUSE,,,,,,,,,,,,,,,,,,,,,,,,,,,,,,,,,,,,,,,625.9228010177612,False
1737650917.0777903,2025-01-23 17:48:37,OTHER,PAUSE,,,,,,,,,,,,,,,,,,,,,,,,,,,,,,,,,,,,,,,626.0638091564178,False
1737650917.2197983,2025-01-23 17:48:37,OTHER,PAUSE,,,,,,,,,,,,,,,,,,,,,,,,,,,,,,,,,,,,,,,626.2058172225952,False
1737650917.3588061,2025-01-23 17:48:37,OTHER,PAUSE,,,,,,,,,,,,,,,,,,,,,,,,,,,,,,,,,,,,,,,626.3448250293732,False
1737650917.528816,2025-01-23 17:48:37,OTHER,PAUSE,,,,,,,,,,,,,,,,,,,,,,,,,,,,,,,,,,,,,,,626.5148348808289,False
1737650917.6948254,2025-01-23 17:48:37,OTHER,PAUSE,,,,,,,,,,,,,,,,,,,,,,,,,,,,,,,,,,,,,,,626.6808443069458,False
1737650917.8378334,2025-01-23 17:48:37,OTHER,PAUSE,,,,,,,,,,,,,,,,,,,,,,,,,,,,,,,,,,,,,,,626.8238523006439,False
1737650917.982842,2025-01-23 17:48:37,OTHER,PAUSE,,,,,,,,,,,,,,,,,,,,,,,,,,,,,,,,,,,,,,,626.9688608646393,False
1737650918.1508512,2025-01-23 17:48:38,OTHER,PAUSE,,,,,,,,,,,,,,,,,,,,,,,,,,,,,,,,,,,,,,,627.1368701457977,False
1737650918.30486,2025-01-23 17:48:38,OTHER,PAUSE,,,,,,,,,,,,,,,,,,,,,,,,,,,,,,,,,,,,,,,627.2908790111542,False
1737650918.4528687,2025-01-23 17:48:38,OTHER,PAUSE,,,,,,,,,,,,,,,,,,,,,,,,,,,,,,,,,,,,,,,627.4388875961304,False
1737650918.613878,2025-01-23 17:48:38,OTHER,PAUSE,,,,,,,,,,,,,,,,,,,,,,,,,,,,,,,,,,,,,,,627.5998969078064,False
1737650918.7788875,2025-01-23 17:48:38,OTHER,PAUSE,,,,,,,,,,,,,,,,,,,,,,,,,,,,,,,,,,,,,,,627.7649064064026,False
1737650918.9488971,2025-01-23 17:48:38,OTHER,PAUSE,,,,,,,,,,,,,,,,,,,,,,,,,,,,,,,,,,,,,,,627.9349160194397,False
1737650919.1009057,2025-01-23 17:48:39,OTHER,PAUSE,,,,,,,,,,,,,,,,,,,,,,,,,,,,,,,,,,,,,,,628.0869245529175,False
1737650919.2729156,2025-01-23 17:48:39,OTHER,PAUSE,,,,,,,,,,,,,,,,,,,,,,,,,,,,,,,,,,,,,,,628.2589344978333,False
1737650919.4209242,2025-01-23 17:48:39,OTHER,PAUSE,,,,,,,,,,,,,,,,,,,,,,,,,,,,,,,,,,,,,,,628.4069430828094,False
1737650919.572933,2025-01-23 17:48:39,OTHER,PAUSE,,,,,,,,,,,,,,,,,,,,,,,,,,,,,,,,,,,,,,,628.5589518547058,False
1737650919.7189412,2025-01-23 17:48:39,OTHER,PAUSE,,,,,,,,,,,,,,,,,,,,,,,,,,,,,,,,,,,,,,,628.7049601078033,False
1737650919.8659494,2025-01-23 17:48:39,OTHER,PAUSE,,,,,,,,,,,,,,,,,,,,,,,,,,,,,,,,,,,,,,,628.8519682884216,False
1737650920.0249586,2025-01-23 17:48:40,OTHER,PAUSE,,,,,,,,,,,,,,,,,,,,,,,,,,,,,,,,,,,,,,,629.0109775066376,False
1737650920.1919682,2025-01-23 17:48:40,OTHER,PAUSE,,,,,,,,,,,,,,,,,,,,,,,,,,,,,,,,,,,,,,,629.1779870986938,False
1737650920.3389766,2025-01-23 17:48:40,OTHER,PAUSE,,,,,,,,,,,,,,,,,,,,,,,,,,,,,,,,,,,,,,,629.3249955177307,False
1737650920.4949856,2025-01-23 17:48:40,OTHER,PAUSE,,,,,,,,,,,,,,,,,,,,,,,,,,,,,,,,,,,,,,,629.4810044765472,False
1737650920.658995,2025-01-23 17:48:40,OTHER,PAUSE,,,,,,,,,,,,,,,,,,,,,,,,,,,,,,,,,,,,,,,629.6450138092041,False
1737650920.800003,2025-01-23 17:48:40,OTHER,PAUSE,,,,,,,,,,,,,,,,,,,,,,,,,,,,,,,,,,,,,,,629.7860219478607,False
1737650920.9650126,2025-01-23 17:48:40,OTHER,PAUSE,,,,,,,,,,,,,,,,,,,,,,,,,,,,,,,,,,,,,,,629.9510314464569,False
1737650921.117021,2025-01-23 17:48:41,OTHER,PAUSE,,,,,,,,,,,,,,,,,,,,,,,,,,,,,,,,,,,,,,,630.1030399799347,False
1737650921.2650297,2025-01-23 17:48:41,OTHER,PAUSE,,,,,,,,,,,,,,,,,,,,,,,,,,,,,,,,,,,,,,,630.2510485649109,False
1737650921.4340394,2025-01-23 17:48:41,OTHER,PAUSE,,,,,,,,,,,,,,,,,,,,,,,,,,,,,,,,,,,,,,,630.4200582504272,False
1737650921.590048,2025-01-23 17:48:41,OTHER,PAUSE,,,,,,,,,,,,,,,,,,,,,,,,,,,,,,,,,,,,,,,630.5760669708252,False
1737650921.763058,2025-01-23 17:48:41,OTHER,PAUSE,,,,,,,,,,,,,,,,,,,,,,,,,,,,,,,,,,,,,,,630.7490768432617,False
1737650921.9050663,2025-01-23 17:48:41,OTHER,PAUSE,,,,,,,,,,,,,,,,,,,,,,,,,,,,,,,,,,,,,,,630.8910851478577,False
1737650922.077076,2025-01-23 17:48:42,OTHER,PAUSE,,,,,,,,,,,,,,,,,,,,,,,,,,,,,,,,,,,,,,,631.0630948543549,False
1737650922.232085,2025-01-23 17:48:42,OTHER,PAUSE,,,,,,,,,,,,,,,,,,,,,,,,,,,,,,,,,,,,,,,631.2181038856506,False
1737650922.374093,2025-01-23 17:48:42,OTHER,PAUSE,,,,,,,,,,,,,,,,,,,,,,,,,,,,,,,,,,,,,,,631.360111951828,False
1737650922.5431027,2025-01-23 17:48:42,OTHER,PAUSE,,,,,,,,,,,,,,,,,,,,,,,,,,,,,,,,,,,,,,,631.5291216373444,False
1737650922.687111,2025-01-23 17:48:42,OTHER,PAUSE,,,,,,,,,,,,,,,,,,,,,,,,,,,,,,,,,,,,,,,631.6731297969818,False
1737650922.8371196,2025-01-23 17:48:42,OTHER,PAUSE,,,,,,,,,,,,,,,,,,,,,,,,,,,,,,,,,,,,,,,631.8231384754181,False
1737650922.988128,2025-01-23 17:48:42,OTHER,PAUSE,,,,,,,,,,,,,,,,,,,,,,,,,,,,,,,,,,,,,,,631.9741468429565,False
1737650923.160138,2025-01-23 17:48:43,OTHER,PAUSE,,,,,,,,,,,,,,,,,,,,,,,,,,,,,,,,,,,,,,,632.1461567878723,False
1737650923.3281476,2025-01-23 17:48:43,OTHER,PAUSE,,,,,,,,,,,,,,,,,,,,,,,,,,,,,,,,,,,,,,,632.3141665458679,False
1737650923.4861565,2025-01-23 17:48:43,OTHER,PAUSE,,,,,,,,,,,,,,,,,,,,,,,,,,,,,,,,,,,,,,,632.472175359726,False
1737650923.631165,2025-01-23 17:48:43,OTHER,PAUSE,,,,,,,,,,,,,,,,,,,,,,,,,,,,,,,,,,,,,,,632.6171839237213,False
1737650923.788174,2025-01-23 17:48:43,OTHER,PAUSE,,,,,,,,,,,,,,,,,,,,,,,,,,,,,,,,,,,,,,,632.7741928100586,False
1737650923.9421825,2025-01-23 17:48:43,OTHER,PAUSE,,,,,,,,,,,,,,,,,,,,,,,,,,,,,,,,,,,,,,,632.9282014369965,False
1737650924.0911913,2025-01-23 17:48:44,OTHER,PAUSE,,,,,,,,,,,,,,,,,,,,,,,,,,,,,,,,,,,,,,,633.077210187912,False
1737650924.2542005,2025-01-23 17:48:44,OTHER,PAUSE,,,,,,,,,,,,,,,,,,,,,,,,,,,,,,,,,,,,,,,633.2402193546295,False
1737650924.4132097,2025-01-23 17:48:44,OTHER,PAUSE,,,,,,,,,,,,,,,,,,,,,,,,,,,,,,,,,,,,,,,633.3992285728455,False
1737650924.5862195,2025-01-23 17:48:44,OTHER,PAUSE,,,,,,,,,,,,,,,,,,,,,,,,,,,,,,,,,,,,,,,633.572238445282,False
1737650924.7402284,2025-01-23 17:48:44,OTHER,PAUSE,,,,,,,,,,,,,,,,,,,,,,,,,,,,,,,,,,,,,,,633.7262473106384,False
1737650924.8982375,2025-01-23 17:48:44,OTHER,PAUSE,,,,,,,,,,,,,,,,,,,,,,,,,,,,,,,,,,,,,,,633.884256362915,False
1737650925.0672472,2025-01-23 17:48:45,OTHER,PAUSE,,,,,,,,,,,,,,,,,,,,,,,,,,,,,,,,,,,,,,,634.0532660484314,False
1737650925.2062552,2025-01-23 17:48:45,OTHER,PAUSE,,,,,,,,,,,,,,,,,,,,,,,,,,,,,,,,,,,,,,,634.1922740936279,False
1737650925.382265,2025-01-23 17:48:45,OTHER,PAUSE,,,,,,,,,,,,,,,,,,,,,,,,,,,,,,,,,,,,,,,634.3682839870453,False
1737650925.558275,2025-01-23 17:48:45,OTHER,PAUSE,,,,,,,,,,,,,,,,,,,,,,,,,,,,,,,,,,,,,,,634.5442938804626,False
1737650925.7172842,2025-01-23 17:48:45,OTHER,PAUSE,,,,,,,,,,,,,,,,,,,,,,,,,,,,,,,,,,,,,,,634.7033030986786,False
1737650925.8912942,2025-01-23 17:48:45,OTHER,PAUSE,,,,,,,,,,,,,,,,,,,,,,,,,,,,,,,,,,,,,,,634.8773131370544,False
1737650926.060304,2025-01-23 17:48:46,OTHER,PAUSE,,,,,,,,,,,,,,,,,,,,,,,,,,,,,,,,,,,,,,,635.0463228225708,False
1737650926.205312,2025-01-23 17:48:46,OTHER,PAUSE,,,,,,,,,,,,,,,,,,,,,,,,,,,,,,,,,,,,,,,635.191330909729,False
1737650926.3483202,2025-01-23 17:48:46,OTHER,PAUSE,,,,,,,,,,,,,,,,,,,,,,,,,,,,,,,,,,,,,,,635.3343391418457,False
1737650926.5343308,2025-01-23 17:48:46,OTHER,PAUSE,,,,,,,,,,,,,,,,,,,,,,,,,,,,,,,,,,,,,,,635.520349740982,False
1737650926.6843395,2025-01-23 17:48:46,OTHER,PAUSE,,,,,,,,,,,,,,,,,,,,,,,,,,,,,,,,,,,,,,,635.6703584194183,False
1737650926.8413486,2025-01-23 17:48:46,OTHER,PAUSE,,,,,,,,,,,,,,,,,,,,,,,,,,,,,,,,,,,,,,,635.8273675441742,False
1737650926.9863567,2025-01-23 17:48:46,OTHER,PAUSE,,,,,,,,,,,,,,,,,,,,,,,,,,,,,,,,,,,,,,,635.9723756313324,False
1737650927.1383655,2025-01-23 17:48:47,OTHER,PAUSE,,,,,,,,,,,,,,,,,,,,,,,,,,,,,,,,,,,,,,,636.1243844032288,False
1737650927.339377,2025-01-23 17:48:47,OTHER,PAUSE,,,,,,,,,,,,,,,,,,,,,,,,,,,,,,,,,,,,,,,636.325395822525,False
1737650927.5753906,2025-01-23 17:48:47,OTHER,PAUSE,,,,,,,,,,,,,,,,,,,,,,,,,,,,,,,,,,,,,,,636.5614094734192,False
1737650927.8064036,2025-01-23 17:48:47,OTHER,PAUSE,,,,,,,,,,,,,,,,,,,,,,,,,,,,,,,,,,,,,,,636.7924225330353,False
1737650928.0294166,2025-01-23 17:48:48,OTHER,PAUSE,,,,,,,,,,,,,,,,,,,,,,,,,,,,,,,,,,,,,,,637.0154354572296,False
1737650928.2104268,2025-01-23 17:48:48,OTHER,PAUSE,,,,,,,,,,,,,,,,,,,,,,,,,,,,,,,,,,,,,,,637.1964457035065,False
1737650928.3574352,2025-01-23 17:48:48,OTHER,PAUSE,,,,,,,,,,,,,,,,,,,,,,,,,,,,,,,,,,,,,,,637.3434541225433,False
1737650928.5044436,2025-01-23 17:48:48,OTHER,PAUSE,,,,,,,,,,,,,,,,,,,,,,,,,,,,,,,,,,,,,,,637.4904625415802,False
1737650928.650452,2025-01-23 17:48:48,OTHER,PAUSE,,,,,,,,,,,,,,,,,,,,,,,,,,,,,,,,,,,,,,,637.6364707946777,False
1737650928.8114612,2025-01-23 17:48:48,OTHER,PAUSE,,,,,,,,,,,,,,,,,,,,,,,,,,,,,,,,,,,,,,,637.7974801063538,False
1737650928.9794707,2025-01-23 17:48:48,OTHER,PAUSE,,,,,,,,,,,,,,,,,,,,,,,,,,,,,,,,,,,,,,,637.9654896259308,False
1737650929.13548,2025-01-23 17:48:49,OTHER,PAUSE,,,,,,,,,,,,,,,,,,,,,,,,,,,,,,,,,,,,,,,638.1214988231659,False
1737650929.294489,2025-01-23 17:48:49,OTHER,PAUSE,,,,,,,,,,,,,,,,,,,,,,,,,,,,,,,,,,,,,,,638.2805078029633,False
1737650929.457498,2025-01-23 17:48:49,OTHER,PAUSE,,,,,,,,,,,,,,,,,,,,,,,,,,,,,,,,,,,,,,,638.4435169696808,False
1737650929.6095068,2025-01-23 17:48:49,OTHER,PAUSE,,,,,,,,,,,,,,,,,,,,,,,,,,,,,,,,,,,,,,,638.5955257415771,False
1737650929.7545152,2025-01-23 17:48:49,OTHER,PAUSE,,,,,,,,,,,,,,,,,,,,,,,,,,,,,,,,,,,,,,,638.7405340671539,False
1737650929.9305253,2025-01-23 17:48:49,OTHER,PAUSE,,,,,,,,,,,,,,,,,,,,,,,,,,,,,,,,,,,,,,,638.9165441989899,False
1737650930.0865343,2025-01-23 17:48:50,OTHER,PAUSE,,,,,,,,,,,,,,,,,,,,,,,,,,,,,,,,,,,,,,,639.0725531578064,False
1737650930.240543,2025-01-23 17:48:50,OTHER,PAUSE,,,,,,,,,,,,,,,,,,,,,,,,,,,,,,,,,,,,,,,639.2265617847443,False
1737650930.3965518,2025-01-23 17:48:50,OTHER,PAUSE,,,,,,,,,,,,,,,,,,,,,,,,,,,,,,,,,,,,,,,639.3825707435608,False
1737650930.5495605,2025-01-23 17:48:50,OTHER,PAUSE,,,,,,,,,,,,,,,,,,,,,,,,,,,,,,,,,,,,,,,639.5355794429779,False
1737650930.7085695,2025-01-23 17:48:50,OTHER,PAUSE,,,,,,,,,,,,,,,,,,,,,,,,,,,,,,,,,,,,,,,639.6945884227753,False
1737650930.8575783,2025-01-23 17:48:50,OTHER,PAUSE,,,,,,,,,,,,,,,,,,,,,,,,,,,,,,,,,,,,,,,639.8435971736908,False
1737650931.0205874,2025-01-23 17:48:51,OTHER,PAUSE,,,,,,,,,,,,,,,,,,,,,,,,,,,,,,,,,,,,,,,640.0066063404083,False
1737650931.1715963,2025-01-23 17:48:51,OTHER,PAUSE,,,,,,,,,,,,,,,,,,,,,,,,,,,,,,,,,,,,,,,640.1576151847839,False
1737650931.326605,2025-01-23 17:48:51,OTHER,PAUSE,,,,,,,,,,,,,,,,,,,,,,,,,,,,,,,,,,,,,,,640.3126239776611,False
1737650931.4916146,2025-01-23 17:48:51,OTHER,PAUSE,,,,,,,,,,,,,,,,,,,,,,,,,,,,,,,,,,,,,,,640.4776334762573,False
1737650931.657624,2025-01-23 17:48:51,OTHER,PAUSE,,,,,,,,,,,,,,,,,,,,,,,,,,,,,,,,,,,,,,,640.6436429023743,False
1737650931.8036325,2025-01-23 17:48:51,OTHER,PAUSE,,,,,,,,,,,,,,,,,,,,,,,,,,,,,,,,,,,,,,,640.7896513938904,False
1737650931.9606414,2025-01-23 17:48:51,OTHER,PAUSE,,,,,,,,,,,,,,,,,,,,,,,,,,,,,,,,,,,,,,,640.9466602802277,False
1737650932.1256506,2025-01-23 17:48:52,OTHER,PAUSE,,,,,,,,,,,,,,,,,,,,,,,,,,,,,,,,,,,,,,,641.1116695404053,False
1737650932.2796595,2025-01-23 17:48:52,OTHER,PAUSE,,,,,,,,,,,,,,,,,,,,,,,,,,,,,,,,,,,,,,,641.2656784057617,False
1737650932.4336684,2025-01-23 17:48:52,OTHER,PAUSE,,,,,,,,,,,,,,,,,,,,,,,,,,,,,,,,,,,,,,,641.4196872711182,False
1737650932.5766766,2025-01-23 17:48:52,OTHER,PAUSE,,,,,,,,,,,,,,,,,,,,,,,,,,,,,,,,,,,,,,,641.5626955032349,False
1737650932.742686,2025-01-23 17:48:52,OTHER,PAUSE,,,,,,,,,,,,,,,,,,,,,,,,,,,,,,,,,,,,,,,641.7287049293518,False
1737650932.9026952,2025-01-23 17:48:52,OTHER,PAUSE,,,,,,,,,,,,,,,,,,,,,,,,,,,,,,,,,,,,,,,641.8887140750885,False
1737650933.0557039,2025-01-23 17:48:53,OTHER,PAUSE,,,,,,,,,,,,,,,,,,,,,,,,,,,,,,,,,,,,,,,642.0417227745056,False
1737650933.2187133,2025-01-23 17:48:53,OTHER,PAUSE,,,,,,,,,,,,,,,,,,,,,,,,,,,,,,,,,,,,,,,642.2047321796417,False
1737650933.3777223,2025-01-23 17:48:53,OTHER,PAUSE,,,,,,,,,,,,,,,,,,,,,,,,,,,,,,,,,,,,,,,642.3637411594391,False
1737650933.5357316,2025-01-23 17:48:53,OTHER,PAUSE,,,,,,,,,,,,,,,,,,,,,,,,,,,,,,,,,,,,,,,642.5217504501343,False
1737650933.6787398,2025-01-23 17:48:53,OTHER,PAUSE,,,,,,,,,,,,,,,,,,,,,,,,,,,,,,,,,,,,,,,642.664758682251,False
1737650933.8587499,2025-01-23 17:48:53,OTHER,PAUSE,,,,,,,,,,,,,,,,,,,,,,,,,,,,,,,,,,,,,,,642.8447687625885,False
1737650934.0287595,2025-01-23 17:48:54,OTHER,PAUSE,,,,,,,,,,,,,,,,,,,,,,,,,,,,,,,,,,,,,,,643.0147783756256,False
1737650934.1777682,2025-01-23 17:48:54,OTHER,PAUSE,,,,,,,,,,,,,,,,,,,,,,,,,,,,,,,,,,,,,,,643.1637871265411,False
1737650934.3407774,2025-01-23 17:48:54,OTHER,PAUSE,,,,,,,,,,,,,,,,,,,,,,,,,,,,,,,,,,,,,,,643.3267962932587,False
1737650934.5007868,2025-01-23 17:48:54,OTHER,PAUSE,,,,,,,,,,,,,,,,,,,,,,,,,,,,,,,,,,,,,,,643.4868056774139,False
1737650934.665796,2025-01-23 17:48:54,OTHER,PAUSE,,,,,,,,,,,,,,,,,,,,,,,,,,,,,,,,,,,,,,,643.6518149375916,False
1737650934.8168046,2025-01-23 17:48:54,OTHER,PAUSE,,,,,,,,,,,,,,,,,,,,,,,,,,,,,,,,,,,,,,,643.8028235435486,False
1737650935.0888202,2025-01-23 17:48:55,OTHER,PAUSE,,,,,,,,,,,,,,,,,,,,,,,,,,,,,,,,,,,,,,,644.0748391151428,False
1737650935.2538297,2025-01-23 17:48:55,OTHER,PAUSE,,,,,,,,,,,,,,,,,,,,,,,,,,,,,,,,,,,,,,,644.239848613739,False
1737650935.3958378,2025-01-23 17:48:55,OTHER,PAUSE,,,,,,,,,,,,,,,,,,,,,,,,,,,,,,,,,,,,,,,644.3818566799164,False
1737650935.558847,2025-01-23 17:48:55,OTHER,PAUSE,,,,,,,,,,,,,,,,,,,,,,,,,,,,,,,,,,,,,,,644.5448658466339,False
1737650935.7238567,2025-01-23 17:48:55,OTHER,PAUSE,,,,,,,,,,,,,,,,,,,,,,,,,,,,,,,,,,,,,,,644.7098755836487,False
1737650935.8808656,2025-01-23 17:48:55,OTHER,PAUSE,,,,,,,,,,,,,,,,,,,,,,,,,,,,,,,,,,,,,,,644.866884469986,False
1737650936.0558755,2025-01-23 17:48:56,OTHER,PAUSE,,,,,,,,,,,,,,,,,,,,,,,,,,,,,,,,,,,,,,,645.0418944358826,False
1737650936.2058842,2025-01-23 17:48:56,OTHER,PAUSE,,,,,,,,,,,,,,,,,,,,,,,,,,,,,,,,,,,,,,,645.1919031143188,False
1737650936.3538926,2025-01-23 17:48:56,OTHER,PAUSE,,,,,,,,,,,,,,,,,,,,,,,,,,,,,,,,,,,,,,,645.3399114608765,False
1737650936.5089014,2025-01-23 17:48:56,OTHER,PAUSE,,,,,,,,,,,,,,,,,,,,,,,,,,,,,,,,,,,,,,,645.4949202537537,False
1737650936.676911,2025-01-23 17:48:56,OTHER,PAUSE,,,,,,,,,,,,,,,,,,,,,,,,,,,,,,,,,,,,,,,645.6629300117493,False
1737650936.8349202,2025-01-23 17:48:56,OTHER,PAUSE,,,,,,,,,,,,,,,,,,,,,,,,,,,,,,,,,,,,,,,645.8209390640259,False
1737650936.9799283,2025-01-23 17:48:56,OTHER,PAUSE,,,,,,,,,,,,,,,,,,,,,,,,,,,,,,,,,,,,,,,645.9659471511841,False
1737650937.148938,2025-01-23 17:48:57,OTHER,PAUSE,,,,,,,,,,,,,,,,,,,,,,,,,,,,,,,,,,,,,,,646.1349568367004,False
1737650937.3059468,2025-01-23 17:48:57,OTHER,PAUSE,,,,,,,,,,,,,,,,,,,,,,,,,,,,,,,,,,,,,,,646.2919657230377,False
1737650937.4719565,2025-01-23 17:48:57,OTHER,PAUSE,,,,,,,,,,,,,,,,,,,,,,,,,,,,,,,,,,,,,,,646.4579753875732,False
1737650937.6149647,2025-01-23 17:48:57,OTHER,PAUSE,,,,,,,,,,,,,,,,,,,,,,,,,,,,,,,,,,,,,,,646.6009836196899,False
1737650937.8039753,2025-01-23 17:48:57,OTHER,PAUSE,,,,,,,,,,,,,,,,,,,,,,,,,,,,,,,,,,,,,,,646.7899942398071,False
1737650937.9739852,2025-01-23 17:48:57,OTHER,PAUSE,,,,,,,,,,,,,,,,,,,,,,,,,,,,,,,,,,,,,,,646.9600040912628,False
1737650938.1239939,2025-01-23 17:48:58,OTHER,PAUSE,,,,,,,,,,,,,,,,,,,,,,,,,,,,,,,,,,,,,,,647.1100127696991,False
1737650938.301004,2025-01-23 17:48:58,OTHER,PAUSE,,,,,,,,,,,,,,,,,,,,,,,,,,,,,,,,,,,,,,,647.2870228290558,False
1737650938.4640133,2025-01-23 17:48:58,OTHER,PAUSE,,,,,,,,,,,,,,,,,,,,,,,,,,,,,,,,,,,,,,,647.4500322341919,False
1737650938.6190221,2025-01-23 17:48:58,OTHER,PAUSE,,,,,,,,,,,,,,,,,,,,,,,,,,,,,,,,,,,,,,,647.6050410270691,False
1737650938.7640305,2025-01-23 17:48:58,OTHER,PAUSE,,,,,,,,,,,,,,,,,,,,,,,,,,,,,,,,,,,,,,,647.7500493526459,False
1737650938.9380403,2025-01-23 17:48:58,OTHER,PAUSE,,,,,,,,,,,,,,,,,,,,,,,,,,,,,,,,,,,,,,,647.9240591526031,False
1737650939.088049,2025-01-23 17:48:59,OTHER,PAUSE,,,,,,,,,,,,,,,,,,,,,,,,,,,,,,,,,,,,,,,648.0740678310394,False
1737650939.2420578,2025-01-23 17:48:59,OTHER,PAUSE,,,,,,,,,,,,,,,,,,,,,,,,,,,,,,,,,,,,,,,648.2280766963959,False
1737650939.407067,2025-01-23 17:48:59,OTHER,PAUSE,,,,,,,,,,,,,,,,,,,,,,,,,,,,,,,,,,,,,,,648.3930859565735,False
1737650939.574077,2025-01-23 17:48:59,OTHER,PAUSE,,,,,,,,,,,,,,,,,,,,,,,,,,,,,,,,,,,,,,,648.5600957870483,False
1737650939.7480867,2025-01-23 17:48:59,OTHER,PAUSE,,,,,,,,,,,,,,,,,,,,,,,,,,,,,,,,,,,,,,,648.7341055870056,False
1737650939.892095,2025-01-23 17:48:59,OTHER,PAUSE,,,,,,,,,,,,,,,,,,,,,,,,,,,,,,,,,,,,,,,648.8781139850616,False
1737650940.0531042,2025-01-23 17:49:00,OTHER,PAUSE,,,,,,,,,,,,,,,,,,,,,,,,,,,,,,,,,,,,,,,649.0391230583191,False
1737650940.2281141,2025-01-23 17:49:00,OTHER,PAUSE,,,,,,,,,,,,,,,,,,,,,,,,,,,,,,,,,,,,,,,649.2141330242157,False
1737650940.3721223,2025-01-23 17:49:00,OTHER,PAUSE,,,,,,,,,,,,,,,,,,,,,,,,,,,,,,,,,,,,,,,649.3581411838531,False
1737650940.543132,2025-01-23 17:49:00,OTHER,PAUSE,,,,,,,,,,,,,,,,,,,,,,,,,,,,,,,,,,,,,,,649.5291509628296,False
1737650940.7031415,2025-01-23 17:49:00,OTHER,PAUSE,,,,,,,,,,,,,,,,,,,,,,,,,,,,,,,,,,,,,,,649.6891603469849,False
1737650940.8671505,2025-01-23 17:49:00,OTHER,PAUSE,,,,,,,,,,,,,,,,,,,,,,,,,,,,,,,,,,,,,,,649.8531694412231,False
1737650941.0101588,2025-01-23 17:49:01,OTHER,PAUSE,,,,,,,,,,,,,,,,,,,,,,,,,,,,,,,,,,,,,,,649.9961776733398,False
1737650941.1811686,2025-01-23 17:49:01,OTHER,PAUSE,,,,,,,,,,,,,,,,,,,,,,,,,,,,,,,,,,,,,,,650.1671874523163,False
1737650941.3491783,2025-01-23 17:49:01,OTHER,PAUSE,,,,,,,,,,,,,,,,,,,,,,,,,,,,,,,,,,,,,,,650.3351972103119,False
1737650941.4961867,2025-01-23 17:49:01,OTHER,PAUSE,,,,,,,,,,,,,,,,,,,,,,,,,,,,,,,,,,,,,,,650.4822056293488,False
1737650941.6571958,2025-01-23 17:49:01,OTHER,PAUSE,,,,,,,,,,,,,,,,,,,,,,,,,,,,,,,,,,,,,,,650.6432147026062,False
1737650941.8272057,2025-01-23 17:49:01,OTHER,PAUSE,,,,,,,,,,,,,,,,,,,,,,,,,,,,,,,,,,,,,,,650.8132245540619,False
1737650941.9872148,2025-01-23 17:49:01,OTHER,PAUSE,,,,,,,,,,,,,,,,,,,,,,,,,,,,,,,,,,,,,,,650.9732336997986,False
1737650942.133223,2025-01-23 17:49:02,OTHER,PAUSE,,,,,,,,,,,,,,,,,,,,,,,,,,,,,,,,,,,,,,,651.1192419528961,False
1737650942.3282342,2025-01-23 17:49:02,OTHER,PAUSE,,,,,,,,,,,,,,,,,,,,,,,,,,,,,,,,,,,,,,,651.3142530918121,False
1737650942.4912436,2025-01-23 17:49:02,OTHER,PAUSE,,,,,,,,,,,,,,,,,,,,,,,,,,,,,,,,,,,,,,,651.4772624969482,False
1737650942.6482527,2025-01-23 17:49:02,OTHER,PAUSE,,,,,,,,,,,,,,,,,,,,,,,,,,,,,,,,,,,,,,,651.6342716217041,False
1737650942.8212626,2025-01-23 17:49:02,OTHER,PAUSE,,,,,,,,,,,,,,,,,,,,,,,,,,,,,,,,,,,,,,,651.8072814941406,False
1737650942.9822717,2025-01-23 17:49:02,OTHER,PAUSE,,,,,,,,,,,,,,,,,,,,,,,,,,,,,,,,,,,,,,,651.9682905673981,False
1737650943.1492813,2025-01-23 17:49:03,OTHER,PAUSE,,,,,,,,,,,,,,,,,,,,,,,,,,,,,,,,,,,,,,,652.1353001594543,False
1737650943.3452926,2025-01-23 17:49:03,OTHER,PAUSE,,,,,,,,,,,,,,,,,,,,,,,,,,,,,,,,,,,,,,,652.3313114643097,False
1737650943.5373034,2025-01-23 17:49:03,OTHER,PAUSE,,,,,,,,,,,,,,,,,,,,,,,,,,,,,,,,,,,,,,,652.5233223438263,False
1737650943.7653167,2025-01-23 17:49:03,OTHER,PAUSE,,,,,,,,,,,,,,,,,,,,,,,,,,,,,,,,,,,,,,,652.7513356208801,False
1737650944.0093305,2025-01-23 17:49:04,OTHER,PAUSE,,,,,,,,,,,,,,,,,,,,,,,,,,,,,,,,,,,,,,,652.995349407196,False
1737650944.2173424,2025-01-23 17:49:04,OTHER,PAUSE,,,,,,,,,,,,,,,,,,,,,,,,,,,,,,,,,,,,,,,653.2033612728119,False
1737650944.366351,2025-01-23 17:49:04,OTHER,PAUSE,,,,,,,,,,,,,,,,,,,,,,,,,,,,,,,,,,,,,,,653.3523697853088,False
1737650944.5363607,2025-01-23 17:49:04,OTHER,PAUSE,,,,,,,,,,,,,,,,,,,,,,,,,,,,,,,,,,,,,,,653.5223796367645,False
1737650944.6903694,2025-01-23 17:49:04,OTHER,PAUSE,,,,,,,,,,,,,,,,,,,,,,,,,,,,,,,,,,,,,,,653.6763882637024,False
1737650944.8603792,2025-01-23 17:49:04,OTHER,PAUSE,,,,,,,,,,,,,,,,,,,,,,,,,,,,,,,,,,,,,,,653.8463981151581,False
1737650945.0093877,2025-01-23 17:49:05,OTHER,PAUSE,,,,,,,,,,,,,,,,,,,,,,,,,,,,,,,,,,,,,,,653.995406627655,False
1737650945.1653965,2025-01-23 17:49:05,OTHER,PAUSE,,,,,,,,,,,,,,,,,,,,,,,,,,,,,,,,,,,,,,,654.151415348053,False
1737650945.331406,2025-01-23 17:49:05,OTHER,PAUSE,,,,,,,,,,,,,,,,,,,,,,,,,,,,,,,,,,,,,,,654.3174250125885,False
1737650945.4734142,2025-01-23 17:49:05,OTHER,PAUSE,,,,,,,,,,,,,,,,,,,,,,,,,,,,,,,,,,,,,,,654.4594330787659,False
1737650945.6524243,2025-01-23 17:49:05,OTHER,PAUSE,,,,,,,,,,,,,,,,,,,,,,,,,,,,,,,,,,,,,,,654.6384432315826,False
1737650945.8174338,2025-01-23 17:49:05,OTHER,PAUSE,,,,,,,,,,,,,,,,,,,,,,,,,,,,,,,,,,,,,,,654.8034527301788,False
1737650945.9894435,2025-01-23 17:49:05,OTHER,PAUSE,,,,,,,,,,,,,,,,,,,,,,,,,,,,,,,,,,,,,,,654.975462436676,False
1737650946.1444526,2025-01-23 17:49:06,OTHER,PAUSE,,,,,,,,,,,,,,,,,,,,,,,,,,,,,,,,,,,,,,,655.1304714679718,False
1737650946.2964613,2025-01-23 17:49:06,OTHER,PAUSE,,,,,,,,,,,,,,,,,,,,,,,,,,,,,,,,,,,,,,,655.2824802398682,False
1737650946.4444697,2025-01-23 17:49:06,OTHER,PAUSE,,,,,,,,,,,,,,,,,,,,,,,,,,,,,,,,,,,,,,,655.4304885864258,False
1737650946.6154795,2025-01-23 17:49:06,OTHER,PAUSE,,,,,,,,,,,,,,,,,,,,,,,,,,,,,,,,,,,,,,,655.6014983654022,False
1737650946.7864892,2025-01-23 17:49:06,OTHER,PAUSE,,,,,,,,,,,,,,,,,,,,,,,,,,,,,,,,,,,,,,,655.7725081443787,False
1737650946.9344978,2025-01-23 17:49:06,OTHER,PAUSE,,,,,,,,,,,,,,,,,,,,,,,,,,,,,,,,,,,,,,,655.9205167293549,False
1737650947.083506,2025-01-23 17:49:07,OTHER,PAUSE,,,,,,,,,,,,,,,,,,,,,,,,,,,,,,,,,,,,,,,656.0695250034332,False
1737650947.2305148,2025-01-23 17:49:07,OTHER,PAUSE,,,,,,,,,,,,,,,,,,,,,,,,,,,,,,,,,,,,,,,656.2165336608887,False
1737650947.4165254,2025-01-23 17:49:07,OTHER,PAUSE,,,,,,,,,,,,,,,,,,,,,,,,,,,,,,,,,,,,,,,656.402544260025,False
1737650947.5755343,2025-01-23 17:49:07,OTHER,PAUSE,,,,,,,,,,,,,,,,,,,,,,,,,,,,,,,,,,,,,,,656.5615532398224,False
1737650947.7205427,2025-01-23 17:49:07,OTHER,PAUSE,,,,,,,,,,,,,,,,,,,,,,,,,,,,,,,,,,,,,,,656.7065615653992,False
1737650947.8865523,2025-01-23 17:49:07,OTHER,PAUSE,,,,,,,,,,,,,,,,,,,,,,,,,,,,,,,,,,,,,,,656.8725712299347,False
1737650948.0335605,2025-01-23 17:49:08,OTHER,PAUSE,,,,,,,,,,,,,,,,,,,,,,,,,,,,,,,,,,,,,,,657.019579410553,False
1737650948.19857,2025-01-23 17:49:08,OTHER,PAUSE,,,,,,,,,,,,,,,,,,,,,,,,,,,,,,,,,,,,,,,657.1845889091492,False
1737650948.3485785,2025-01-23 17:49:08,OTHER,PAUSE,,,,,,,,,,,,,,,,,,,,,,,,,,,,,,,,,,,,,,,657.3345973491669,False
1737650948.5285888,2025-01-23 17:49:08,OTHER,PAUSE,,,,,,,,,,,,,,,,,,,,,,,,,,,,,,,,,,,,,,,657.514607667923,False
1737650948.6915984,2025-01-23 17:49:08,OTHER,PAUSE,,,,,,,,,,,,,,,,,,,,,,,,,,,,,,,,,,,,,,,657.6776173114777,False
1737650948.8346064,2025-01-23 17:49:08,OTHER,PAUSE,,,,,,,,,,,,,,,,,,,,,,,,,,,,,,,,,,,,,,,657.8206253051758,False
1737650948.9916155,2025-01-23 17:49:08,OTHER,PAUSE,,,,,,,,,,,,,,,,,,,,,,,,,,,,,,,,,,,,,,,657.9776344299316,False
1737650949.1516247,2025-01-23 17:49:09,OTHER,PAUSE,,,,,,,,,,,,,,,,,,,,,,,,,,,,,,,,,,,,,,,658.1376435756683,False
1737650949.3006332,2025-01-23 17:49:09,OTHER,PAUSE,,,,,,,,,,,,,,,,,,,,,,,,,,,,,,,,,,,,,,,658.2866520881653,False
1737650949.4566422,2025-01-23 17:49:09,OTHER,PAUSE,,,,,,,,,,,,,,,,,,,,,,,,,,,,,,,,,,,,,,,658.4426610469818,False
1737650949.6446528,2025-01-23 17:49:09,OTHER,PAUSE,,,,,,,,,,,,,,,,,,,,,,,,,,,,,,,,,,,,,,,658.6306717395782,False
1737650949.804662,2025-01-23 17:49:09,OTHER,PAUSE,,,,,,,,,,,,,,,,,,,,,,,,,,,,,,,,,,,,,,,658.7906808853149,False
1737650949.966671,2025-01-23 17:49:09,OTHER,PAUSE,,,,,,,,,,,,,,,,,,,,,,,,,,,,,,,,,,,,,,,658.9526898860931,False
1737650950.1306806,2025-01-23 17:49:10,OTHER,PAUSE,,,,,,,,,,,,,,,,,,,,,,,,,,,,,,,,,,,,,,,659.1166994571686,False
1737650950.29369,2025-01-23 17:49:10,OTHER,PAUSE,,,,,,,,,,,,,,,,,,,,,,,,,,,,,,,,,,,,,,,659.2797088623047,False
1737650950.435698,2025-01-23 17:49:10,OTHER,PAUSE,,,,,,,,,,,,,,,,,,,,,,,,,,,,,,,,,,,,,,,659.421716928482,False
1737650950.608708,2025-01-23 17:49:10,OTHER,PAUSE,,,,,,,,,,,,,,,,,,,,,,,,,,,,,,,,,,,,,,,659.5947268009186,False
1737650950.788718,2025-01-23 17:49:10,OTHER,PAUSE,,,,,,,,,,,,,,,,,,,,,,,,,,,,,,,,,,,,,,,659.7747368812561,False
1737650950.9467275,2025-01-23 17:49:10,OTHER,PAUSE,,,,,,,,,,,,,,,,,,,,,,,,,,,,,,,,,,,,,,,659.9327464103699,False
1737650951.1017363,2025-01-23 17:49:11,OTHER,PAUSE,,,,,,,,,,,,,,,,,,,,,,,,,,,,,,,,,,,,,,,660.0877552032471,False
1737650951.2577448,2025-01-23 17:49:11,OTHER,PAUSE,,,,,,,,,,,,,,,,,,,,,,,,,,,,,,,,,,,,,,,660.2437636852264,False
1737650951.4037535,2025-01-23 17:49:11,OTHER,PAUSE,,,,,,,,,,,,,,,,,,,,,,,,,,,,,,,,,,,,,,,660.3897724151611,False
1737650951.554762,2025-01-23 17:49:11,OTHER,PAUSE,,,,,,,,,,,,,,,,,,,,,,,,,,,,,,,,,,,,,,,660.5407807826996,False
1737650951.7317722,2025-01-23 17:49:11,OTHER,PAUSE,,,,,,,,,,,,,,,,,,,,,,,,,,,,,,,,,,,,,,,660.7177910804749,False
1737650951.8777804,2025-01-23 17:49:11,OTHER,PAUSE,,,,,,,,,,,,,,,,,,,,,,,,,,,,,,,,,,,,,,,660.8637993335724,False
1737650952.04479,2025-01-23 17:49:12,OTHER,PAUSE,,,,,,,,,,,,,,,,,,,,,,,,,,,,,,,,,,,,,,,661.0308089256287,False
1737650952.2037992,2025-01-23 17:49:12,OTHER,PAUSE,,,,,,,,,,,,,,,,,,,,,,,,,,,,,,,,,,,,,,,661.1898181438446,False
1737650952.3688087,2025-01-23 17:49:12,OTHER,PAUSE,,,,,,,,,,,,,,,,,,,,,,,,,,,,,,,,,,,,,,,661.3548276424408,False
1737650952.5278177,2025-01-23 17:49:12,OTHER,PAUSE,,,,,,,,,,,,,,,,,,,,,,,,,,,,,,,,,,,,,,,661.5138366222382,False
1737650952.673826,2025-01-23 17:49:12,OTHER,PAUSE,,,,,,,,,,,,,,,,,,,,,,,,,,,,,,,,,,,,,,,661.6598448753357,False
1737650952.818834,2025-01-23 17:49:12,OTHER,PAUSE,,,,,,,,,,,,,,,,,,,,,,,,,,,,,,,,,,,,,,,661.8048529624939,False
1737650953.0158455,2025-01-23 17:49:13,OTHER,PAUSE,,,,,,,,,,,,,,,,,,,,,,,,,,,,,,,,,,,,,,,662.0018644332886,False
1737650953.1898556,2025-01-23 17:49:13,OTHER,PAUSE,,,,,,,,,,,,,,,,,,,,,,,,,,,,,,,,,,,,,,,662.1758744716644,False
1737650953.3408642,2025-01-23 17:49:13,OTHER,PAUSE,,,,,,,,,,,,,,,,,,,,,,,,,,,,,,,,,,,,,,,662.3268830776215,False
1737650953.5168743,2025-01-23 17:49:13,OTHER,PAUSE,,,,,,,,,,,,,,,,,,,,,,,,,,,,,,,,,,,,,,,662.5028932094574,False
1737650953.704885,2025-01-23 17:49:13,OTHER,PAUSE,,,,,,,,,,,,,,,,,,,,,,,,,,,,,,,,,,,,,,,662.6909039020538,False
1737650953.8568938,2025-01-23 17:49:13,OTHER,PAUSE,,,,,,,,,,,,,,,,,,,,,,,,,,,,,,,,,,,,,,,662.8429126739502,False
1737650954.0349038,2025-01-23 17:49:14,OTHER,PAUSE,,,,,,,,,,,,,,,,,,,,,,,,,,,,,,,,,,,,,,,663.0209226608276,False
1737650954.1899128,2025-01-23 17:49:14,OTHER,PAUSE,,,,,,,,,,,,,,,,,,,,,,,,,,,,,,,,,,,,,,,663.1759316921234,False
1737650954.351922,2025-01-23 17:49:14,OTHER,PAUSE,,,,,,,,,,,,,,,,,,,,,,,,,,,,,,,,,,,,,,,663.3379409313202,False
1737650954.5029306,2025-01-23 17:49:14,OTHER,PAUSE,,,,,,,,,,,,,,,,,,,,,,,,,,,,,,,,,,,,,,,663.4889495372772,False
1737650954.6779408,2025-01-23 17:49:14,OTHER,PAUSE,,,,,,,,,,,,,,,,,,,,,,,,,,,,,,,,,,,,,,,663.6639597415924,False
1737650954.84195,2025-01-23 17:49:14,OTHER,PAUSE,,,,,,,,,,,,,,,,,,,,,,,,,,,,,,,,,,,,,,,663.8279688358307,False
1737650955.000959,2025-01-23 17:49:15,OTHER,PAUSE,,,,,,,,,,,,,,,,,,,,,,,,,,,,,,,,,,,,,,,663.986977815628,False
1737650955.1779695,2025-01-23 17:49:15,OTHER,PAUSE,,,,,,,,,,,,,,,,,,,,,,,,,,,,,,,,,,,,,,,664.1639883518219,False
1737650955.3429787,2025-01-23 17:49:15,OTHER,PAUSE,,,,,,,,,,,,,,,,,,,,,,,,,,,,,,,,,,,,,,,664.3289976119995,False
1737650955.5189888,2025-01-23 17:49:15,OTHER,PAUSE,,,,,,,,,,,,,,,,,,,,,,,,,,,,,,,,,,,,,,,664.5050077438354,False
1737650955.6689973,2025-01-23 17:49:15,OTHER,PAUSE,,,,,,,,,,,,,,,,,,,,,,,,,,,,,,,,,,,,,,,664.6550161838531,False
1737650955.8460076,2025-01-23 17:49:15,OTHER,PAUSE,,,,,,,,,,,,,,,,,,,,,,,,,,,,,,,,,,,,,,,664.8320264816284,False
1737650956.0270178,2025-01-23 17:49:16,OTHER,PAUSE,,,,,,,,,,,,,,,,,,,,,,,,,,,,,,,,,,,,,,,665.0130367279053,False
1737650956.1770263,2025-01-23 17:49:16,OTHER,PAUSE,,,,,,,,,,,,,,,,,,,,,,,,,,,,,,,,,,,,,,,665.163045167923,False
1737650956.359037,2025-01-23 17:49:16,OTHER,PAUSE,,,,,,,,,,,,,,,,,,,,,,,,,,,,,,,,,,,,,,,665.3450558185577,False
1737650956.5250463,2025-01-23 17:49:16,OTHER,PAUSE,,,,,,,,,,,,,,,,,,,,,,,,,,,,,,,,,,,,,,,665.5110652446747,False
1737650956.6820555,2025-01-23 17:49:16,OTHER,PAUSE,,,,,,,,,,,,,,,,,,,,,,,,,,,,,,,,,,,,,,,665.6680743694305,False
1737650956.8380642,2025-01-23 17:49:16,OTHER,PAUSE,,,,,,,,,,,,,,,,,,,,,,,,,,,,,,,,,,,,,,,665.8240830898285,False
1737650957.0030737,2025-01-23 17:49:17,OTHER,PAUSE,,,,,,,,,,,,,,,,,,,,,,,,,,,,,,,,,,,,,,,665.9890925884247,False
1737650957.167083,2025-01-23 17:49:17,OTHER,PAUSE,,,,,,,,,,,,,,,,,,,,,,,,,,,,,,,,,,,,,,,666.1531019210815,False
1737650957.3120914,2025-01-23 17:49:17,OTHER,PAUSE,,,,,,,,,,,,,,,,,,,,,,,,,,,,,,,,,,,,,,,666.2981102466583,False
1737650957.487101,2025-01-23 17:49:17,OTHER,PAUSE,,,,,,,,,,,,,,,,,,,,,,,,,,,,,,,,,,,,,,,666.4731199741364,False
1737650957.6471105,2025-01-23 17:49:17,OTHER,PAUSE,,,,,,,,,,,,,,,,,,,,,,,,,,,,,,,,,,,,,,,666.6331293582916,False
1737650957.829121,2025-01-23 17:49:17,OTHER,PAUSE,,,,,,,,,,,,,,,,,,,,,,,,,,,,,,,,,,,,,,,666.8151400089264,False
1737650957.9761293,2025-01-23 17:49:17,OTHER,PAUSE,,,,,,,,,,,,,,,,,,,,,,,,,,,,,,,,,,,,,,,666.9621481895447,False
1737650958.1511393,2025-01-23 17:49:18,OTHER,PAUSE,,,,,,,,,,,,,,,,,,,,,,,,,,,,,,,,,,,,,,,667.1371581554413,False
1737650958.322149,2025-01-23 17:49:18,OTHER,PAUSE,,,,,,,,,,,,,,,,,,,,,,,,,,,,,,,,,,,,,,,667.3081679344177,False
1737650958.4651573,2025-01-23 17:49:18,OTHER,PAUSE,,,,,,,,,,,,,,,,,,,,,,,,,,,,,,,,,,,,,,,667.4511761665344,False
1737650958.6541681,2025-01-23 17:49:18,OTHER,PAUSE,,,,,,,,,,,,,,,,,,,,,,,,,,,,,,,,,,,,,,,667.6401870250702,False
1737650958.8231778,2025-01-23 17:49:18,OTHER,PAUSE,,,,,,,,,,,,,,,,,,,,,,,,,,,,,,,,,,,,,,,667.8091967105865,False
1737650958.969186,2025-01-23 17:49:18,OTHER,PAUSE,,,,,,,,,,,,,,,,,,,,,,,,,,,,,,,,,,,,,,,667.9552049636841,False
1737650959.139196,2025-01-23 17:49:19,OTHER,PAUSE,,,,,,,,,,,,,,,,,,,,,,,,,,,,,,,,,,,,,,,668.1252148151398,False
1737650959.3492079,2025-01-23 17:49:19,OTHER,PAUSE,,,,,,,,,,,,,,,,,,,,,,,,,,,,,,,,,,,,,,,668.3352267742157,False
1737650959.5702205,2025-01-23 17:49:19,OTHER,PAUSE,,,,,,,,,,,,,,,,,,,,,,,,,,,,,,,,,,,,,,,668.5562393665314,False
1737650959.8032339,2025-01-23 17:49:19,OTHER,PAUSE,,,,,,,,,,,,,,,,,,,,,,,,,,,,,,,,,,,,,,,668.7892527580261,False
1737650959.9922445,2025-01-23 17:49:19,OTHER,PAUSE,,,,,,,,,,,,,,,,,,,,,,,,,,,,,,,,,,,,,,,668.9782633781433,False
1737650960.1962562,2025-01-23 17:49:20,OTHER,PAUSE,,,,,,,,,,,,,,,,,,,,,,,,,,,,,,,,,,,,,,,669.182275056839,False
1737650960.3802667,2025-01-23 17:49:20,OTHER,PAUSE,,,,,,,,,,,,,,,,,,,,,,,,,,,,,,,,,,,,,,,669.3662855625153,False
1737650960.5502765,2025-01-23 17:49:20,OTHER,PAUSE,,,,,,,,,,,,,,,,,,,,,,,,,,,,,,,,,,,,,,,669.536295413971,False
1737650960.699285,2025-01-23 17:49:20,OTHER,PAUSE,,,,,,,,,,,,,,,,,,,,,,,,,,,,,,,,,,,,,,,669.6853039264679,False
1737650960.871295,2025-01-23 17:49:20,OTHER,PAUSE,,,,,,,,,,,,,,,,,,,,,,,,,,,,,,,,,,,,,,,669.8573138713837,False
1737650961.0213037,2025-01-23 17:49:21,OTHER,PAUSE,,,,,,,,,,,,,,,,,,,,,,,,,,,,,,,,,,,,,,,670.00732254982,False
1737650961.185313,2025-01-23 17:49:21,OTHER,PAUSE,,,,,,,,,,,,,,,,,,,,,,,,,,,,,,,,,,,,,,,670.1713318824768,False
1737650961.331321,2025-01-23 17:49:21,OTHER,PAUSE,,,,,,,,,,,,,,,,,,,,,,,,,,,,,,,,,,,,,,,670.3173398971558,False
1737650961.520332,2025-01-23 17:49:21,OTHER,PAUSE,,,,,,,,,,,,,,,,,,,,,,,,,,,,,,,,,,,,,,,670.5063509941101,False
1737650961.6873415,2025-01-23 17:49:21,OTHER,PAUSE,,,,,,,,,,,,,,,,,,,,,,,,,,,,,,,,,,,,,,,670.6733603477478,False
1737650961.8433504,2025-01-23 17:49:21,OTHER,PAUSE,,,,,,,,,,,,,,,,,,,,,,,,,,,,,,,,,,,,,,,670.8293693065643,False
1737650962.0303612,2025-01-23 17:49:22,OTHER,PAUSE,,,,,,,,,,,,,,,,,,,,,,,,,,,,,,,,,,,,,,,671.01638007164,False
1737650962.1943705,2025-01-23 17:49:22,OTHER,PAUSE,,,,,,,,,,,,,,,,,,,,,,,,,,,,,,,,,,,,,,,671.1803894042969,False
1737650962.3463793,2025-01-23 17:49:22,OTHER,PAUSE,,,,,,,,,,,,,,,,,,,,,,,,,,,,,,,,,,,,,,,671.3323981761932,False
1737650962.498388,2025-01-23 17:49:22,OTHER,PAUSE,,,,,,,,,,,,,,,,,,,,,,,,,,,,,,,,,,,,,,,671.4844069480896,False
1737650962.668398,2025-01-23 17:49:22,OTHER,PAUSE,,,,,,,,,,,,,,,,,,,,,,,,,,,,,,,,,,,,,,,671.6544167995453,False
1737650962.8374076,2025-01-23 17:49:22,OTHER,PAUSE,,,,,,,,,,,,,,,,,,,,,,,,,,,,,,,,,,,,,,,671.8234264850616,False
1737650962.9964166,2025-01-23 17:49:22,OTHER,PAUSE,,,,,,,,,,,,,,,,,,,,,,,,,,,,,,,,,,,,,,,671.982435464859,False
1737650963.1744266,2025-01-23 17:49:23,OTHER,PAUSE,,,,,,,,,,,,,,,,,,,,,,,,,,,,,,,,,,,,,,,672.1604454517365,False
1737650963.3474364,2025-01-23 17:49:23,OTHER,PAUSE,,,,,,,,,,,,,,,,,,,,,,,,,,,,,,,,,,,,,,,672.333455324173,False
1737650963.5174465,2025-01-23 17:49:23,OTHER,PAUSE,,,,,,,,,,,,,,,,,,,,,,,,,,,,,,,,,,,,,,,672.5034654140472,False
1737650963.672455,2025-01-23 17:49:23,OTHER,PAUSE,,,,,,,,,,,,,,,,,,,,,,,,,,,,,,,,,,,,,,,672.6584739685059,False
1737650963.8344646,2025-01-23 17:49:23,OTHER,PAUSE,,,,,,,,,,,,,,,,,,,,,,,,,,,,,,,,,,,,,,,672.8204834461212,False
1737650964.001474,2025-01-23 17:49:24,OTHER,PAUSE,,,,,,,,,,,,,,,,,,,,,,,,,,,,,,,,,,,,,,,672.9874927997589,False
1737650964.194485,2025-01-23 17:49:24,OTHER,PAUSE,,,,,,,,,,,,,,,,,,,,,,,,,,,,,,,,,,,,,,,673.1805038452148,False
1737650964.3644946,2025-01-23 17:49:24,OTHER,PAUSE,,,,,,,,,,,,,,,,,,,,,,,,,,,,,,,,,,,,,,,673.350513458252,False
1737650964.509503,2025-01-23 17:49:24,OTHER,PAUSE,,,,,,,,,,,,,,,,,,,,,,,,,,,,,,,,,,,,,,,673.4955217838287,False
1737650964.668512,2025-01-23 17:49:24,OTHER,PAUSE,,,,,,,,,,,,,,,,,,,,,,,,,,,,,,,,,,,,,,,673.6545310020447,False
1737650964.8355215,2025-01-23 17:49:24,OTHER,PAUSE,,,,,,,,,,,,,,,,,,,,,,,,,,,,,,,,,,,,,,,673.8215403556824,False
1737650965.0065312,2025-01-23 17:49:25,OTHER,PAUSE,,,,,,,,,,,,,,,,,,,,,,,,,,,,,,,,,,,,,,,673.9925501346588,False
1737650965.1675406,2025-01-23 17:49:25,OTHER,PAUSE,,,,,,,,,,,,,,,,,,,,,,,,,,,,,,,,,,,,,,,674.1535594463348,False
1737650965.3175492,2025-01-23 17:49:25,OTHER,PAUSE,,,,,,,,,,,,,,,,,,,,,,,,,,,,,,,,,,,,,,,674.3035681247711,False
1737650965.4775584,2025-01-23 17:49:25,OTHER,PAUSE,,,,,,,,,,,,,,,,,,,,,,,,,,,,,,,,,,,,,,,674.4635772705078,False
1737650965.631567,2025-01-23 17:49:25,OTHER,PAUSE,,,,,,,,,,,,,,,,,,,,,,,,,,,,,,,,,,,,,,,674.6175858974457,False
1737650965.7925766,2025-01-23 17:49:25,OTHER,PAUSE,,,,,,,,,,,,,,,,,,,,,,,,,,,,,,,,,,,,,,,674.7785954475403,False
1737650965.9625862,2025-01-23 17:49:25,OTHER,PAUSE,,,,,,,,,,,,,,,,,,,,,,,,,,,,,,,,,,,,,,,674.9486050605774,False
1737650966.115595,2025-01-23 17:49:26,OTHER,PAUSE,,,,,,,,,,,,,,,,,,,,,,,,,,,,,,,,,,,,,,,675.1016139984131,False
1737650966.2646034,2025-01-23 17:49:26,OTHER,PAUSE,,,,,,,,,,,,,,,,,,,,,,,,,,,,,,,,,,,,,,,675.2506222724915,False
1737650966.413612,2025-01-23 17:49:26,OTHER,PAUSE,,,,,,,,,,,,,,,,,,,,,,,,,,,,,,,,,,,,,,,675.3996307849884,False
1737650966.5756211,2025-01-23 17:49:26,OTHER,PAUSE,,,,,,,,,,,,,,,,,,,,,,,,,,,,,,,,,,,,,,,675.5616400241852,False
1737650966.7326303,2025-01-23 17:49:26,OTHER,PAUSE,,,,,,,,,,,,,,,,,,,,,,,,,,,,,,,,,,,,,,,675.718649148941,False
1737650966.8826387,2025-01-23 17:49:26,OTHER,PAUSE,,,,,,,,,,,,,,,,,,,,,,,,,,,,,,,,,,,,,,,675.8686575889587,False
1737650967.0616488,2025-01-23 17:49:27,OTHER,PAUSE,,,,,,,,,,,,,,,,,,,,,,,,,,,,,,,,,,,,,,,676.0476677417755,False
1737650967.2346587,2025-01-23 17:49:27,OTHER,PAUSE,,,,,,,,,,,,,,,,,,,,,,,,,,,,,,,,,,,,,,,676.220677614212,False
1737650967.4026685,2025-01-23 17:49:27,OTHER,PAUSE,,,,,,,,,,,,,,,,,,,,,,,,,,,,,,,,,,,,,,,676.3886873722076,False
1737650967.5646777,2025-01-23 17:49:27,OTHER,PAUSE,,,,,,,,,,,,,,,,,,,,,,,,,,,,,,,,,,,,,,,676.5506966114044,False
1737650967.7216868,2025-01-23 17:49:27,OTHER,PAUSE,,,,,,,,,,,,,,,,,,,,,,,,,,,,,,,,,,,,,,,676.7077057361603,False
1737650967.866695,2025-01-23 17:49:27,OTHER,PAUSE,,,,,,,,,,,,,,,,,,,,,,,,,,,,,,,,,,,,,,,676.8527138233185,False
1737650968.021704,2025-01-23 17:49:28,OTHER,PAUSE,,,,,,,,,,,,,,,,,,,,,,,,,,,,,,,,,,,,,,,677.0077228546143,False
1737650968.2137148,2025-01-23 17:49:28,OTHER,PAUSE,,,,,,,,,,,,,,,,,,,,,,,,,,,,,,,,,,,,,,,677.1997337341309,False
1737650968.3677237,2025-01-23 17:49:28,OTHER,PAUSE,,,,,,,,,,,,,,,,,,,,,,,,,,,,,,,,,,,,,,,677.3537425994873,False
1737650968.5107317,2025-01-23 17:49:28,OTHER,PAUSE,,,,,,,,,,,,,,,,,,,,,,,,,,,,,,,,,,,,,,,677.4967505931854,False
1737650968.670741,2025-01-23 17:49:28,OTHER,PAUSE,,,,,,,,,,,,,,,,,,,,,,,,,,,,,,,,,,,,,,,677.6567599773407,False
1737650968.8407507,2025-01-23 17:49:28,OTHER,PAUSE,,,,,,,,,,,,,,,,,,,,,,,,,,,,,,,,,,,,,,,677.8267695903778,False
1737650969.0117605,2025-01-23 17:49:29,OTHER,PAUSE,,,,,,,,,,,,,,,,,,,,,,,,,,,,,,,,,,,,,,,677.9977793693542,False
1737650969.1747699,2025-01-23 17:49:29,OTHER,PAUSE,,,,,,,,,,,,,,,,,,,,,,,,,,,,,,,,,,,,,,,678.1607887744904,False
1737650969.3627806,2025-01-23 17:49:29,OTHER,PAUSE,,,,,,,,,,,,,,,,,,,,,,,,,,,,,,,,,,,,,,,678.3487994670868,False
1737650969.5297902,2025-01-23 17:49:29,OTHER,PAUSE,,,,,,,,,,,,,,,,,,,,,,,,,,,,,,,,,,,,,,,678.5158090591431,False
1737650969.6917994,2025-01-23 17:49:29,OTHER,PAUSE,,,,,,,,,,,,,,,,,,,,,,,,,,,,,,,,,,,,,,,678.6778182983398,False
1737650969.8648093,2025-01-23 17:49:29,OTHER,PAUSE,,,,,,,,,,,,,,,,,,,,,,,,,,,,,,,,,,,,,,,678.8508281707764,False
1737650970.0208182,2025-01-23 17:49:30,OTHER,PAUSE,,,,,,,,,,,,,,,,,,,,,,,,,,,,,,,,,,,,,,,679.0068371295929,False
1737650970.1788273,2025-01-23 17:49:30,OTHER,PAUSE,,,,,,,,,,,,,,,,,,,,,,,,,,,,,,,,,,,,,,,679.1648461818695,False
1737650970.3388364,2025-01-23 17:49:30,OTHER,PAUSE,,,,,,,,,,,,,,,,,,,,,,,,,,,,,,,,,,,,,,,679.3248553276062,False
1737650970.4858449,2025-01-23 17:49:30,OTHER,PAUSE,,,,,,,,,,,,,,,,,,,,,,,,,,,,,,,,,,,,,,,679.4718637466431,False
1737650970.6388535,2025-01-23 17:49:30,OTHER,PAUSE,,,,,,,,,,,,,,,,,,,,,,,,,,,,,,,,,,,,,,,679.6248724460602,False
1737650970.7948625,2025-01-23 17:49:30,OTHER,PAUSE,,,,,,,,,,,,,,,,,,,,,,,,,,,,,,,,,,,,,,,679.7808814048767,False
1737650970.9488714,2025-01-23 17:49:30,OTHER,PAUSE,,,,,,,,,,,,,,,,,,,,,,,,,,,,,,,,,,,,,,,679.9348902702332,False
1737650971.1068802,2025-01-23 17:49:31,OTHER,PAUSE,,,,,,,,,,,,,,,,,,,,,,,,,,,,,,,,,,,,,,,680.0928990840912,False
1737650971.2738898,2025-01-23 17:49:31,OTHER,PAUSE,,,,,,,,,,,,,,,,,,,,,,,,,,,,,,,,,,,,,,,680.2599086761475,False
1737650971.465901,2025-01-23 17:49:31,OTHER,PAUSE,,,,,,,,,,,,,,,,,,,,,,,,,,,,,,,,,,,,,,,680.4519197940826,False
1737650971.62491,2025-01-23 17:49:31,OTHER,PAUSE,,,,,,,,,,,,,,,,,,,,,,,,,,,,,,,,,,,,,,,680.6109290122986,False
1737650971.783919,2025-01-23 17:49:31,OTHER,PAUSE,,,,,,,,,,,,,,,,,,,,,,,,,,,,,,,,,,,,,,,680.769937992096,False
1737650971.940928,2025-01-23 17:49:31,OTHER,PAUSE,,,,,,,,,,,,,,,,,,,,,,,,,,,,,,,,,,,,,,,680.9269468784332,False
1737650972.0929368,2025-01-23 17:49:32,OTHER,PAUSE,,,,,,,,,,,,,,,,,,,,,,,,,,,,,,,,,,,,,,,681.0789556503296,False
1737650972.2519457,2025-01-23 17:49:32,OTHER,PAUSE,,,,,,,,,,,,,,,,,,,,,,,,,,,,,,,,,,,,,,,681.237964630127,False
1737650972.445957,2025-01-23 17:49:32,OTHER,PAUSE,,,,,,,,,,,,,,,,,,,,,,,,,,,,,,,,,,,,,,,681.4319758415222,False
1737650972.6339676,2025-01-23 17:49:32,OTHER,PAUSE,,,,,,,,,,,,,,,,,,,,,,,,,,,,,,,,,,,,,,,681.6199865341187,False
1737650972.7879765,2025-01-23 17:49:32,OTHER,PAUSE,,,,,,,,,,,,,,,,,,,,,,,,,,,,,,,,,,,,,,,681.7739953994751,False
1737650972.9429855,2025-01-23 17:49:32,OTHER,PAUSE,,,,,,,,,,,,,,,,,,,,,,,,,,,,,,,,,,,,,,,681.9290044307709,False
1737650973.090994,2025-01-23 17:49:33,OTHER,PAUSE,,,,,,,,,,,,,,,,,,,,,,,,,,,,,,,,,,,,,,,682.0770127773285,False
1737650973.2800045,2025-01-23 17:49:33,OTHER,PAUSE,,,,,,,,,,,,,,,,,,,,,,,,,,,,,,,,,,,,,,,682.2660233974457,False
1737650973.4370134,2025-01-23 17:49:33,OTHER,PAUSE,,,,,,,,,,,,,,,,,,,,,,,,,,,,,,,,,,,,,,,682.423032283783,False
1737650973.5900223,2025-01-23 17:49:33,OTHER,PAUSE,,,,,,,,,,,,,,,,,,,,,,,,,,,,,,,,,,,,,,,682.5760412216187,False
1737650973.760032,2025-01-23 17:49:33,OTHER,PAUSE,,,,,,,,,,,,,,,,,,,,,,,,,,,,,,,,,,,,,,,682.7460508346558,False
1737650973.9240415,2025-01-23 17:49:33,OTHER,PAUSE,,,,,,,,,,,,,,,,,,,,,,,,,,,,,,,,,,,,,,,682.9100604057312,False
1737650974.0850506,2025-01-23 17:49:34,OTHER,PAUSE,,,,,,,,,,,,,,,,,,,,,,,,,,,,,,,,,,,,,,,683.0710694789886,False
1737650974.2590604,2025-01-23 17:49:34,OTHER,PAUSE,,,,,,,,,,,,,,,,,,,,,,,,,,,,,,,,,,,,,,,683.2450792789459,False
1737650974.4400709,2025-01-23 17:49:34,OTHER,PAUSE,,,,,,,,,,,,,,,,,,,,,,,,,,,,,,,,,,,,,,,683.4260897636414,False
1737650974.5920796,2025-01-23 17:49:34,OTHER,PAUSE,,,,,,,,,,,,,,,,,,,,,,,,,,,,,,,,,,,,,,,683.5780985355377,False
1737650974.7460885,2025-01-23 17:49:34,OTHER,PAUSE,,,,,,,,,,,,,,,,,,,,,,,,,,,,,,,,,,,,,,,683.7321074008942,False
1737650974.9160984,2025-01-23 17:49:34,OTHER,PAUSE,,,,,,,,,,,,,,,,,,,,,,,,,,,,,,,,,,,,,,,683.9021172523499,False
1737650975.0821075,2025-01-23 17:49:35,OTHER,PAUSE,,,,,,,,,,,,,,,,,,,,,,,,,,,,,,,,,,,,,,,684.0681264400482,False
1737650975.2341163,2025-01-23 17:49:35,OTHER,PAUSE,,,,,,,,,,,,,,,,,,,,,,,,,,,,,,,,,,,,,,,684.2201352119446,False
1737650975.453129,2025-01-23 17:49:35,OTHER,PAUSE,,,,,,,,,,,,,,,,,,,,,,,,,,,,,,,,,,,,,,,684.4391479492188,False
1737650975.6571405,2025-01-23 17:49:35,OTHER,PAUSE,,,,,,,,,,,,,,,,,,,,,,,,,,,,,,,,,,,,,,,684.6431593894958,False
1737650975.8671527,2025-01-23 17:49:35,OTHER,PAUSE,,,,,,,,,,,,,,,,,,,,,,,,,,,,,,,,,,,,,,,684.8531715869904,False
1737650976.0941656,2025-01-23 17:49:36,OTHER,PAUSE,,,,,,,,,,,,,,,,,,,,,,,,,,,,,,,,,,,,,,,685.0801844596863,False
1737650976.2541747,2025-01-23 17:49:36,OTHER,PAUSE,,,,,,,,,,,,,,,,,,,,,,,,,,,,,,,,,,,,,,,685.240193605423,False
1737650976.4121838,2025-01-23 17:49:36,OTHER,PAUSE,,,,,,,,,,,,,,,,,,,,,,,,,,,,,,,,,,,,,,,685.3982026576996,False
1737650976.5791934,2025-01-23 17:49:36,OTHER,PAUSE,,,,,,,,,,,,,,,,,,,,,,,,,,,,,,,,,,,,,,,685.5652122497559,False
1737650976.746203,2025-01-23 17:49:36,OTHER,PAUSE,,,,,,,,,,,,,,,,,,,,,,,,,,,,,,,,,,,,,,,685.7322218418121,False
1737650976.8972113,2025-01-23 17:49:36,OTHER,PAUSE,,,,,,,,,,,,,,,,,,,,,,,,,,,,,,,,,,,,,,,685.8832302093506,False
1737650977.0572207,2025-01-23 17:49:37,OTHER,PAUSE,,,,,,,,,,,,,,,,,,,,,,,,,,,,,,,,,,,,,,,686.0432395935059,False
1737650977.2342308,2025-01-23 17:49:37,OTHER,PAUSE,,,,,,,,,,,,,,,,,,,,,,,,,,,,,,,,,,,,,,,686.2202496528625,False
1737650977.4102411,2025-01-23 17:49:37,OTHER,PAUSE,,,,,,,,,,,,,,,,,,,,,,,,,,,,,,,,,,,,,,,686.3962600231171,False
1737650977.6182528,2025-01-23 17:49:37,OTHER,PAUSE,,,,,,,,,,,,,,,,,,,,,,,,,,,,,,,,,,,,,,,686.6042716503143,False
1737650977.8062634,2025-01-23 17:49:37,OTHER,PAUSE,,,,,,,,,,,,,,,,,,,,,,,,,,,,,,,,,,,,,,,686.7922823429108,False
1737650977.9622724,2025-01-23 17:49:37,OTHER,PAUSE,,,,,,,,,,,,,,,,,,,,,,,,,,,,,,,,,,,,,,,686.9482913017273,False
1737650978.1192813,2025-01-23 17:49:38,OTHER,PAUSE,,,,,,,,,,,,,,,,,,,,,,,,,,,,,,,,,,,,,,,687.1053001880646,False
1737650978.2982917,2025-01-23 17:49:38,OTHER,PAUSE,,,,,,,,,,,,,,,,,,,,,,,,,,,,,,,,,,,,,,,687.2843105792999,False
1737650978.4573007,2025-01-23 17:49:38,OTHER,PAUSE,,,,,,,,,,,,,,,,,,,,,,,,,,,,,,,,,,,,,,,687.4433195590973,False
1737650978.62031,2025-01-23 17:49:38,OTHER,PAUSE,,,,,,,,,,,,,,,,,,,,,,,,,,,,,,,,,,,,,,,687.6063289642334,False
1737650978.7693186,2025-01-23 17:49:38,OTHER,PAUSE,,,,,,,,,,,,,,,,,,,,,,,,,,,,,,,,,,,,,,,687.7553374767303,False
1737650978.956329,2025-01-23 17:49:38,OTHER,PAUSE,,,,,,,,,,,,,,,,,,,,,,,,,,,,,,,,,,,,,,,687.9423480033875,False
1737650979.123339,2025-01-23 17:49:39,OTHER,PAUSE,,,,,,,,,,,,,,,,,,,,,,,,,,,,,,,,,,,,,,,688.1093578338623,False
1737650979.2703474,2025-01-23 17:49:39,OTHER,PAUSE,,,,,,,,,,,,,,,,,,,,,,,,,,,,,,,,,,,,,,,688.2563662528992,False
1737650979.4413571,2025-01-23 17:49:39,OTHER,PAUSE,,,,,,,,,,,,,,,,,,,,,,,,,,,,,,,,,,,,,,,688.4273760318756,False
1737650979.612367,2025-01-23 17:49:39,OTHER,PAUSE,,,,,,,,,,,,,,,,,,,,,,,,,,,,,,,,,,,,,,,688.598385810852,False
1737650979.7813766,2025-01-23 17:49:39,OTHER,PAUSE,,,,,,,,,,,,,,,,,,,,,,,,,,,,,,,,,,,,,,,688.7673954963684,False
1737650979.9273849,2025-01-23 17:49:39,OTHER,PAUSE,,,,,,,,,,,,,,,,,,,,,,,,,,,,,,,,,,,,,,,688.9134037494659,False
1737650980.1233962,2025-01-23 17:49:40,OTHER,PAUSE,,,,,,,,,,,,,,,,,,,,,,,,,,,,,,,,,,,,,,,689.1094150543213,False
1737650980.3124068,2025-01-23 17:49:40,OTHER,PAUSE,,,,,,,,,,,,,,,,,,,,,,,,,,,,,,,,,,,,,,,689.2984256744385,False
1737650980.4614155,2025-01-23 17:49:40,OTHER,PAUSE,,,,,,,,,,,,,,,,,,,,,,,,,,,,,,,,,,,,,,,689.447434425354,False
1737650980.6404254,2025-01-23 17:49:40,OTHER,PAUSE,,,,,,,,,,,,,,,,,,,,,,,,,,,,,,,,,,,,,,,689.6264443397522,False
1737650980.8084352,2025-01-23 17:49:40,OTHER,PAUSE,,,,,,,,,,,,,,,,,,,,,,,,,,,,,,,,,,,,,,,689.7944540977478,False
1737650980.9544435,2025-01-23 17:49:40,OTHER,PAUSE,,,,,,,,,,,,,,,,,,,,,,,,,,,,,,,,,,,,,,,689.9404623508453,False
1737650981.134454,2025-01-23 17:49:41,OTHER,PAUSE,,,,,,,,,,,,,,,,,,,,,,,,,,,,,,,,,,,,,,,690.12047290802,False
1737650981.296463,2025-01-23 17:49:41,OTHER,PAUSE,,,,,,,,,,,,,,,,,,,,,,,,,,,,,,,,,,,,,,,690.2824819087982,False
1737650981.4674728,2025-01-23 17:49:41,OTHER,PAUSE,,,,,,,,,,,,,,,,,,,,,,,,,,,,,,,,,,,,,,,690.4534916877747,False
1737650981.6304822,2025-01-23 17:49:41,OTHER,PAUSE,,,,,,,,,,,,,,,,,,,,,,,,,,,,,,,,,,,,,,,690.6165010929108,False
1737650981.800492,2025-01-23 17:49:41,OTHER,PAUSE,,,,,,,,,,,,,,,,,,,,,,,,,,,,,,,,,,,,,,,690.7865109443665,False
1737650981.9615011,2025-01-23 17:49:41,OTHER,PAUSE,,,,,,,,,,,,,,,,,,,,,,,,,,,,,,,,,,,,,,,690.9475200176239,False
1737650982.1085098,2025-01-23 17:49:42,OTHER,PAUSE,,,,,,,,,,,,,,,,,,,,,,,,,,,,,,,,,,,,,,,691.0945286750793,False
1737650982.2855196,2025-01-23 17:49:42,OTHER,PAUSE,,,,,,,,,,,,,,,,,,,,,,,,,,,,,,,,,,,,,,,691.2715384960175,False
1737650982.4385285,2025-01-23 17:49:42,OTHER,PAUSE,,,,,,,,,,,,,,,,,,,,,,,,,,,,,,,,,,,,,,,691.4245474338531,False
1737650982.6045382,2025-01-23 17:49:42,OTHER,PAUSE,,,,,,,,,,,,,,,,,,,,,,,,,,,,,,,,,,,,,,,691.5905570983887,False
1737650982.7565467,2025-01-23 17:49:42,OTHER,PAUSE,,,,,,,,,,,,,,,,,,,,,,,,,,,,,,,,,,,,,,,691.7425656318665,False
1737650982.920556,2025-01-23 17:49:42,OTHER,PAUSE,,,,,,,,,,,,,,,,,,,,,,,,,,,,,,,,,,,,,,,691.9065749645233,False
1737650983.111567,2025-01-23 17:49:43,OTHER,PAUSE,,,,,,,,,,,,,,,,,,,,,,,,,,,,,,,,,,,,,,,692.0975859165192,False
1737650983.2635758,2025-01-23 17:49:43,OTHER,PAUSE,,,,,,,,,,,,,,,,,,,,,,,,,,,,,,,,,,,,,,,692.2495946884155,False
1737650983.4465861,2025-01-23 17:49:43,OTHER,PAUSE,,,,,,,,,,,,,,,,,,,,,,,,,,,,,,,,,,,,,,,692.4326050281525,False
1737650983.619596,2025-01-23 17:49:43,OTHER,PAUSE,,,,,,,,,,,,,,,,,,,,,,,,,,,,,,,,,,,,,,,692.605614900589,False
1737650983.775605,2025-01-23 17:49:43,OTHER,PAUSE,,,,,,,,,,,,,,,,,,,,,,,,,,,,,,,,,,,,,,,692.7616238594055,False
1737650983.9496148,2025-01-23 17:49:43,OTHER,PAUSE,,,,,,,,,,,,,,,,,,,,,,,,,,,,,,,,,,,,,,,692.9356336593628,False
1737650984.1136243,2025-01-23 17:49:44,OTHER,PAUSE,,,,,,,,,,,,,,,,,,,,,,,,,,,,,,,,,,,,,,,693.0996432304382,False
1737650984.2876341,2025-01-23 17:49:44,OTHER,PAUSE,,,,,,,,,,,,,,,,,,,,,,,,,,,,,,,,,,,,,,,693.2736530303955,False
1737650984.4376428,2025-01-23 17:49:44,OTHER,PAUSE,,,,,,,,,,,,,,,,,,,,,,,,,,,,,,,,,,,,,,,693.4236617088318,False
1737650984.6076527,2025-01-23 17:49:44,OTHER,PAUSE,,,,,,,,,,,,,,,,,,,,,,,,,,,,,,,,,,,,,,,693.5936715602875,False
1737650984.7766623,2025-01-23 17:49:44,OTHER,PAUSE,,,,,,,,,,,,,,,,,,,,,,,,,,,,,,,,,,,,,,,693.7626812458038,False
1737650984.9246707,2025-01-23 17:49:44,OTHER,PAUSE,,,,,,,,,,,,,,,,,,,,,,,,,,,,,,,,,,,,,,,693.9106895923615,False
1737650985.0986805,2025-01-23 17:49:45,OTHER,PAUSE,,,,,,,,,,,,,,,,,,,,,,,,,,,,,,,,,,,,,,,694.0846993923187,False
1737650985.2786908,2025-01-23 17:49:45,OTHER,PAUSE,,,,,,,,,,,,,,,,,,,,,,,,,,,,,,,,,,,,,,,694.2647097110748,False
1737650985.4457006,2025-01-23 17:49:45,OTHER,PAUSE,,,,,,,,,,,,,,,,,,,,,,,,,,,,,,,,,,,,,,,694.4317195415497,False
1737650985.6067097,2025-01-23 17:49:45,OTHER,PAUSE,,,,,,,,,,,,,,,,,,,,,,,,,,,,,,,,,,,,,,,694.5927286148071,False
1737650985.7807195,2025-01-23 17:49:45,OTHER,PAUSE,,,,,,,,,,,,,,,,,,,,,,,,,,,,,,,,,,,,,,,694.7667384147644,False
1737650985.943729,2025-01-23 17:49:45,OTHER,PAUSE,,,,,,,,,,,,,,,,,,,,,,,,,,,,,,,,,,,,,,,694.9297478199005,False
1737650986.1127386,2025-01-23 17:49:46,OTHER,PAUSE,,,,,,,,,,,,,,,,,,,,,,,,,,,,,,,,,,,,,,,695.0987575054169,False
1737650986.3057497,2025-01-23 17:49:46,OTHER,PAUSE,,,,,,,,,,,,,,,,,,,,,,,,,,,,,,,,,,,,,,,695.2917685508728,False
1737650986.4757593,2025-01-23 17:49:46,OTHER,PAUSE,,,,,,,,,,,,,,,,,,,,,,,,,,,,,,,,,,,,,,,695.4617781639099,False
1737650986.6297681,2025-01-23 17:49:46,OTHER,PAUSE,,,,,,,,,,,,,,,,,,,,,,,,,,,,,,,,,,,,,,,695.6157870292664,False
1737650986.8197792,2025-01-23 17:49:46,OTHER,PAUSE,,,,,,,,,,,,,,,,,,,,,,,,,,,,,,,,,,,,,,,695.8057980537415,False
1737650986.9777882,2025-01-23 17:49:46,OTHER,PAUSE,,,,,,,,,,,,,,,,,,,,,,,,,,,,,,,,,,,,,,,695.9638071060181,False
1737650987.132797,2025-01-23 17:49:47,OTHER,PAUSE,,,,,,,,,,,,,,,,,,,,,,,,,,,,,,,,,,,,,,,696.1188158988953,False
1737650987.290806,2025-01-23 17:49:47,OTHER,PAUSE,,,,,,,,,,,,,,,,,,,,,,,,,,,,,,,,,,,,,,,696.2768249511719,False
1737650987.441815,2025-01-23 17:49:47,OTHER,PAUSE,,,,,,,,,,,,,,,,,,,,,,,,,,,,,,,,,,,,,,,696.4278337955475,False
1737650987.6018238,2025-01-23 17:49:47,OTHER,PAUSE,,,,,,,,,,,,,,,,,,,,,,,,,,,,,,,,,,,,,,,696.5878427028656,False
1737650987.7718337,2025-01-23 17:49:47,OTHER,PAUSE,,,,,,,,,,,,,,,,,,,,,,,,,,,,,,,,,,,,,,,696.7578525543213,False
1737650987.9508438,2025-01-23 17:49:47,OTHER,PAUSE,,,,,,,,,,,,,,,,,,,,,,,,,,,,,,,,,,,,,,,696.9368627071381,False
1737650988.1188533,2025-01-23 17:49:48,OTHER,PAUSE,,,,,,,,,,,,,,,,,,,,,,,,,,,,,,,,,,,,,,,697.1048722267151,False
1737650988.268862,2025-01-23 17:49:48,OTHER,PAUSE,,,,,,,,,,,,,,,,,,,,,,,,,,,,,,,,,,,,,,,697.2548809051514,False
1737650988.4318712,2025-01-23 17:49:48,OTHER,PAUSE,,,,,,,,,,,,,,,,,,,,,,,,,,,,,,,,,,,,,,,697.4178900718689,False
1737650988.6088815,2025-01-23 17:49:48,OTHER,PAUSE,,,,,,,,,,,,,,,,,,,,,,,,,,,,,,,,,,,,,,,697.5949003696442,False
1737650988.7778912,2025-01-23 17:49:48,OTHER,PAUSE,,,,,,,,,,,,,,,,,,,,,,,,,,,,,,,,,,,,,,,697.7639100551605,False
1737650988.9288995,2025-01-23 17:49:48,OTHER,PAUSE,,,,,,,,,,,,,,,,,,,,,,,,,,,,,,,,,,,,,,,697.914918422699,False
1737650989.1179106,2025-01-23 17:49:49,OTHER,PAUSE,,,,,,,,,,,,,,,,,,,,,,,,,,,,,,,,,,,,,,,698.1039295196533,False
1737650989.2879202,2025-01-23 17:49:49,OTHER,PAUSE,,,,,,,,,,,,,,,,,,,,,,,,,,,,,,,,,,,,,,,698.2739391326904,False
1737650989.4569297,2025-01-23 17:49:49,OTHER,PAUSE,,,,,,,,,,,,,,,,,,,,,,,,,,,,,,,,,,,,,,,698.4429485797882,False
1737650989.63194,2025-01-23 17:49:49,OTHER,PAUSE,,,,,,,,,,,,,,,,,,,,,,,,,,,,,,,,,,,,,,,698.6179587841034,False
1737650989.8069499,2025-01-23 17:49:49,OTHER,PAUSE,,,,,,,,,,,,,,,,,,,,,,,,,,,,,,,,,,,,,,,698.79296875,False
1737650989.9719594,2025-01-23 17:49:49,OTHER,PAUSE,,,,,,,,,,,,,,,,,,,,,,,,,,,,,,,,,,,,,,,698.9579782485962,False
1737650990.1279683,2025-01-23 17:49:50,OTHER,PAUSE,,,,,,,,,,,,,,,,,,,,,,,,,,,,,,,,,,,,,,,699.1139872074127,False
1737650990.2919776,2025-01-23 17:49:50,OTHER,PAUSE,,,,,,,,,,,,,,,,,,,,,,,,,,,,,,,,,,,,,,,699.2779965400696,False
1737650990.4699879,2025-01-23 17:49:50,OTHER,PAUSE,,,,,,,,,,,,,,,,,,,,,,,,,,,,,,,,,,,,,,,699.4560067653656,False
1737650990.6179962,2025-01-23 17:49:50,OTHER,PAUSE,,,,,,,,,,,,,,,,,,,,,,,,,,,,,,,,,,,,,,,699.6040151119232,False
1737650990.7960064,2025-01-23 17:49:50,OTHER,PAUSE,,,,,,,,,,,,,,,,,,,,,,,,,,,,,,,,,,,,,,,699.7820253372192,False
1737650990.9670162,2025-01-23 17:49:50,OTHER,PAUSE,,,,,,,,,,,,,,,,,,,,,,,,,,,,,,,,,,,,,,,699.9530351161957,False
1737650991.1290255,2025-01-23 17:49:51,OTHER,PAUSE,,,,,,,,,,,,,,,,,,,,,,,,,,,,,,,,,,,,,,,700.1150443553925,False
1737650991.3310373,2025-01-23 17:49:51,OTHER,PAUSE,,,,,,,,,,,,,,,,,,,,,,,,,,,,,,,,,,,,,,,700.3170561790466,False
1737650991.5650506,2025-01-23 17:49:51,OTHER,PAUSE,,,,,,,,,,,,,,,,,,,,,,,,,,,,,,,,,,,,,,,700.5510694980621,False
1737650991.783063,2025-01-23 17:49:51,OTHER,PAUSE,,,,,,,,,,,,,,,,,,,,,,,,,,,,,,,,,,,,,,,700.7690818309784,False
1737650991.9900749,2025-01-23 17:49:51,OTHER,PAUSE,,,,,,,,,,,,,,,,,,,,,,,,,,,,,,,,,,,,,,,700.9760937690735,False
1737650992.188086,2025-01-23 17:49:52,OTHER,PAUSE,,,,,,,,,,,,,,,,,,,,,,,,,,,,,,,,,,,,,,,701.1741049289703,False
1737650992.343095,2025-01-23 17:49:52,OTHER,PAUSE,,,,,,,,,,,,,,,,,,,,,,,,,,,,,,,,,,,,,,,701.3291139602661,False
1737650992.5101047,2025-01-23 17:49:52,OTHER,PAUSE,,,,,,,,,,,,,,,,,,,,,,,,,,,,,,,,,,,,,,,701.4961235523224,False
1737650992.6881146,2025-01-23 17:49:52,OTHER,PAUSE,,,,,,,,,,,,,,,,,,,,,,,,,,,,,,,,,,,,,,,701.6741335391998,False
1737650992.8361232,2025-01-23 17:49:52,OTHER,PAUSE,,,,,,,,,,,,,,,,,,,,,,,,,,,,,,,,,,,,,,,701.822142124176,False
1737650993.0271342,2025-01-23 17:49:53,OTHER,PAUSE,,,,,,,,,,,,,,,,,,,,,,,,,,,,,,,,,,,,,,,702.0131530761719,False
1737650993.202144,2025-01-23 17:49:53,OTHER,PAUSE,,,,,,,,,,,,,,,,,,,,,,,,,,,,,,,,,,,,,,,702.1881628036499,False
1737650993.3511527,2025-01-23 17:49:53,OTHER,PAUSE,,,,,,,,,,,,,,,,,,,,,,,,,,,,,,,,,,,,,,,702.3371715545654,False
1737650993.5211625,2025-01-23 17:49:53,OTHER,PAUSE,,,,,,,,,,,,,,,,,,,,,,,,,,,,,,,,,,,,,,,702.5071814060211,False
1737650993.6801715,2025-01-23 17:49:53,OTHER,PAUSE,,,,,,,,,,,,,,,,,,,,,,,,,,,,,,,,,,,,,,,702.6661903858185,False
1737650993.848181,2025-01-23 17:49:53,OTHER,PAUSE,,,,,,,,,,,,,,,,,,,,,,,,,,,,,,,,,,,,,,,702.8341999053955,False
1737650994.0081902,2025-01-23 17:49:54,OTHER,PAUSE,,,,,,,,,,,,,,,,,,,,,,,,,,,,,,,,,,,,,,,702.9942090511322,False
1737650994.1862004,2025-01-23 17:49:54,OTHER,PAUSE,,,,,,,,,,,,,,,,,,,,,,,,,,,,,,,,,,,,,,,703.1722192764282,False
1737650994.3612103,2025-01-23 17:49:54,OTHER,PAUSE,,,,,,,,,,,,,,,,,,,,,,,,,,,,,,,,,,,,,,,703.3472292423248,False
1737650994.509219,2025-01-23 17:49:54,OTHER,PAUSE,,,,,,,,,,,,,,,,,,,,,,,,,,,,,,,,,,,,,,,703.495237827301,False
1737650994.7042298,2025-01-23 17:49:54,OTHER,PAUSE,,,,,,,,,,,,,,,,,,,,,,,,,,,,,,,,,,,,,,,703.6902487277985,False
1737650994.861239,2025-01-23 17:49:54,OTHER,PAUSE,,,,,,,,,,,,,,,,,,,,,,,,,,,,,,,,,,,,,,,703.8472578525543,False
1737650995.0302486,2025-01-23 17:49:55,OTHER,PAUSE,,,,,,,,,,,,,,,,,,,,,,,,,,,,,,,,,,,,,,,704.0162675380707,False
1737650995.2302601,2025-01-23 17:49:55,OTHER,PAUSE,,,,,,,,,,,,,,,,,,,,,,,,,,,,,,,,,,,,,,,704.2162790298462,False
1737650995.4072704,2025-01-23 17:49:55,OTHER,PAUSE,,,,,,,,,,,,,,,,,,,,,,,,,,,,,,,,,,,,,,,704.3932893276215,False
1737650995.5572786,2025-01-23 17:49:55,OTHER,PAUSE,,,,,,,,,,,,,,,,,,,,,,,,,,,,,,,,,,,,,,,704.5432975292206,False
1737650995.7232883,2025-01-23 17:49:55,OTHER,PAUSE,,,,,,,,,,,,,,,,,,,,,,,,,,,,,,,,,,,,,,,704.7093071937561,False
1737650995.875297,2025-01-23 17:49:55,OTHER,PAUSE,,,,,,,,,,,,,,,,,,,,,,,,,,,,,,,,,,,,,,,704.8613159656525,False
1737650996.0353062,2025-01-23 17:49:56,OTHER,PAUSE,,,,,,,,,,,,,,,,,,,,,,,,,,,,,,,,,,,,,,,705.0213251113892,False
1737650996.1843147,2025-01-23 17:49:56,OTHER,PAUSE,,,,,,,,,,,,,,,,,,,,,,,,,,,,,,,,,,,,,,,705.1703336238861,False
1737650996.3733256,2025-01-23 17:49:56,OTHER,PAUSE,,,,,,,,,,,,,,,,,,,,,,,,,,,,,,,,,,,,,,,705.3593444824219,False
1737650996.5453353,2025-01-23 17:49:56,OTHER,PAUSE,,,,,,,,,,,,,,,,,,,,,,,,,,,,,,,,,,,,,,,705.5313541889191,False
1737650996.7083445,2025-01-23 17:49:56,OTHER,PAUSE,,,,,,,,,,,,,,,,,,,,,,,,,,,,,,,,,,,,,,,705.6943633556366,False
1737650996.8763542,2025-01-23 17:49:56,OTHER,PAUSE,,,,,,,,,,,,,,,,,,,,,,,,,,,,,,,,,,,,,,,705.8623731136322,False
1737650997.0393636,2025-01-23 17:49:57,OTHER,PAUSE,,,,,,,,,,,,,,,,,,,,,,,,,,,,,,,,,,,,,,,706.0253825187683,False
1737650997.2013729,2025-01-23 17:49:57,OTHER,PAUSE,,,,,,,,,,,,,,,,,,,,,,,,,,,,,,,,,,,,,,,706.1873917579651,False
1737650997.3543816,2025-01-23 17:49:57,OTHER,PAUSE,,,,,,,,,,,,,,,,,,,,,,,,,,,,,,,,,,,,,,,706.3404004573822,False
1737650997.5423923,2025-01-23 17:49:57,OTHER,PAUSE,,,,,,,,,,,,,,,,,,,,,,,,,,,,,,,,,,,,,,,706.5284111499786,False
1737650997.711402,2025-01-23 17:49:57,OTHER,PAUSE,,,,,,,,,,,,,,,,,,,,,,,,,,,,,,,,,,,,,,,706.697420835495,False
1737650997.8634107,2025-01-23 17:49:57,OTHER,PAUSE,,,,,,,,,,,,,,,,,,,,,,,,,,,,,,,,,,,,,,,706.8494296073914,False
1737650998.0544217,2025-01-23 17:49:58,OTHER,PAUSE,,,,,,,,,,,,,,,,,,,,,,,,,,,,,,,,,,,,,,,707.0404405593872,False
1737650998.237432,2025-01-23 17:49:58,OTHER,PAUSE,,,,,,,,,,,,,,,,,,,,,,,,,,,,,,,,,,,,,,,707.2234508991241,False
1737650998.4044416,2025-01-23 17:49:58,OTHER,PAUSE,,,,,,,,,,,,,,,,,,,,,,,,,,,,,,,,,,,,,,,707.3904604911804,False
1737650998.5744514,2025-01-23 17:49:58,OTHER,PAUSE,,,,,,,,,,,,,,,,,,,,,,,,,,,,,,,,,,,,,,,707.5604703426361,False
1737650998.7474613,2025-01-23 17:49:58,OTHER,PAUSE,,,,,,,,,,,,,,,,,,,,,,,,,,,,,,,,,,,,,,,707.7334802150726,False
1737650998.9124708,2025-01-23 17:49:58,OTHER,PAUSE,,,,,,,,,,,,,,,,,,,,,,,,,,,,,,,,,,,,,,,707.8984897136688,False
1737650999.0784802,2025-01-23 17:49:59,OTHER,PAUSE,,,,,,,,,,,,,,,,,,,,,,,,,,,,,,,,,,,,,,,708.0644991397858,False
1737650999.231489,2025-01-23 17:49:59,OTHER,PAUSE,,,,,,,,,,,,,,,,,,,,,,,,,,,,,,,,,,,,,,,708.2175078392029,False
1737650999.387498,2025-01-23 17:49:59,OTHER,PAUSE,,,,,,,,,,,,,,,,,,,,,,,,,,,,,,,,,,,,,,,708.3735167980194,False
1737650999.5345063,2025-01-23 17:49:59,OTHER,PAUSE,,,,,,,,,,,,,,,,,,,,,,,,,,,,,,,,,,,,,,,708.5205252170563,False
1737650999.7265172,2025-01-23 17:49:59,OTHER,PAUSE,,,,,,,,,,,,,,,,,,,,,,,,,,,,,,,,,,,,,,,708.7125360965729,False
1737650999.8915267,2025-01-23 17:49:59,OTHER,PAUSE,,,,,,,,,,,,,,,,,,,,,,,,,,,,,,,,,,,,,,,708.8775455951691,False
1737651000.069537,2025-01-23 17:50:00,OTHER,PAUSE,,,,,,,,,,,,,,,,,,,,,,,,,,,,,,,,,,,,,,,709.0555558204651,False
1737651000.2495472,2025-01-23 17:50:00,OTHER,PAUSE,,,,,,,,,,,,,,,,,,,,,,,,,,,,,,,,,,,,,,,709.2355661392212,False
1737651000.4135566,2025-01-23 17:50:00,OTHER,PAUSE,,,,,,,,,,,,,,,,,,,,,,,,,,,,,,,,,,,,,,,709.399575471878,False
1737651000.5685656,2025-01-23 17:50:00,OTHER,PAUSE,,,,,,,,,,,,,,,,,,,,,,,,,,,,,,,,,,,,,,,709.5545845031738,False
1737651000.7255745,2025-01-23 17:50:00,OTHER,PAUSE,,,,,,,,,,,,,,,,,,,,,,,,,,,,,,,,,,,,,,,709.7115933895111,False
1737651000.8975844,2025-01-23 17:50:00,OTHER,PAUSE,,,,,,,,,,,,,,,,,,,,,,,,,,,,,,,,,,,,,,,709.8836033344269,False
1737651001.0745943,2025-01-23 17:50:01,OTHER,PAUSE,,,,,,,,,,,,,,,,,,,,,,,,,,,,,,,,,,,,,,,710.060613155365,False
1737651001.2306032,2025-01-23 17:50:01,OTHER,PAUSE,,,,,,,,,,,,,,,,,,,,,,,,,,,,,,,,,,,,,,,710.2166221141815,False
1737651001.4126136,2025-01-23 17:50:01,OTHER,PAUSE,,,,,,,,,,,,,,,,,,,,,,,,,,,,,,,,,,,,,,,710.3986325263977,False
1737651001.5976243,2025-01-23 17:50:01,OTHER,PAUSE,,,,,,,,,,,,,,,,,,,,,,,,,,,,,,,,,,,,,,,710.5836431980133,False
1737651001.7586334,2025-01-23 17:50:01,OTHER,PAUSE,,,,,,,,,,,,,,,,,,,,,,,,,,,,,,,,,,,,,,,710.7446522712708,False
1737651001.943644,2025-01-23 17:50:01,OTHER,PAUSE,,,,,,,,,,,,,,,,,,,,,,,,,,,,,,,,,,,,,,,710.9296629428864,False
1737651002.1006532,2025-01-23 17:50:02,OTHER,PAUSE,,,,,,,,,,,,,,,,,,,,,,,,,,,,,,,,,,,,,,,711.0866720676422,False
1737651002.2796633,2025-01-23 17:50:02,OTHER,PAUSE,,,,,,,,,,,,,,,,,,,,,,,,,,,,,,,,,,,,,,,711.265682220459,False
1737651002.4406724,2025-01-23 17:50:02,OTHER,PAUSE,,,,,,,,,,,,,,,,,,,,,,,,,,,,,,,,,,,,,,,711.4266912937164,False
1737651002.5976815,2025-01-23 17:50:02,OTHER,PAUSE,,,,,,,,,,,,,,,,,,,,,,,,,,,,,,,,,,,,,,,711.5837004184723,False
1737651002.7586908,2025-01-23 17:50:02,OTHER,PAUSE,,,,,,,,,,,,,,,,,,,,,,,,,,,,,,,,,,,,,,,711.7447097301483,False
1737651002.9086993,2025-01-23 17:50:02,OTHER,PAUSE,,,,,,,,,,,,,,,,,,,,,,,,,,,,,,,,,,,,,,,711.894718170166,False
1737651003.0917096,2025-01-23 17:50:03,OTHER,PAUSE,,,,,,,,,,,,,,,,,,,,,,,,,,,,,,,,,,,,,,,712.077728509903,False
1737651003.2627194,2025-01-23 17:50:03,OTHER,PAUSE,,,,,,,,,,,,,,,,,,,,,,,,,,,,,,,,,,,,,,,712.2487382888794,False
1737651003.4227288,2025-01-23 17:50:03,OTHER,PAUSE,,,,,,,,,,,,,,,,,,,,,,,,,,,,,,,,,,,,,,,712.4087476730347,False
1737651003.601739,2025-01-23 17:50:03,OTHER,PAUSE,,,,,,,,,,,,,,,,,,,,,,,,,,,,,,,,,,,,,,,712.5877578258514,False
1737651003.7727487,2025-01-23 17:50:03,OTHER,PAUSE,,,,,,,,,,,,,,,,,,,,,,,,,,,,,,,,,,,,,,,712.7587676048279,False
1737651003.9377582,2025-01-23 17:50:03,OTHER,PAUSE,,,,,,,,,,,,,,,,,,,,,,,,,,,,,,,,,,,,,,,712.9237771034241,False
1737651004.1007674,2025-01-23 17:50:04,OTHER,PAUSE,,,,,,,,,,,,,,,,,,,,,,,,,,,,,,,,,,,,,,,713.0867862701416,False
1737651004.2857783,2025-01-23 17:50:04,OTHER,PAUSE,,,,,,,,,,,,,,,,,,,,,,,,,,,,,,,,,,,,,,,713.2717971801758,False
1737651004.4557877,2025-01-23 17:50:04,OTHER,PAUSE,,,,,,,,,,,,,,,,,,,,,,,,,,,,,,,,,,,,,,,713.4418065547943,False
1737651004.612797,2025-01-23 17:50:04,OTHER,PAUSE,,,,,,,,,,,,,,,,,,,,,,,,,,,,,,,,,,,,,,,713.5988159179688,False
1737651004.7988074,2025-01-23 17:50:04,OTHER,PAUSE,,,,,,,,,,,,,,,,,,,,,,,,,,,,,,,,,,,,,,,713.7848262786865,False
1737651004.963817,2025-01-23 17:50:04,OTHER,PAUSE,,,,,,,,,,,,,,,,,,,,,,,,,,,,,,,,,,,,,,,713.9498357772827,False
1737651005.1158254,2025-01-23 17:50:05,OTHER,PAUSE,,,,,,,,,,,,,,,,,,,,,,,,,,,,,,,,,,,,,,,714.1018443107605,False
1737651005.300836,2025-01-23 17:50:05,OTHER,PAUSE,,,,,,,,,,,,,,,,,,,,,,,,,,,,,,,,,,,,,,,714.2868549823761,False
1737651005.4888468,2025-01-23 17:50:05,OTHER,PAUSE,,,,,,,,,,,,,,,,,,,,,,,,,,,,,,,,,,,,,,,714.4748656749725,False
1737651005.6538563,2025-01-23 17:50:05,OTHER,PAUSE,,,,,,,,,,,,,,,,,,,,,,,,,,,,,,,,,,,,,,,714.6398751735687,False
1737651005.8168654,2025-01-23 17:50:05,OTHER,PAUSE,,,,,,,,,,,,,,,,,,,,,,,,,,,,,,,,,,,,,,,714.8028843402863,False
1737651005.977875,2025-01-23 17:50:05,OTHER,PAUSE,,,,,,,,,,,,,,,,,,,,,,,,,,,,,,,,,,,,,,,714.9638938903809,False
1737651006.1248832,2025-01-23 17:50:06,OTHER,PAUSE,,,,,,,,,,,,,,,,,,,,,,,,,,,,,,,,,,,,,,,715.1109020709991,False
1737651006.2838924,2025-01-23 17:50:06,OTHER,PAUSE,,,,,,,,,,,,,,,,,,,,,,,,,,,,,,,,,,,,,,,715.2699112892151,False
1737651006.4759033,2025-01-23 17:50:06,OTHER,PAUSE,,,,,,,,,,,,,,,,,,,,,,,,,,,,,,,,,,,,,,,715.4619221687317,False
1737651006.646913,2025-01-23 17:50:06,OTHER,PAUSE,,,,,,,,,,,,,,,,,,,,,,,,,,,,,,,,,,,,,,,715.6329319477081,False
1737651006.7989218,2025-01-23 17:50:06,OTHER,PAUSE,,,,,,,,,,,,,,,,,,,,,,,,,,,,,,,,,,,,,,,715.7849407196045,False
1737651006.958931,2025-01-23 17:50:06,OTHER,PAUSE,,,,,,,,,,,,,,,,,,,,,,,,,,,,,,,,,,,,,,,715.9449498653412,False
1737651007.1589425,2025-01-23 17:50:07,OTHER,PAUSE,,,,,,,,,,,,,,,,,,,,,,,,,,,,,,,,,,,,,,,716.1449613571167,False
1737651007.364954,2025-01-23 17:50:07,OTHER,PAUSE,,,,,,,,,,,,,,,,,,,,,,,,,,,,,,,,,,,,,,,716.3509728908539,False
1737651007.5969675,2025-01-23 17:50:07,OTHER,PAUSE,,,,,,,,,,,,,,,,,,,,,,,,,,,,,,,,,,,,,,,716.5829863548279,False
1737651007.7979789,2025-01-23 17:50:07,OTHER,PAUSE,,,,,,,,,,,,,,,,,,,,,,,,,,,,,,,,,,,,,,,716.7839977741241,False
1737651008.0149913,2025-01-23 17:50:08,OTHER,PAUSE,,,,,,,,,,,,,,,,,,,,,,,,,,,,,,,,,,,,,,,717.0010101795197,False
1737651008.2250035,2025-01-23 17:50:08,OTHER,PAUSE,,,,,,,,,,,,,,,,,,,,,,,,,,,,,,,,,,,,,,,717.2110223770142,False
1737651008.379012,2025-01-23 17:50:08,OTHER,PAUSE,,,,,,,,,,,,,,,,,,,,,,,,,,,,,,,,,,,,,,,717.365031003952,False
1737651008.5450218,2025-01-23 17:50:08,OTHER,PAUSE,,,,,,,,,,,,,,,,,,,,,,,,,,,,,,,,,,,,,,,717.5310406684875,False
1737651008.727032,2025-01-23 17:50:08,OTHER,PAUSE,,,,,,,,,,,,,,,,,,,,,,,,,,,,,,,,,,,,,,,717.7130508422852,False
1737651008.8950417,2025-01-23 17:50:08,OTHER,PAUSE,,,,,,,,,,,,,,,,,,,,,,,,,,,,,,,,,,,,,,,717.8810606002808,False
1737651009.0640514,2025-01-23 17:50:09,OTHER,PAUSE,,,,,,,,,,,,,,,,,,,,,,,,,,,,,,,,,,,,,,,718.0500702857971,False
1737651009.2160602,2025-01-23 17:50:09,OTHER,PAUSE,,,,,,,,,,,,,,,,,,,,,,,,,,,,,,,,,,,,,,,718.2020790576935,False
1737651009.4200716,2025-01-23 17:50:09,OTHER,PAUSE,,,,,,,,,,,,,,,,,,,,,,,,,,,,,,,,,,,,,,,718.4060904979706,False
1737651009.613083,2025-01-23 17:50:09,OTHER,PAUSE,,,,,,,,,,,,,,,,,,,,,,,,,,,,,,,,,,,,,,,718.5991017818451,False
1737651009.7640915,2025-01-23 17:50:09,OTHER,PAUSE,,,,,,,,,,,,,,,,,,,,,,,,,,,,,,,,,,,,,,,718.7501103878021,False
1737651009.9491022,2025-01-23 17:50:09,OTHER,PAUSE,,,,,,,,,,,,,,,,,,,,,,,,,,,,,,,,,,,,,,,718.9351210594177,False
1737651010.126112,2025-01-23 17:50:10,OTHER,PAUSE,,,,,,,,,,,,,,,,,,,,,,,,,,,,,,,,,,,,,,,719.1121308803558,False
1737651010.279121,2025-01-23 17:50:10,OTHER,PAUSE,,,,,,,,,,,,,,,,,,,,,,,,,,,,,,,,,,,,,,,719.2651398181915,False
1737651010.4581313,2025-01-23 17:50:10,OTHER,PAUSE,,,,,,,,,,,,,,,,,,,,,,,,,,,,,,,,,,,,,,,719.4441502094269,False
1737651010.632141,2025-01-23 17:50:10,OTHER,PAUSE,,,,,,,,,,,,,,,,,,,,,,,,,,,,,,,,,,,,,,,719.6181600093842,False
1737651010.7931502,2025-01-23 17:50:10,OTHER,PAUSE,,,,,,,,,,,,,,,,,,,,,,,,,,,,,,,,,,,,,,,719.7791690826416,False
1737651010.945159,2025-01-23 17:50:10,OTHER,PAUSE,,,,,,,,,,,,,,,,,,,,,,,,,,,,,,,,,,,,,,,719.931177854538,False
1737651011.1081681,2025-01-23 17:50:11,OTHER,PAUSE,,,,,,,,,,,,,,,,,,,,,,,,,,,,,,,,,,,,,,,720.0941870212555,False
1737651011.2651772,2025-01-23 17:50:11,OTHER,PAUSE,,,,,,,,,,,,,,,,,,,,,,,,,,,,,,,,,,,,,,,720.2511961460114,False
1737651011.4161859,2025-01-23 17:50:11,OTHER,PAUSE,,,,,,,,,,,,,,,,,,,,,,,,,,,,,,,,,,,,,,,720.4022047519684,False
1737651011.6061966,2025-01-23 17:50:11,OTHER,PAUSE,,,,,,,,,,,,,,,,,,,,,,,,,,,,,,,,,,,,,,,720.5922155380249,False
1737651011.7822068,2025-01-23 17:50:11,OTHER,PAUSE,,,,,,,,,,,,,,,,,,,,,,,,,,,,,,,,,,,,,,,720.7682256698608,False
1737651011.9352157,2025-01-23 17:50:11,OTHER,PAUSE,,,,,,,,,,,,,,,,,,,,,,,,,,,,,,,,,,,,,,,720.9212346076965,False
1737651012.0902243,2025-01-23 17:50:12,OTHER,PAUSE,,,,,,,,,,,,,,,,,,,,,,,,,,,,,,,,,,,,,,,721.0762431621552,False
1737651012.2872355,2025-01-23 17:50:12,OTHER,PAUSE,,,,,,,,,,,,,,,,,,,,,,,,,,,,,,,,,,,,,,,721.2732543945312,False
1737651012.465246,2025-01-23 17:50:12,OTHER,PAUSE,,,,,,,,,,,,,,,,,,,,,,,,,,,,,,,,,,,,,,,721.4512648582458,False
1737651012.6512566,2025-01-23 17:50:12,OTHER,PAUSE,,,,,,,,,,,,,,,,,,,,,,,,,,,,,,,,,,,,,,,721.6372754573822,False
1737651012.8262665,2025-01-23 17:50:12,OTHER,PAUSE,,,,,,,,,,,,,,,,,,,,,,,,,,,,,,,,,,,,,,,721.8122854232788,False
1737651012.9782753,2025-01-23 17:50:12,OTHER,PAUSE,,,,,,,,,,,,,,,,,,,,,,,,,,,,,,,,,,,,,,,721.9642941951752,False
1737651013.1322842,2025-01-23 17:50:13,OTHER,PAUSE,,,,,,,,,,,,,,,,,,,,,,,,,,,,,,,,,,,,,,,722.1183030605316,False
1737651013.3192947,2025-01-23 17:50:13,OTHER,PAUSE,,,,,,,,,,,,,,,,,,,,,,,,,,,,,,,,,,,,,,,722.3053135871887,False
1737651013.5063055,2025-01-23 17:50:13,OTHER,PAUSE,,,,,,,,,,,,,,,,,,,,,,,,,,,,,,,,,,,,,,,722.4923243522644,False
1737651013.6593142,2025-01-23 17:50:13,OTHER,PAUSE,,,,,,,,,,,,,,,,,,,,,,,,,,,,,,,,,,,,,,,722.6453330516815,False
1737651013.8533254,2025-01-23 17:50:13,OTHER,PAUSE,,,,,,,,,,,,,,,,,,,,,,,,,,,,,,,,,,,,,,,722.8393442630768,False
1737651014.0273354,2025-01-23 17:50:14,OTHER,PAUSE,,,,,,,,,,,,,,,,,,,,,,,,,,,,,,,,,,,,,,,723.0133543014526,False
1737651014.2073457,2025-01-23 17:50:14,OTHER,PAUSE,,,,,,,,,,,,,,,,,,,,,,,,,,,,,,,,,,,,,,,723.1933646202087,False
1737651014.3893561,2025-01-23 17:50:14,OTHER,PAUSE,,,,,,,,,,,,,,,,,,,,,,,,,,,,,,,,,,,,,,,723.3753750324249,False
1737651014.5693662,2025-01-23 17:50:14,OTHER,PAUSE,,,,,,,,,,,,,,,,,,,,,,,,,,,,,,,,,,,,,,,723.5553851127625,False
1737651014.7533767,2025-01-23 17:50:14,OTHER,PAUSE,,,,,,,,,,,,,,,,,,,,,,,,,,,,,,,,,,,,,,,723.7393956184387,False
1737651014.9113858,2025-01-23 17:50:14,OTHER,PAUSE,,,,,,,,,,,,,,,,,,,,,,,,,,,,,,,,,,,,,,,723.8974046707153,False
1737651015.0813954,2025-01-23 17:50:15,OTHER,PAUSE,,,,,,,,,,,,,,,,,,,,,,,,,,,,,,,,,,,,,,,724.0674142837524,False
1737651015.2464051,2025-01-23 17:50:15,OTHER,PAUSE,,,,,,,,,,,,,,,,,,,,,,,,,,,,,,,,,,,,,,,724.2324240207672,False
1737651015.3974137,2025-01-23 17:50:15,OTHER,PAUSE,,,,,,,,,,,,,,,,,,,,,,,,,,,,,,,,,,,,,,,724.3834326267242,False
1737651015.563423,2025-01-23 17:50:15,OTHER,PAUSE,,,,,,,,,,,,,,,,,,,,,,,,,,,,,,,,,,,,,,,724.5494418144226,False
1737651015.7394333,2025-01-23 17:50:15,OTHER,PAUSE,,,,,,,,,,,,,,,,,,,,,,,,,,,,,,,,,,,,,,,724.7254521846771,False
1737651015.894442,2025-01-23 17:50:15,OTHER,PAUSE,,,,,,,,,,,,,,,,,,,,,,,,,,,,,,,,,,,,,,,724.8804609775543,False
1737651016.0624516,2025-01-23 17:50:16,OTHER,PAUSE,,,,,,,,,,,,,,,,,,,,,,,,,,,,,,,,,,,,,,,725.0484704971313,False
1737651016.245462,2025-01-23 17:50:16,OTHER,PAUSE,,,,,,,,,,,,,,,,,,,,,,,,,,,,,,,,,,,,,,,725.2314808368683,False
1737651016.4144716,2025-01-23 17:50:16,OTHER,PAUSE,,,,,,,,,,,,,,,,,,,,,,,,,,,,,,,,,,,,,,,725.4004905223846,False
1737651016.5874815,2025-01-23 17:50:16,OTHER,PAUSE,,,,,,,,,,,,,,,,,,,,,,,,,,,,,,,,,,,,,,,725.5735003948212,False
1737651016.7454908,2025-01-23 17:50:16,OTHER,PAUSE,,,,,,,,,,,,,,,,,,,,,,,,,,,,,,,,,,,,,,,725.7315096855164,False
1737651016.9155006,2025-01-23 17:50:16,OTHER,PAUSE,,,,,,,,,,,,,,,,,,,,,,,,,,,,,,,,,,,,,,,725.901519536972,False
1737651017.067509,2025-01-23 17:50:17,OTHER,PAUSE,,,,,,,,,,,,,,,,,,,,,,,,,,,,,,,,,,,,,,,726.0535278320312,False
1737651017.2515197,2025-01-23 17:50:17,OTHER,PAUSE,,,,,,,,,,,,,,,,,,,,,,,,,,,,,,,,,,,,,,,726.2375385761261,False
1737651017.4215293,2025-01-23 17:50:17,OTHER,PAUSE,,,,,,,,,,,,,,,,,,,,,,,,,,,,,,,,,,,,,,,726.4075481891632,False
1737651017.5855389,2025-01-23 17:50:17,OTHER,PAUSE,,,,,,,,,,,,,,,,,,,,,,,,,,,,,,,,,,,,,,,726.5715577602386,False
1737651017.7775497,2025-01-23 17:50:17,OTHER,PAUSE,,,,,,,,,,,,,,,,,,,,,,,,,,,,,,,,,,,,,,,726.7635686397552,False
1737651017.96056,2025-01-23 17:50:17,OTHER,PAUSE,,,,,,,,,,,,,,,,,,,,,,,,,,,,,,,,,,,,,,,726.9465789794922,False
1737651018.1425705,2025-01-23 17:50:18,OTHER,PAUSE,,,,,,,,,,,,,,,,,,,,,,,,,,,,,,,,,,,,,,,727.1285893917084,False
1737651018.3125803,2025-01-23 17:50:18,OTHER,PAUSE,,,,,,,,,,,,,,,,,,,,,,,,,,,,,,,,,,,,,,,727.2985992431641,False
1737651018.4755895,2025-01-23 17:50:18,OTHER,PAUSE,,,,,,,,,,,,,,,,,,,,,,,,,,,,,,,,,,,,,,,727.4616084098816,False
1737651018.635599,2025-01-23 17:50:18,OTHER,PAUSE,,,,,,,,,,,,,,,,,,,,,,,,,,,,,,,,,,,,,,,727.6216177940369,False
1737651018.8036084,2025-01-23 17:50:18,OTHER,PAUSE,,,,,,,,,,,,,,,,,,,,,,,,,,,,,,,,,,,,,,,727.7896273136139,False
1737651018.9626176,2025-01-23 17:50:18,OTHER,PAUSE,,,,,,,,,,,,,,,,,,,,,,,,,,,,,,,,,,,,,,,727.9486365318298,False
1737651019.1346273,2025-01-23 17:50:19,OTHER,PAUSE,,,,,,,,,,,,,,,,,,,,,,,,,,,,,,,,,,,,,,,728.120646238327,False
1737651019.2886362,2025-01-23 17:50:19,OTHER,PAUSE,,,,,,,,,,,,,,,,,,,,,,,,,,,,,,,,,,,,,,,728.2746551036835,False
1737651019.4916477,2025-01-23 17:50:19,OTHER,PAUSE,,,,,,,,,,,,,,,,,,,,,,,,,,,,,,,,,,,,,,,728.4776666164398,False
1737651019.667658,2025-01-23 17:50:19,OTHER,PAUSE,,,,,,,,,,,,,,,,,,,,,,,,,,,,,,,,,,,,,,,728.6536769866943,False
1737651019.8496683,2025-01-23 17:50:19,OTHER,PAUSE,,,,,,,,,,,,,,,,,,,,,,,,,,,,,,,,,,,,,,,728.835687160492,False
1737651020.0346787,2025-01-23 17:50:20,OTHER,PAUSE,,,,,,,,,,,,,,,,,,,,,,,,,,,,,,,,,,,,,,,729.020697593689,False
1737651020.2076888,2025-01-23 17:50:20,OTHER,PAUSE,,,,,,,,,,,,,,,,,,,,,,,,,,,,,,,,,,,,,,,729.1937077045441,False
1737651020.3626978,2025-01-23 17:50:20,OTHER,PAUSE,,,,,,,,,,,,,,,,,,,,,,,,,,,,,,,,,,,,,,,729.3487167358398,False
1737651020.5307071,2025-01-23 17:50:20,OTHER,PAUSE,,,,,,,,,,,,,,,,,,,,,,,,,,,,,,,,,,,,,,,729.5167260169983,False
1737651020.6997168,2025-01-23 17:50:20,OTHER,PAUSE,,,,,,,,,,,,,,,,,,,,,,,,,,,,,,,,,,,,,,,729.6857357025146,False
1737651020.8817272,2025-01-23 17:50:20,OTHER,PAUSE,,,,,,,,,,,,,,,,,,,,,,,,,,,,,,,,,,,,,,,729.8677461147308,False
1737651021.0407364,2025-01-23 17:50:21,OTHER,PAUSE,,,,,,,,,,,,,,,,,,,,,,,,,,,,,,,,,,,,,,,730.0267553329468,False
1737651021.2627492,2025-01-23 17:50:21,OTHER,PAUSE,,,,,,,,,,,,,,,,,,,,,,,,,,,,,,,,,,,,,,,730.2487680912018,False
1737651021.416758,2025-01-23 17:50:21,OTHER,PAUSE,,,,,,,,,,,,,,,,,,,,,,,,,,,,,,,,,,,,,,,730.4027769565582,False
1737651021.576767,2025-01-23 17:50:21,OTHER,PAUSE,,,,,,,,,,,,,,,,,,,,,,,,,,,,,,,,,,,,,,,730.5627858638763,False
1737651021.7537773,2025-01-23 17:50:21,OTHER,PAUSE,,,,,,,,,,,,,,,,,,,,,,,,,,,,,,,,,,,,,,,730.7397961616516,False
1737651021.9317875,2025-01-23 17:50:21,OTHER,PAUSE,,,,,,,,,,,,,,,,,,,,,,,,,,,,,,,,,,,,,,,730.9178063869476,False
1737651022.0847962,2025-01-23 17:50:22,OTHER,PAUSE,,,,,,,,,,,,,,,,,,,,,,,,,,,,,,,,,,,,,,,731.0708150863647,False
1737651022.277807,2025-01-23 17:50:22,OTHER,PAUSE,,,,,,,,,,,,,,,,,,,,,,,,,,,,,,,,,,,,,,,731.2638258934021,False
1737651022.450817,2025-01-23 17:50:22,OTHER,PAUSE,,,,,,,,,,,,,,,,,,,,,,,,,,,,,,,,,,,,,,,731.4368360042572,False
1737651022.6008255,2025-01-23 17:50:22,OTHER,PAUSE,,,,,,,,,,,,,,,,,,,,,,,,,,,,,,,,,,,,,,,731.5868444442749,False
1737651022.7738354,2025-01-23 17:50:22,OTHER,PAUSE,,,,,,,,,,,,,,,,,,,,,,,,,,,,,,,,,,,,,,,731.7598543167114,False
1737651022.956846,2025-01-23 17:50:22,OTHER,PAUSE,,,,,,,,,,,,,,,,,,,,,,,,,,,,,,,,,,,,,,,731.942864894867,False
1737651023.131856,2025-01-23 17:50:23,OTHER,PAUSE,,,,,,,,,,,,,,,,,,,,,,,,,,,,,,,,,,,,,,,732.1178748607635,False
1737651023.326867,2025-01-23 17:50:23,OTHER,PAUSE,,,,,,,,,,,,,,,,,,,,,,,,,,,,,,,,,,,,,,,732.3128859996796,False
1737651023.5408792,2025-01-23 17:50:23,OTHER,PAUSE,,,,,,,,,,,,,,,,,,,,,,,,,,,,,,,,,,,,,,,732.5268981456757,False
1737651023.764892,2025-01-23 17:50:23,OTHER,PAUSE,,,,,,,,,,,,,,,,,,,,,,,,,,,,,,,,,,,,,,,732.7509109973907,False
1737651024.0149066,2025-01-23 17:50:24,OTHER,PAUSE,,,,,,,,,,,,,,,,,,,,,,,,,,,,,,,,,,,,,,,733.0009255409241,False
1737651024.2079175,2025-01-23 17:50:24,OTHER,PAUSE,,,,,,,,,,,,,,,,,,,,,,,,,,,,,,,,,,,,,,,733.1939363479614,False
1737651024.3679268,2025-01-23 17:50:24,OTHER,PAUSE,,,,,,,,,,,,,,,,,,,,,,,,,,,,,,,,,,,,,,,733.3539457321167,False
1737651024.5489373,2025-01-23 17:50:24,OTHER,PAUSE,,,,,,,,,,,,,,,,,,,,,,,,,,,,,,,,,,,,,,,733.5349562168121,False
1737651024.7119465,2025-01-23 17:50:24,OTHER,PAUSE,,,,,,,,,,,,,,,,,,,,,,,,,,,,,,,,,,,,,,,733.6979653835297,False
1737651024.8659554,2025-01-23 17:50:24,OTHER,PAUSE,,,,,,,,,,,,,,,,,,,,,,,,,,,,,,,,,,,,,,,733.8519742488861,False
1737651025.0249643,2025-01-23 17:50:25,OTHER,PAUSE,,,,,,,,,,,,,,,,,,,,,,,,,,,,,,,,,,,,,,,734.0109832286835,False
1737651025.2089748,2025-01-23 17:50:25,OTHER,PAUSE,,,,,,,,,,,,,,,,,,,,,,,,,,,,,,,,,,,,,,,734.1949937343597,False
1737651025.386985,2025-01-23 17:50:25,OTHER,PAUSE,,,,,,,,,,,,,,,,,,,,,,,,,,,,,,,,,,,,,,,734.3730039596558,False
1737651025.5469942,2025-01-23 17:50:25,OTHER,PAUSE,,,,,,,,,,,,,,,,,,,,,,,,,,,,,,,,,,,,,,,734.5330131053925,False
1737651025.7500057,2025-01-23 17:50:25,OTHER,PAUSE,,,,,,,,,,,,,,,,,,,,,,,,,,,,,,,,,,,,,,,734.7360246181488,False
1737651025.9210155,2025-01-23 17:50:25,OTHER,PAUSE,,,,,,,,,,,,,,,,,,,,,,,,,,,,,,,,,,,,,,,734.9070343971252,False
1737651026.0780244,2025-01-23 17:50:26,OTHER,PAUSE,,,,,,,,,,,,,,,,,,,,,,,,,,,,,,,,,,,,,,,735.0640432834625,False
1737651026.2760358,2025-01-23 17:50:26,OTHER,PAUSE,,,,,,,,,,,,,,,,,,,,,,,,,,,,,,,,,,,,,,,735.262054681778,False
1737651026.4480457,2025-01-23 17:50:26,OTHER,PAUSE,,,,,,,,,,,,,,,,,,,,,,,,,,,,,,,,,,,,,,,735.4340646266937,False
1737651026.6040545,2025-01-23 17:50:26,OTHER,PAUSE,,,,,,,,,,,,,,,,,,,,,,,,,,,,,,,,,,,,,,,735.5900733470917,False
1737651026.7920654,2025-01-23 17:50:26,OTHER,PAUSE,,,,,,,,,,,,,,,,,,,,,,,,,,,,,,,,,,,,,,,735.7780842781067,False
1737651026.9540746,2025-01-23 17:50:26,OTHER,PAUSE,,,,,,,,,,,,,,,,,,,,,,,,,,,,,,,,,,,,,,,735.9400935173035,False
1737651027.1230843,2025-01-23 17:50:27,OTHER,PAUSE,,,,,,,,,,,,,,,,,,,,,,,,,,,,,,,,,,,,,,,736.1091032028198,False
1737651027.2790933,2025-01-23 17:50:27,OTHER,PAUSE,,,,,,,,,,,,,,,,,,,,,,,,,,,,,,,,,,,,,,,736.2651121616364,False
1737651027.4581037,2025-01-23 17:50:27,OTHER,PAUSE,,,,,,,,,,,,,,,,,,,,,,,,,,,,,,,,,,,,,,,736.4441225528717,False
1737651027.625113,2025-01-23 17:50:27,OTHER,PAUSE,,,,,,,,,,,,,,,,,,,,,,,,,,,,,,,,,,,,,,,736.6111319065094,False
1737651027.7801218,2025-01-23 17:50:27,OTHER,PAUSE,,,,,,,,,,,,,,,,,,,,,,,,,,,,,,,,,,,,,,,736.7661406993866,False
1737651027.9681325,2025-01-23 17:50:27,OTHER,PAUSE,,,,,,,,,,,,,,,,,,,,,,,,,,,,,,,,,,,,,,,736.954151391983,False
1737651028.1381423,2025-01-23 17:50:28,OTHER,PAUSE,,,,,,,,,,,,,,,,,,,,,,,,,,,,,,,,,,,,,,,737.1241612434387,False
1737651028.291151,2025-01-23 17:50:28,OTHER,PAUSE,,,,,,,,,,,,,,,,,,,,,,,,,,,,,,,,,,,,,,,737.2771699428558,False
1737651028.4781618,2025-01-23 17:50:28,OTHER,PAUSE,,,,,,,,,,,,,,,,,,,,,,,,,,,,,,,,,,,,,,,737.4641807079315,False
1737651028.657172,2025-01-23 17:50:28,OTHER,PAUSE,,,,,,,,,,,,,,,,,,,,,,,,,,,,,,,,,,,,,,,737.6431908607483,False
1737651028.833182,2025-01-23 17:50:28,OTHER,PAUSE,,,,,,,,,,,,,,,,,,,,,,,,,,,,,,,,,,,,,,,737.8192009925842,False
1737651028.9941914,2025-01-23 17:50:28,OTHER,PAUSE,,,,,,,,,,,,,,,,,,,,,,,,,,,,,,,,,,,,,,,737.9802103042603,False
1737651029.1572006,2025-01-23 17:50:29,OTHER,PAUSE,,,,,,,,,,,,,,,,,,,,,,,,,,,,,,,,,,,,,,,738.1432194709778,False
1737651029.3322108,2025-01-23 17:50:29,OTHER,PAUSE,,,,,,,,,,,,,,,,,,,,,,,,,,,,,,,,,,,,,,,738.318229675293,False
1737651029.5092208,2025-01-23 17:50:29,OTHER,PAUSE,,,,,,,,,,,,,,,,,,,,,,,,,,,,,,,,,,,,,,,738.4952397346497,False
1737651029.6612296,2025-01-23 17:50:29,OTHER,PAUSE,,,,,,,,,,,,,,,,,,,,,,,,,,,,,,,,,,,,,,,738.647248506546,False
1737651029.8222387,2025-01-23 17:50:29,OTHER,PAUSE,,,,,,,,,,,,,,,,,,,,,,,,,,,,,,,,,,,,,,,738.8082575798035,False
1737651029.9832478,2025-01-23 17:50:29,OTHER,PAUSE,,,,,,,,,,,,,,,,,,,,,,,,,,,,,,,,,,,,,,,738.9692666530609,False
1737651030.1622581,2025-01-23 17:50:30,OTHER,PAUSE,,,,,,,,,,,,,,,,,,,,,,,,,,,,,,,,,,,,,,,739.1482770442963,False
1737651030.3302677,2025-01-23 17:50:30,OTHER,PAUSE,,,,,,,,,,,,,,,,,,,,,,,,,,,,,,,,,,,,,,,739.3162865638733,False
1737651030.4942772,2025-01-23 17:50:30,OTHER,PAUSE,,,,,,,,,,,,,,,,,,,,,,,,,,,,,,,,,,,,,,,739.4802961349487,False
1737651030.6482859,2025-01-23 17:50:30,OTHER,PAUSE,,,,,,,,,,,,,,,,,,,,,,,,,,,,,,,,,,,,,,,739.6343047618866,False
1737651030.846297,2025-01-23 17:50:30,OTHER,PAUSE,,,,,,,,,,,,,,,,,,,,,,,,,,,,,,,,,,,,,,,739.8323159217834,False
1737651031.019307,2025-01-23 17:50:31,OTHER,PAUSE,,,,,,,,,,,,,,,,,,,,,,,,,,,,,,,,,,,,,,,740.00532579422,False
1737651031.1753163,2025-01-23 17:50:31,OTHER,PAUSE,,,,,,,,,,,,,,,,,,,,,,,,,,,,,,,,,,,,,,,740.1613352298737,False
1737651031.3583264,2025-01-23 17:50:31,OTHER,PAUSE,,,,,,,,,,,,,,,,,,,,,,,,,,,,,,,,,,,,,,,740.344345331192,False
1737651031.5453372,2025-01-23 17:50:31,OTHER,PAUSE,,,,,,,,,,,,,,,,,,,,,,,,,,,,,,,,,,,,,,,740.5313560962677,False
1737651031.7043464,2025-01-23 17:50:31,OTHER,PAUSE,,,,,,,,,,,,,,,,,,,,,,,,,,,,,,,,,,,,,,,740.6903653144836,False
1737651031.8993576,2025-01-23 17:50:31,OTHER,PAUSE,,,,,,,,,,,,,,,,,,,,,,,,,,,,,,,,,,,,,,,740.8853764533997,False
1737651032.0643668,2025-01-23 17:50:32,OTHER,PAUSE,,,,,,,,,,,,,,,,,,,,,,,,,,,,,,,,,,,,,,,741.0503857135773,False
1737651032.2203758,2025-01-23 17:50:32,OTHER,PAUSE,,,,,,,,,,,,,,,,,,,,,,,,,,,,,,,,,,,,,,,741.2063946723938,False
1737651032.4063864,2025-01-23 17:50:32,OTHER,PAUSE,,,,,,,,,,,,,,,,,,,,,,,,,,,,,,,,,,,,,,,741.3924052715302,False
1737651032.5773962,2025-01-23 17:50:32,OTHER,PAUSE,,,,,,,,,,,,,,,,,,,,,,,,,,,,,,,,,,,,,,,741.5634150505066,False
1737651032.7384055,2025-01-23 17:50:32,OTHER,PAUSE,,,,,,,,,,,,,,,,,,,,,,,,,,,,,,,,,,,,,,,741.7244243621826,False
1737651032.9014149,2025-01-23 17:50:32,OTHER,PAUSE,,,,,,,,,,,,,,,,,,,,,,,,,,,,,,,,,,,,,,,741.8874337673187,False
1737651033.0724247,2025-01-23 17:50:33,OTHER,PAUSE,,,,,,,,,,,,,,,,,,,,,,,,,,,,,,,,,,,,,,,742.0584435462952,False
1737651033.2504349,2025-01-23 17:50:33,OTHER,PAUSE,,,,,,,,,,,,,,,,,,,,,,,,,,,,,,,,,,,,,,,742.2364537715912,False
1737651033.4044437,2025-01-23 17:50:33,OTHER,PAUSE,,,,,,,,,,,,,,,,,,,,,,,,,,,,,,,,,,,,,,,742.3904626369476,False
1737651033.5844538,2025-01-23 17:50:33,OTHER,PAUSE,,,,,,,,,,,,,,,,,,,,,,,,,,,,,,,,,,,,,,,742.5704727172852,False
1737651033.7474632,2025-01-23 17:50:33,OTHER,PAUSE,,,,,,,,,,,,,,,,,,,,,,,,,,,,,,,,,,,,,,,742.7334821224213,False
1737651033.9114726,2025-01-23 17:50:33,OTHER,PAUSE,,,,,,,,,,,,,,,,,,,,,,,,,,,,,,,,,,,,,,,742.8974914550781,False
1737651034.098483,2025-01-23 17:50:34,OTHER,PAUSE,,,,,,,,,,,,,,,,,,,,,,,,,,,,,,,,,,,,,,,743.0845019817352,False
1737651034.283494,2025-01-23 17:50:34,OTHER,PAUSE,,,,,,,,,,,,,,,,,,,,,,,,,,,,,,,,,,,,,,,743.2695128917694,False
1737651034.439503,2025-01-23 17:50:34,OTHER,PAUSE,,,,,,,,,,,,,,,,,,,,,,,,,,,,,,,,,,,,,,,743.4255218505859,False
1737651034.622513,2025-01-23 17:50:34,OTHER,PAUSE,,,,,,,,,,,,,,,,,,,,,,,,,,,,,,,,,,,,,,,743.6085319519043,False
1737651034.7845225,2025-01-23 17:50:34,OTHER,PAUSE,,,,,,,,,,,,,,,,,,,,,,,,,,,,,,,,,,,,,,,743.7705414295197,False
1737651034.9505322,2025-01-23 17:50:34,OTHER,PAUSE,,,,,,,,,,,,,,,,,,,,,,,,,,,,,,,,,,,,,,,743.9365510940552,False
1737651035.1125412,2025-01-23 17:50:35,OTHER,PAUSE,,,,,,,,,,,,,,,,,,,,,,,,,,,,,,,,,,,,,,,744.0985600948334,False
1737651035.2895513,2025-01-23 17:50:35,OTHER,PAUSE,,,,,,,,,,,,,,,,,,,,,,,,,,,,,,,,,,,,,,,744.2755701541901,False
1737651035.455561,2025-01-23 17:50:35,OTHER,PAUSE,,,,,,,,,,,,,,,,,,,,,,,,,,,,,,,,,,,,,,,744.4415798187256,False
1737651035.6075697,2025-01-23 17:50:35,OTHER,PAUSE,,,,,,,,,,,,,,,,,,,,,,,,,,,,,,,,,,,,,,,744.593588590622,False
1737651035.801581,2025-01-23 17:50:35,OTHER,PAUSE,,,,,,,,,,,,,,,,,,,,,,,,,,,,,,,,,,,,,,,744.7875998020172,False
1737651035.96459,2025-01-23 17:50:35,OTHER,PAUSE,,,,,,,,,,,,,,,,,,,,,,,,,,,,,,,,,,,,,,,744.9506089687347,False
1737651036.1195989,2025-01-23 17:50:36,OTHER,PAUSE,,,,,,,,,,,,,,,,,,,,,,,,,,,,,,,,,,,,,,,745.1056177616119,False
1737651036.3086097,2025-01-23 17:50:36,OTHER,PAUSE,,,,,,,,,,,,,,,,,,,,,,,,,,,,,,,,,,,,,,,745.2946286201477,False
1737651036.4876199,2025-01-23 17:50:36,OTHER,PAUSE,,,,,,,,,,,,,,,,,,,,,,,,,,,,,,,,,,,,,,,745.4736387729645,False
1737651036.6566296,2025-01-23 17:50:36,OTHER,PAUSE,,,,,,,,,,,,,,,,,,,,,,,,,,,,,,,,,,,,,,,745.6426484584808,False
1737651036.8196387,2025-01-23 17:50:36,OTHER,PAUSE,,,,,,,,,,,,,,,,,,,,,,,,,,,,,,,,,,,,,,,745.8056576251984,False
1737651036.9756477,2025-01-23 17:50:36,OTHER,PAUSE,,,,,,,,,,,,,,,,,,,,,,,,,,,,,,,,,,,,,,,745.9616665840149,False
1737651037.135657,2025-01-23 17:50:37,OTHER,PAUSE,,,,,,,,,,,,,,,,,,,,,,,,,,,,,,,,,,,,,,,746.1216759681702,False
1737651037.2986662,2025-01-23 17:50:37,OTHER,PAUSE,,,,,,,,,,,,,,,,,,,,,,,,,,,,,,,,,,,,,,,746.2846851348877,False
1737651037.4906774,2025-01-23 17:50:37,OTHER,PAUSE,,,,,,,,,,,,,,,,,,,,,,,,,,,,,,,,,,,,,,,746.4766962528229,False
1737651037.6646872,2025-01-23 17:50:37,OTHER,PAUSE,,,,,,,,,,,,,,,,,,,,,,,,,,,,,,,,,,,,,,,746.6507060527802,False
1737651037.818696,2025-01-23 17:50:37,OTHER,PAUSE,,,,,,,,,,,,,,,,,,,,,,,,,,,,,,,,,,,,,,,746.8047149181366,False
1737651038.014707,2025-01-23 17:50:38,OTHER,PAUSE,,,,,,,,,,,,,,,,,,,,,,,,,,,,,,,,,,,,,,,747.0007259845734,False
1737651038.1907172,2025-01-23 17:50:38,OTHER,PAUSE,,,,,,,,,,,,,,,,,,,,,,,,,,,,,,,,,,,,,,,747.1767361164093,False
1737651038.376728,2025-01-23 17:50:38,OTHER,PAUSE,,,,,,,,,,,,,,,,,,,,,,,,,,,,,,,,,,,,,,,747.3627469539642,False
1737651038.552738,2025-01-23 17:50:38,OTHER,PAUSE,,,,,,,,,,,,,,,,,,,,,,,,,,,,,,,,,,,,,,,747.5387568473816,False
1737651038.7157474,2025-01-23 17:50:38,OTHER,PAUSE,,,,,,,,,,,,,,,,,,,,,,,,,,,,,,,,,,,,,,,747.7017662525177,False
1737651038.8797567,2025-01-23 17:50:38,OTHER,PAUSE,,,,,,,,,,,,,,,,,,,,,,,,,,,,,,,,,,,,,,,747.8657755851746,False
1737651039.0347655,2025-01-23 17:50:39,OTHER,PAUSE,,,,,,,,,,,,,,,,,,,,,,,,,,,,,,,,,,,,,,,748.0207843780518,False
1737651039.2007751,2025-01-23 17:50:39,OTHER,PAUSE,,,,,,,,,,,,,,,,,,,,,,,,,,,,,,,,,,,,,,,748.1867940425873,False
1737651039.4187875,2025-01-23 17:50:39,OTHER,PAUSE,,,,,,,,,,,,,,,,,,,,,,,,,,,,,,,,,,,,,,,748.4048063755035,False
1737651039.6448004,2025-01-23 17:50:39,OTHER,PAUSE,,,,,,,,,,,,,,,,,,,,,,,,,,,,,,,,,,,,,,,748.6308193206787,False
1737651039.8548124,2025-01-23 17:50:39,OTHER,PAUSE,,,,,,,,,,,,,,,,,,,,,,,,,,,,,,,,,,,,,,,748.8408312797546,False
1737651040.0928261,2025-01-23 17:50:40,OTHER,PAUSE,,,,,,,,,,,,,,,,,,,,,,,,,,,,,,,,,,,,,,,749.0788450241089,False
1737651040.3128386,2025-01-23 17:50:40,OTHER,PAUSE,,,,,,,,,,,,,,,,,,,,,,,,,,,,,,,,,,,,,,,749.2988574504852,False
1737651040.4688475,2025-01-23 17:50:40,OTHER,PAUSE,,,,,,,,,,,,,,,,,,,,,,,,,,,,,,,,,,,,,,,749.4548664093018,False
1737651040.6228564,2025-01-23 17:50:40,OTHER,PAUSE,,,,,,,,,,,,,,,,,,,,,,,,,,,,,,,,,,,,,,,749.6088752746582,False
1737651040.794866,2025-01-23 17:50:40,OTHER,PAUSE,,,,,,,,,,,,,,,,,,,,,,,,,,,,,,,,,,,,,,,749.7808849811554,False
1737651040.9608757,2025-01-23 17:50:40,OTHER,PAUSE,,,,,,,,,,,,,,,,,,,,,,,,,,,,,,,,,,,,,,,749.9468946456909,False
1737651041.1368856,2025-01-23 17:50:41,OTHER,PAUSE,,,,,,,,,,,,,,,,,,,,,,,,,,,,,,,,,,,,,,,750.1229045391083,False
1737651041.318896,2025-01-23 17:50:41,OTHER,PAUSE,,,,,,,,,,,,,,,,,,,,,,,,,,,,,,,,,,,,,,,750.3049149513245,False
1737651041.4939063,2025-01-23 17:50:41,OTHER,PAUSE,,,,,,,,,,,,,,,,,,,,,,,,,,,,,,,,,,,,,,,750.4799251556396,False
1737651041.675917,2025-01-23 17:50:41,OTHER,PAUSE,,,,,,,,,,,,,,,,,,,,,,,,,,,,,,,,,,,,,,,750.6619358062744,False
1737651041.8319254,2025-01-23 17:50:41,OTHER,PAUSE,,,,,,,,,,,,,,,,,,,,,,,,,,,,,,,,,,,,,,,750.8179442882538,False
1737651042.0279367,2025-01-23 17:50:42,OTHER,PAUSE,,,,,,,,,,,,,,,,,,,,,,,,,,,,,,,,,,,,,,,751.0139555931091,False
1737651042.206947,2025-01-23 17:50:42,OTHER,PAUSE,,,,,,,,,,,,,,,,,,,,,,,,,,,,,,,,,,,,,,,751.1929659843445,False
1737651042.3589559,2025-01-23 17:50:42,OTHER,PAUSE,,,,,,,,,,,,,,,,,,,,,,,,,,,,,,,,,,,,,,,751.3449747562408,False
1737651042.5489666,2025-01-23 17:50:42,OTHER,PAUSE,,,,,,,,,,,,,,,,,,,,,,,,,,,,,,,,,,,,,,,751.5349855422974,False
1737651042.7169762,2025-01-23 17:50:42,OTHER,PAUSE,,,,,,,,,,,,,,,,,,,,,,,,,,,,,,,,,,,,,,,751.7029950618744,False
1737651042.869985,2025-01-23 17:50:42,OTHER,PAUSE,,,,,,,,,,,,,,,,,,,,,,,,,,,,,,,,,,,,,,,751.8560039997101,False
1737651043.047995,2025-01-23 17:50:43,OTHER,PAUSE,,,,,,,,,,,,,,,,,,,,,,,,,,,,,,,,,,,,,,,752.0340139865875,False
1737651043.222005,2025-01-23 17:50:43,OTHER,PAUSE,,,,,,,,,,,,,,,,,,,,,,,,,,,,,,,,,,,,,,,752.2080237865448,False
1737651043.4020154,2025-01-23 17:50:43,OTHER,PAUSE,,,,,,,,,,,,,,,,,,,,,,,,,,,,,,,,,,,,,,,752.3880343437195,False
1737651043.5760252,2025-01-23 17:50:43,OTHER,PAUSE,,,,,,,,,,,,,,,,,,,,,,,,,,,,,,,,,,,,,,,752.5620441436768,False
1737651043.744035,2025-01-23 17:50:43,OTHER,PAUSE,,,,,,,,,,,,,,,,,,,,,,,,,,,,,,,,,,,,,,,752.7300539016724,False
1737651043.9100444,2025-01-23 17:50:43,OTHER,PAUSE,,,,,,,,,,,,,,,,,,,,,,,,,,,,,,,,,,,,,,,752.8960633277893,False
1737651044.0690534,2025-01-23 17:50:44,OTHER,PAUSE,,,,,,,,,,,,,,,,,,,,,,,,,,,,,,,,,,,,,,,753.0550723075867,False
1737651044.2450638,2025-01-23 17:50:44,OTHER,PAUSE,,,,,,,,,,,,,,,,,,,,,,,,,,,,,,,,,,,,,,,753.2310826778412,False
1737651044.413073,2025-01-23 17:50:44,OTHER,PAUSE,,,,,,,,,,,,,,,,,,,,,,,,,,,,,,,,,,,,,,,753.3990919589996,False
1737651044.5630817,2025-01-23 17:50:44,OTHER,PAUSE,,,,,,,,,,,,,,,,,,,,,,,,,,,,,,,,,,,,,,,753.5491006374359,False
1737651044.7520926,2025-01-23 17:50:44,OTHER,PAUSE,,,,,,,,,,,,,,,,,,,,,,,,,,,,,,,,,,,,,,,753.7381114959717,False
1737651044.936103,2025-01-23 17:50:44,OTHER,PAUSE,,,,,,,,,,,,,,,,,,,,,,,,,,,,,,,,,,,,,,,753.922122001648,False
1737651045.0961125,2025-01-23 17:50:45,OTHER,PAUSE,,,,,,,,,,,,,,,,,,,,,,,,,,,,,,,,,,,,,,,754.0821313858032,False
1737651045.2641218,2025-01-23 17:50:45,OTHER,PAUSE,,,,,,,,,,,,,,,,,,,,,,,,,,,,,,,,,,,,,,,754.2501406669617,False
1737651045.437132,2025-01-23 17:50:45,OTHER,PAUSE,,,,,,,,,,,,,,,,,,,,,,,,,,,,,,,,,,,,,,,754.4231507778168,False
1737651045.5891404,2025-01-23 17:50:45,OTHER,PAUSE,,,,,,,,,,,,,,,,,,,,,,,,,,,,,,,,,,,,,,,754.5751593112946,False
1737651045.75815,2025-01-23 17:50:45,OTHER,PAUSE,,,,,,,,,,,,,,,,,,,,,,,,,,,,,,,,,,,,,,,754.7441689968109,False
1737651045.9461608,2025-01-23 17:50:45,OTHER,PAUSE,,,,,,,,,,,,,,,,,,,,,,,,,,,,,,,,,,,,,,,754.9321796894073,False
1737651046.138172,2025-01-23 17:50:46,OTHER,PAUSE,,,,,,,,,,,,,,,,,,,,,,,,,,,,,,,,,,,,,,,755.1241908073425,False
1737651046.2941809,2025-01-23 17:50:46,OTHER,PAUSE,,,,,,,,,,,,,,,,,,,,,,,,,,,,,,,,,,,,,,,755.2801997661591,False
1737651046.492192,2025-01-23 17:50:46,OTHER,PAUSE,,,,,,,,,,,,,,,,,,,,,,,,,,,,,,,,,,,,,,,755.4782109260559,False
1737651046.6702023,2025-01-23 17:50:46,OTHER,PAUSE,,,,,,,,,,,,,,,,,,,,,,,,,,,,,,,,,,,,,,,755.6562211513519,False
1737651046.8312116,2025-01-23 17:50:46,OTHER,PAUSE,,,,,,,,,,,,,,,,,,,,,,,,,,,,,,,,,,,,,,,755.817230463028,False
1737651047.0092216,2025-01-23 17:50:47,OTHER,PAUSE,,,,,,,,,,,,,,,,,,,,,,,,,,,,,,,,,,,,,,,755.9952404499054,False
1737651047.1762314,2025-01-23 17:50:47,OTHER,PAUSE,,,,,,,,,,,,,,,,,,,,,,,,,,,,,,,,,,,,,,,756.1622502803802,False
1737651047.347241,2025-01-23 17:50:47,OTHER,PAUSE,,,,,,,,,,,,,,,,,,,,,,,,,,,,,,,,,,,,,,,756.3332598209381,False
1737651047.5152507,2025-01-23 17:50:47,OTHER,PAUSE,,,,,,,,,,,,,,,,,,,,,,,,,,,,,,,,,,,,,,,756.5012695789337,False
1737651047.698261,2025-01-23 17:50:47,OTHER,PAUSE,,,,,,,,,,,,,,,,,,,,,,,,,,,,,,,,,,,,,,,756.6842799186707,False
1737651047.873271,2025-01-23 17:50:47,OTHER,PAUSE,,,,,,,,,,,,,,,,,,,,,,,,,,,,,,,,,,,,,,,756.8592898845673,False
1737651048.02628,2025-01-23 17:50:48,OTHER,PAUSE,,,,,,,,,,,,,,,,,,,,,,,,,,,,,,,,,,,,,,,757.012298822403,False
1737651048.2022898,2025-01-23 17:50:48,OTHER,PAUSE,,,,,,,,,,,,,,,,,,,,,,,,,,,,,,,,,,,,,,,757.1883087158203,False
1737651048.3642993,2025-01-23 17:50:48,OTHER,PAUSE,,,,,,,,,,,,,,,,,,,,,,,,,,,,,,,,,,,,,,,757.3503181934357,False
1737651048.5183082,2025-01-23 17:50:48,OTHER,PAUSE,,,,,,,,,,,,,,,,,,,,,,,,,,,,,,,,,,,,,,,757.5043270587921,False
1737651048.7043188,2025-01-23 17:50:48,OTHER,PAUSE,,,,,,,,,,,,,,,,,,,,,,,,,,,,,,,,,,,,,,,757.6903376579285,False
1737651048.8743284,2025-01-23 17:50:48,OTHER,PAUSE,,,,,,,,,,,,,,,,,,,,,,,,,,,,,,,,,,,,,,,757.8603472709656,False
1737651049.0563388,2025-01-23 17:50:49,OTHER,PAUSE,,,,,,,,,,,,,,,,,,,,,,,,,,,,,,,,,,,,,,,758.0423576831818,False
1737651049.2333488,2025-01-23 17:50:49,OTHER,PAUSE,,,,,,,,,,,,,,,,,,,,,,,,,,,,,,,,,,,,,,,758.2193677425385,False
1737651049.4143593,2025-01-23 17:50:49,OTHER,PAUSE,,,,,,,,,,,,,,,,,,,,,,,,,,,,,,,,,,,,,,,758.4003782272339,False
1737651049.5943696,2025-01-23 17:50:49,OTHER,PAUSE,,,,,,,,,,,,,,,,,,,,,,,,,,,,,,,,,,,,,,,758.58038854599,False
1737651049.7663796,2025-01-23 17:50:49,OTHER,PAUSE,,,,,,,,,,,,,,,,,,,,,,,,,,,,,,,,,,,,,,,758.7523984909058,False
1737651049.9313889,2025-01-23 17:50:49,OTHER,PAUSE,,,,,,,,,,,,,,,,,,,,,,,,,,,,,,,,,,,,,,,758.9174077510834,False
1737651050.1003985,2025-01-23 17:50:50,OTHER,PAUSE,,,,,,,,,,,,,,,,,,,,,,,,,,,,,,,,,,,,,,,759.0864174365997,False
1737651050.2544074,2025-01-23 17:50:50,OTHER,PAUSE,,,,,,,,,,,,,,,,,,,,,,,,,,,,,,,,,,,,,,,759.2404263019562,False
1737651050.4334178,2025-01-23 17:50:50,OTHER,PAUSE,,,,,,,,,,,,,,,,,,,,,,,,,,,,,,,,,,,,,,,759.4194366931915,False
1737651050.5944269,2025-01-23 17:50:50,OTHER,PAUSE,,,,,,,,,,,,,,,,,,,,,,,,,,,,,,,,,,,,,,,759.580445766449,False
1737651050.7494357,2025-01-23 17:50:50,OTHER,PAUSE,,,,,,,,,,,,,,,,,,,,,,,,,,,,,,,,,,,,,,,759.7354545593262,False
1737651050.9444468,2025-01-23 17:50:50,OTHER,PAUSE,,,,,,,,,,,,,,,,,,,,,,,,,,,,,,,,,,,,,,,759.9304656982422,False
1737651051.1184566,2025-01-23 17:50:51,OTHER,PAUSE,,,,,,,,,,,,,,,,,,,,,,,,,,,,,,,,,,,,,,,760.1044754981995,False
1737651051.276466,2025-01-23 17:50:51,OTHER,PAUSE,,,,,,,,,,,,,,,,,,,,,,,,,,,,,,,,,,,,,,,760.2624847888947,False
1737651051.4644763,2025-01-23 17:50:51,OTHER,PAUSE,,,,,,,,,,,,,,,,,,,,,,,,,,,,,,,,,,,,,,,760.4504952430725,False
1737651051.6394868,2025-01-23 17:50:51,OTHER,PAUSE,,,,,,,,,,,,,,,,,,,,,,,,,,,,,,,,,,,,,,,760.6255056858063,False
1737651051.7984955,2025-01-23 17:50:51,OTHER,PAUSE,,,,,,,,,,,,,,,,,,,,,,,,,,,,,,,,,,,,,,,760.7845144271851,False
1737651051.9825063,2025-01-23 17:50:51,OTHER,PAUSE,,,,,,,,,,,,,,,,,,,,,,,,,,,,,,,,,,,,,,,760.9685251712799,False
1737651052.1575162,2025-01-23 17:50:52,OTHER,PAUSE,,,,,,,,,,,,,,,,,,,,,,,,,,,,,,,,,,,,,,,761.1435351371765,False
1737651052.3335264,2025-01-23 17:50:52,OTHER,PAUSE,,,,,,,,,,,,,,,,,,,,,,,,,,,,,,,,,,,,,,,761.3195452690125,False
1737651052.4935355,2025-01-23 17:50:52,OTHER,PAUSE,,,,,,,,,,,,,,,,,,,,,,,,,,,,,,,,,,,,,,,761.4795544147491,False
1737651052.6825461,2025-01-23 17:50:52,OTHER,PAUSE,,,,,,,,,,,,,,,,,,,,,,,,,,,,,,,,,,,,,,,761.6685650348663,False
1737651052.853556,2025-01-23 17:50:52,OTHER,PAUSE,,,,,,,,,,,,,,,,,,,,,,,,,,,,,,,,,,,,,,,761.8395748138428,False
1737651053.0215657,2025-01-23 17:50:53,OTHER,PAUSE,,,,,,,,,,,,,,,,,,,,,,,,,,,,,,,,,,,,,,,762.0075845718384,False
1737651053.218577,2025-01-23 17:50:53,OTHER,PAUSE,,,,,,,,,,,,,,,,,,,,,,,,,,,,,,,,,,,,,,,762.2045958042145,False
1737651053.3995874,2025-01-23 17:50:53,OTHER,PAUSE,,,,,,,,,,,,,,,,,,,,,,,,,,,,,,,,,,,,,,,762.3856062889099,False
1737651053.553596,2025-01-23 17:50:53,OTHER,PAUSE,,,,,,,,,,,,,,,,,,,,,,,,,,,,,,,,,,,,,,,762.5396149158478,False
1737651053.7406068,2025-01-23 17:50:53,OTHER,PAUSE,,,,,,,,,,,,,,,,,,,,,,,,,,,,,,,,,,,,,,,762.7266256809235,False
1737651053.9266174,2025-01-23 17:50:53,OTHER,PAUSE,,,,,,,,,,,,,,,,,,,,,,,,,,,,,,,,,,,,,,,762.9126362800598,False
1737651054.0946271,2025-01-23 17:50:54,OTHER,PAUSE,,,,,,,,,,,,,,,,,,,,,,,,,,,,,,,,,,,,,,,763.0806460380554,False
1737651054.2646368,2025-01-23 17:50:54,OTHER,PAUSE,,,,,,,,,,,,,,,,,,,,,,,,,,,,,,,,,,,,,,,763.2506556510925,False
1737651054.4306462,2025-01-23 17:50:54,OTHER,PAUSE,,,,,,,,,,,,,,,,,,,,,,,,,,,,,,,,,,,,,,,763.4166650772095,False
1737651054.586655,2025-01-23 17:50:54,OTHER,PAUSE,,,,,,,,,,,,,,,,,,,,,,,,,,,,,,,,,,,,,,,763.5726737976074,False
1737651054.7466643,2025-01-23 17:50:54,OTHER,PAUSE,,,,,,,,,,,,,,,,,,,,,,,,,,,,,,,,,,,,,,,763.7326831817627,False
1737651054.9386752,2025-01-23 17:50:54,OTHER,PAUSE,,,,,,,,,,,,,,,,,,,,,,,,,,,,,,,,,,,,,,,763.9246940612793,False
1737651055.109685,2025-01-23 17:50:55,OTHER,PAUSE,,,,,,,,,,,,,,,,,,,,,,,,,,,,,,,,,,,,,,,764.0957038402557,False
1737651055.2766945,2025-01-23 17:50:55,OTHER,PAUSE,,,,,,,,,,,,,,,,,,,,,,,,,,,,,,,,,,,,,,,764.262713432312,False
1737651055.5047076,2025-01-23 17:50:55,OTHER,PAUSE,,,,,,,,,,,,,,,,,,,,,,,,,,,,,,,,,,,,,,,764.4907264709473,False
1737651055.7327206,2025-01-23 17:50:55,OTHER,PAUSE,,,,,,,,,,,,,,,,,,,,,,,,,,,,,,,,,,,,,,,764.7187395095825,False
1737651055.986735,2025-01-23 17:50:55,OTHER,PAUSE,,,,,,,,,,,,,,,,,,,,,,,,,,,,,,,,,,,,,,,764.9727540016174,False
1737651056.2157483,2025-01-23 17:50:56,OTHER,PAUSE,,,,,,,,,,,,,,,,,,,,,,,,,,,,,,,,,,,,,,,765.201767206192,False
1737651056.3787577,2025-01-23 17:50:56,OTHER,PAUSE,,,,,,,,,,,,,,,,,,,,,,,,,,,,,,,,,,,,,,,765.3647766113281,False
1737651056.5677683,2025-01-23 17:50:56,OTHER,PAUSE,,,,,,,,,,,,,,,,,,,,,,,,,,,,,,,,,,,,,,,765.5537872314453,False
1737651056.7287776,2025-01-23 17:50:56,OTHER,PAUSE,,,,,,,,,,,,,,,,,,,,,,,,,,,,,,,,,,,,,,,765.7147965431213,False
1737651056.8817863,2025-01-23 17:50:56,OTHER,PAUSE,,,,,,,,,,,,,,,,,,,,,,,,,,,,,,,,,,,,,,,765.8678052425385,False
1737651057.0517962,2025-01-23 17:50:57,OTHER,PAUSE,,,,,,,,,,,,,,,,,,,,,,,,,,,,,,,,,,,,,,,766.0378150939941,False
1737651057.2318065,2025-01-23 17:50:57,OTHER,PAUSE,,,,,,,,,,,,,,,,,,,,,,,,,,,,,,,,,,,,,,,766.2178254127502,False
1737651057.3968158,2025-01-23 17:50:57,OTHER,PAUSE,,,,,,,,,,,,,,,,,,,,,,,,,,,,,,,,,,,,,,,766.3828346729279,False
1737651057.5518246,2025-01-23 17:50:57,OTHER,PAUSE,,,,,,,,,,,,,,,,,,,,,,,,,,,,,,,,,,,,,,,766.537843465805,False
1737651057.7418356,2025-01-23 17:50:57,OTHER,PAUSE,,,,,,,,,,,,,,,,,,,,,,,,,,,,,,,,,,,,,,,766.7278544902802,False
1737651057.9248462,2025-01-23 17:50:57,OTHER,PAUSE,,,,,,,,,,,,,,,,,,,,,,,,,,,,,,,,,,,,,,,766.9108650684357,False
1737651058.1098566,2025-01-23 17:50:58,OTHER,PAUSE,,,,,,,,,,,,,,,,,,,,,,,,,,,,,,,,,,,,,,,767.0958755016327,False
1737651058.2908669,2025-01-23 17:50:58,OTHER,PAUSE,,,,,,,,,,,,,,,,,,,,,,,,,,,,,,,,,,,,,,,767.2768857479095,False
1737651058.464877,2025-01-23 17:50:58,OTHER,PAUSE,,,,,,,,,,,,,,,,,,,,,,,,,,,,,,,,,,,,,,,767.4508957862854,False
1737651058.6368868,2025-01-23 17:50:58,OTHER,PAUSE,,,,,,,,,,,,,,,,,,,,,,,,,,,,,,,,,,,,,,,767.6229057312012,False
1737651058.7958958,2025-01-23 17:50:58,OTHER,PAUSE,,,,,,,,,,,,,,,,,,,,,,,,,,,,,,,,,,,,,,,767.7819147109985,False
1737651058.9659057,2025-01-23 17:50:58,OTHER,PAUSE,,,,,,,,,,,,,,,,,,,,,,,,,,,,,,,,,,,,,,,767.9519245624542,False
1737651059.1399155,2025-01-23 17:50:59,OTHER,PAUSE,,,,,,,,,,,,,,,,,,,,,,,,,,,,,,,,,,,,,,,768.1259343624115,False
1737651059.301925,2025-01-23 17:50:59,OTHER,PAUSE,,,,,,,,,,,,,,,,,,,,,,,,,,,,,,,,,,,,,,,768.2879438400269,False
1737651059.5149372,2025-01-23 17:50:59,OTHER,PAUSE,,,,,,,,,,,,,,,,,,,,,,,,,,,,,,,,,,,,,,,768.5009560585022,False
1737651059.668946,2025-01-23 17:50:59,OTHER,PAUSE,,,,,,,,,,,,,,,,,,,,,,,,,,,,,,,,,,,,,,,768.6549649238586,False
1737651059.827955,2025-01-23 17:50:59,OTHER,PAUSE,,,,,,,,,,,,,,,,,,,,,,,,,,,,,,,,,,,,,,,768.813973903656,False
1737651060.0169656,2025-01-23 17:51:00,OTHER,PAUSE,,,,,,,,,,,,,,,,,,,,,,,,,,,,,,,,,,,,,,,769.0029845237732,False
1737651060.1969762,2025-01-23 17:51:00,OTHER,PAUSE,,,,,,,,,,,,,,,,,,,,,,,,,,,,,,,,,,,,,,,769.1829950809479,False
1737651060.3649857,2025-01-23 17:51:00,OTHER,PAUSE,,,,,,,,,,,,,,,,,,,,,,,,,,,,,,,,,,,,,,,769.3510046005249,False
1737651060.5589967,2025-01-23 17:51:00,OTHER,PAUSE,,,,,,,,,,,,,,,,,,,,,,,,,,,,,,,,,,,,,,,769.5450155735016,False
1737651060.7300065,2025-01-23 17:51:00,OTHER,PAUSE,,,,,,,,,,,,,,,,,,,,,,,,,,,,,,,,,,,,,,,769.716025352478,False
1737651060.9100168,2025-01-23 17:51:00,OTHER,PAUSE,,,,,,,,,,,,,,,,,,,,,,,,,,,,,,,,,,,,,,,769.8960356712341,False
1737651061.0950274,2025-01-23 17:51:01,OTHER,PAUSE,,,,,,,,,,,,,,,,,,,,,,,,,,,,,,,,,,,,,,,770.0810463428497,False
1737651061.2710373,2025-01-23 17:51:01,OTHER,PAUSE,,,,,,,,,,,,,,,,,,,,,,,,,,,,,,,,,,,,,,,770.2570562362671,False
1737651061.4460475,2025-01-23 17:51:01,OTHER,PAUSE,,,,,,,,,,,,,,,,,,,,,,,,,,,,,,,,,,,,,,,770.4320664405823,False
1737651061.6060567,2025-01-23 17:51:01,OTHER,PAUSE,,,,,,,,,,,,,,,,,,,,,,,,,,,,,,,,,,,,,,,770.592075586319,False
1737651061.7620654,2025-01-23 17:51:01,OTHER,PAUSE,,,,,,,,,,,,,,,,,,,,,,,,,,,,,,,,,,,,,,,770.7480843067169,False
1737651061.9190745,2025-01-23 17:51:01,OTHER,PAUSE,,,,,,,,,,,,,,,,,,,,,,,,,,,,,,,,,,,,,,,770.9050934314728,False
1737651062.0760834,2025-01-23 17:51:02,OTHER,PAUSE,,,,,,,,,,,,,,,,,,,,,,,,,,,,,,,,,,,,,,,771.0621023178101,False
1737651062.273095,2025-01-23 17:51:02,OTHER,PAUSE,,,,,,,,,,,,,,,,,,,,,,,,,,,,,,,,,,,,,,,771.2591137886047,False
1737651062.4441044,2025-01-23 17:51:02,OTHER,PAUSE,,,,,,,,,,,,,,,,,,,,,,,,,,,,,,,,,,,,,,,771.4301233291626,False
1737651062.607114,2025-01-23 17:51:02,OTHER,PAUSE,,,,,,,,,,,,,,,,,,,,,,,,,,,,,,,,,,,,,,,771.5931329727173,False
1737651062.7941246,2025-01-23 17:51:02,OTHER,PAUSE,,,,,,,,,,,,,,,,,,,,,,,,,,,,,,,,,,,,,,,771.7801434993744,False
1737651062.9591339,2025-01-23 17:51:02,OTHER,PAUSE,,,,,,,,,,,,,,,,,,,,,,,,,,,,,,,,,,,,,,,771.945152759552,False
1737651063.1311436,2025-01-23 17:51:03,OTHER,PAUSE,,,,,,,,,,,,,,,,,,,,,,,,,,,,,,,,,,,,,,,772.1171624660492,False
1737651063.3311553,2025-01-23 17:51:03,OTHER,PAUSE,,,,,,,,,,,,,,,,,,,,,,,,,,,,,,,,,,,,,,,772.3171741962433,False
1737651063.5141659,2025-01-23 17:51:03,OTHER,PAUSE,,,,,,,,,,,,,,,,,,,,,,,,,,,,,,,,,,,,,,,772.5001847743988,False
1737651063.6711748,2025-01-23 17:51:03,OTHER,PAUSE,,,,,,,,,,,,,,,,,,,,,,,,,,,,,,,,,,,,,,,772.6571936607361,False
1737651063.8431847,2025-01-23 17:51:03,OTHER,PAUSE,,,,,,,,,,,,,,,,,,,,,,,,,,,,,,,,,,,,,,,772.8292036056519,False
1737651064.0201948,2025-01-23 17:51:04,OTHER,PAUSE,,,,,,,,,,,,,,,,,,,,,,,,,,,,,,,,,,,,,,,773.0062136650085,False
1737651064.1902044,2025-01-23 17:51:04,OTHER,PAUSE,,,,,,,,,,,,,,,,,,,,,,,,,,,,,,,,,,,,,,,773.1762232780457,False
1737651064.3472133,2025-01-23 17:51:04,OTHER,PAUSE,,,,,,,,,,,,,,,,,,,,,,,,,,,,,,,,,,,,,,,773.3332321643829,False
1737651064.552225,2025-01-23 17:51:04,OTHER,PAUSE,,,,,,,,,,,,,,,,,,,,,,,,,,,,,,,,,,,,,,,773.538244009018,False
1737651064.746236,2025-01-23 17:51:04,OTHER,PAUSE,,,,,,,,,,,,,,,,,,,,,,,,,,,,,,,,,,,,,,,773.7322549819946,False
1737651064.9112458,2025-01-23 17:51:04,OTHER,PAUSE,,,,,,,,,,,,,,,,,,,,,,,,,,,,,,,,,,,,,,,773.8972647190094,False
1737651065.1032565,2025-01-23 17:51:05,OTHER,PAUSE,,,,,,,,,,,,,,,,,,,,,,,,,,,,,,,,,,,,,,,774.0892753601074,False
1737651065.2942677,2025-01-23 17:51:05,OTHER,PAUSE,,,,,,,,,,,,,,,,,,,,,,,,,,,,,,,,,,,,,,,774.2802865505219,False
1737651065.460277,2025-01-23 17:51:05,OTHER,PAUSE,,,,,,,,,,,,,,,,,,,,,,,,,,,,,,,,,,,,,,,774.4462959766388,False
1737651065.657288,2025-01-23 17:51:05,OTHER,PAUSE,,,,,,,,,,,,,,,,,,,,,,,,,,,,,,,,,,,,,,,774.6433069705963,False
1737651065.8192976,2025-01-23 17:51:05,OTHER,PAUSE,,,,,,,,,,,,,,,,,,,,,,,,,,,,,,,,,,,,,,,774.8053164482117,False
1737651066.0043082,2025-01-23 17:51:06,OTHER,PAUSE,,,,,,,,,,,,,,,,,,,,,,,,,,,,,,,,,,,,,,,774.9903271198273,False
1737651066.1833186,2025-01-23 17:51:06,OTHER,PAUSE,,,,,,,,,,,,,,,,,,,,,,,,,,,,,,,,,,,,,,,775.1693375110626,False
1737651066.4313326,2025-01-23 17:51:06,OTHER,PAUSE,,,,,,,,,,,,,,,,,,,,,,,,,,,,,,,,,,,,,,,775.4173514842987,False
1737651066.608343,2025-01-23 17:51:06,OTHER,PAUSE,,,,,,,,,,,,,,,,,,,,,,,,,,,,,,,,,,,,,,,775.594361782074,False
1737651066.7973535,2025-01-23 17:51:06,OTHER,PAUSE,,,,,,,,,,,,,,,,,,,,,,,,,,,,,,,,,,,,,,,775.7833724021912,False
1737651066.9523625,2025-01-23 17:51:06,OTHER,PAUSE,,,,,,,,,,,,,,,,,,,,,,,,,,,,,,,,,,,,,,,775.9383814334869,False
1737651067.1123714,2025-01-23 17:51:07,OTHER,PAUSE,,,,,,,,,,,,,,,,,,,,,,,,,,,,,,,,,,,,,,,776.098390340805,False
1737651067.3053827,2025-01-23 17:51:07,OTHER,PAUSE,,,,,,,,,,,,,,,,,,,,,,,,,,,,,,,,,,,,,,,776.2914016246796,False
1737651067.4823925,2025-01-23 17:51:07,OTHER,PAUSE,,,,,,,,,,,,,,,,,,,,,,,,,,,,,,,,,,,,,,,776.4684114456177,False
1737651067.6784039,2025-01-23 17:51:07,OTHER,PAUSE,,,,,,,,,,,,,,,,,,,,,,,,,,,,,,,,,,,,,,,776.664422750473,False
1737651067.8834155,2025-01-23 17:51:07,OTHER,PAUSE,,,,,,,,,,,,,,,,,,,,,,,,,,,,,,,,,,,,,,,776.8694343566895,False
1737651068.0434248,2025-01-23 17:51:08,OTHER,PAUSE,,,,,,,,,,,,,,,,,,,,,,,,,,,,,,,,,,,,,,,777.0294437408447,False
1737651068.201434,2025-01-23 17:51:08,OTHER,PAUSE,,,,,,,,,,,,,,,,,,,,,,,,,,,,,,,,,,,,,,,777.1874527931213,False
1737651068.3974452,2025-01-23 17:51:08,OTHER,PAUSE,,,,,,,,,,,,,,,,,,,,,,,,,,,,,,,,,,,,,,,777.3834640979767,False
1737651068.5624545,2025-01-23 17:51:08,OTHER,PAUSE,,,,,,,,,,,,,,,,,,,,,,,,,,,,,,,,,,,,,,,777.5484733581543,False
1737651068.729464,2025-01-23 17:51:08,OTHER,PAUSE,,,,,,,,,,,,,,,,,,,,,,,,,,,,,,,,,,,,,,,777.7154829502106,False
1737651068.9064744,2025-01-23 17:51:08,OTHER,PAUSE,,,,,,,,,,,,,,,,,,,,,,,,,,,,,,,,,,,,,,,777.8924932479858,False
1737651069.0664833,2025-01-23 17:51:09,OTHER,PAUSE,,,,,,,,,,,,,,,,,,,,,,,,,,,,,,,,,,,,,,,778.052502155304,False
1737651069.2354932,2025-01-23 17:51:09,OTHER,PAUSE,,,,,,,,,,,,,,,,,,,,,,,,,,,,,,,,,,,,,,,778.2215120792389,False
1737651069.3945022,2025-01-23 17:51:09,OTHER,PAUSE,,,,,,,,,,,,,,,,,,,,,,,,,,,,,,,,,,,,,,,778.3805210590363,False
1737651069.6005137,2025-01-23 17:51:09,OTHER,PAUSE,,,,,,,,,,,,,,,,,,,,,,,,,,,,,,,,,,,,,,,778.5865325927734,False
1737651069.7765238,2025-01-23 17:51:09,OTHER,PAUSE,,,,,,,,,,,,,,,,,,,,,,,,,,,,,,,,,,,,,,,778.7625427246094,False
1737651069.935533,2025-01-23 17:51:09,OTHER,PAUSE,,,,,,,,,,,,,,,,,,,,,,,,,,,,,,,,,,,,,,,778.9215519428253,False
1737651070.1255438,2025-01-23 17:51:10,OTHER,PAUSE,,,,,,,,,,,,,,,,,,,,,,,,,,,,,,,,,,,,,,,779.1115627288818,False
1737651070.3025541,2025-01-23 17:51:10,OTHER,PAUSE,,,,,,,,,,,,,,,,,,,,,,,,,,,,,,,,,,,,,,,779.2885730266571,False
1737651070.461563,2025-01-23 17:51:10,OTHER,PAUSE,,,,,,,,,,,,,,,,,,,,,,,,,,,,,,,,,,,,,,,779.4475820064545,False
1737651070.6435735,2025-01-23 17:51:10,OTHER,PAUSE,,,,,,,,,,,,,,,,,,,,,,,,,,,,,,,,,,,,,,,779.6295924186707,False
1737651070.811583,2025-01-23 17:51:10,OTHER,PAUSE,,,,,,,,,,,,,,,,,,,,,,,,,,,,,,,,,,,,,,,779.7976019382477,False
1737651070.980593,2025-01-23 17:51:10,OTHER,PAUSE,,,,,,,,,,,,,,,,,,,,,,,,,,,,,,,,,,,,,,,779.9666118621826,False
1737651071.140602,2025-01-23 17:51:11,OTHER,PAUSE,,,,,,,,,,,,,,,,,,,,,,,,,,,,,,,,,,,,,,,780.1266210079193,False
1737651071.3376133,2025-01-23 17:51:11,OTHER,PAUSE,,,,,,,,,,,,,,,,,,,,,,,,,,,,,,,,,,,,,,,780.3236322402954,False
1737651071.5376246,2025-01-23 17:51:11,OTHER,PAUSE,,,,,,,,,,,,,,,,,,,,,,,,,,,,,,,,,,,,,,,780.5236434936523,False
1737651071.7836387,2025-01-23 17:51:11,OTHER,PAUSE,,,,,,,,,,,,,,,,,,,,,,,,,,,,,,,,,,,,,,,780.7696576118469,False
1737651071.9986508,2025-01-23 17:51:11,OTHER,PAUSE,,,,,,,,,,,,,,,,,,,,,,,,,,,,,,,,,,,,,,,780.9846696853638,False
1737651072.210663,2025-01-23 17:51:12,OTHER,PAUSE,,,,,,,,,,,,,,,,,,,,,,,,,,,,,,,,,,,,,,,781.1966819763184,False
1737651072.4106746,2025-01-23 17:51:12,OTHER,PAUSE,,,,,,,,,,,,,,,,,,,,,,,,,,,,,,,,,,,,,,,781.3966934680939,False
1737651072.5876846,2025-01-23 17:51:12,OTHER,PAUSE,,,,,,,,,,,,,,,,,,,,,,,,,,,,,,,,,,,,,,,781.5737035274506,False
1737651072.7466938,2025-01-23 17:51:12,OTHER,PAUSE,,,,,,,,,,,,,,,,,,,,,,,,,,,,,,,,,,,,,,,781.7327127456665,False
1737651072.9307044,2025-01-23 17:51:12,OTHER,PAUSE,,,,,,,,,,,,,,,,,,,,,,,,,,,,,,,,,,,,,,,781.9167232513428,False
1737651073.0987139,2025-01-23 17:51:13,OTHER,PAUSE,,,,,,,,,,,,,,,,,,,,,,,,,,,,,,,,,,,,,,,782.0847327709198,False
1737651073.2687237,2025-01-23 17:51:13,OTHER,PAUSE,,,,,,,,,,,,,,,,,,,,,,,,,,,,,,,,,,,,,,,782.2547426223755,False
1737651073.4437337,2025-01-23 17:51:13,OTHER,PAUSE,,,,,,,,,,,,,,,,,,,,,,,,,,,,,,,,,,,,,,,782.4297525882721,False
1737651073.6337445,2025-01-23 17:51:13,OTHER,PAUSE,,,,,,,,,,,,,,,,,,,,,,,,,,,,,,,,,,,,,,,782.6197633743286,False
1737651073.8067544,2025-01-23 17:51:13,OTHER,PAUSE,,,,,,,,,,,,,,,,,,,,,,,,,,,,,,,,,,,,,,,782.7927732467651,False
1737651073.974764,2025-01-23 17:51:13,OTHER,PAUSE,,,,,,,,,,,,,,,,,,,,,,,,,,,,,,,,,,,,,,,782.9607830047607,False
1737651074.1557744,2025-01-23 17:51:14,OTHER,PAUSE,,,,,,,,,,,,,,,,,,,,,,,,,,,,,,,,,,,,,,,783.1417932510376,False
1737651074.3337846,2025-01-23 17:51:14,OTHER,PAUSE,,,,,,,,,,,,,,,,,,,,,,,,,,,,,,,,,,,,,,,783.3198034763336,False
1737651074.4957938,2025-01-23 17:51:14,OTHER,PAUSE,,,,,,,,,,,,,,,,,,,,,,,,,,,,,,,,,,,,,,,783.4818127155304,False
1737651074.6938052,2025-01-23 17:51:14,OTHER,PAUSE,,,,,,,,,,,,,,,,,,,,,,,,,,,,,,,,,,,,,,,783.6798241138458,False
1737651074.8708153,2025-01-23 17:51:14,OTHER,PAUSE,,,,,,,,,,,,,,,,,,,,,,,,,,,,,,,,,,,,,,,783.8568341732025,False
1737651075.0338244,2025-01-23 17:51:15,OTHER,PAUSE,,,,,,,,,,,,,,,,,,,,,,,,,,,,,,,,,,,,,,,784.01984333992,False
1737651075.2288358,2025-01-23 17:51:15,OTHER,PAUSE,,,,,,,,,,,,,,,,,,,,,,,,,,,,,,,,,,,,,,,784.2148547172546,False
1737651075.4158463,2025-01-23 17:51:15,OTHER,PAUSE,,,,,,,,,,,,,,,,,,,,,,,,,,,,,,,,,,,,,,,784.4018652439117,False
1737651075.5728555,2025-01-23 17:51:15,OTHER,PAUSE,,,,,,,,,,,,,,,,,,,,,,,,,,,,,,,,,,,,,,,784.5588743686676,False
1737651075.7518656,2025-01-23 17:51:15,OTHER,PAUSE,,,,,,,,,,,,,,,,,,,,,,,,,,,,,,,,,,,,,,,784.7378845214844,False
1737651075.9348762,2025-01-23 17:51:15,OTHER,PAUSE,,,,,,,,,,,,,,,,,,,,,,,,,,,,,,,,,,,,,,,784.9208950996399,False
1737651076.0928853,2025-01-23 17:51:16,OTHER,PAUSE,,,,,,,,,,,,,,,,,,,,,,,,,,,,,,,,,,,,,,,785.0789041519165,False
1737651076.2688951,2025-01-23 17:51:16,OTHER,PAUSE,,,,,,,,,,,,,,,,,,,,,,,,,,,,,,,,,,,,,,,785.2549140453339,False
1737651076.4629064,2025-01-23 17:51:16,OTHER,PAUSE,,,,,,,,,,,,,,,,,,,,,,,,,,,,,,,,,,,,,,,785.4489252567291,False
1737651076.630916,2025-01-23 17:51:16,OTHER,PAUSE,,,,,,,,,,,,,,,,,,,,,,,,,,,,,,,,,,,,,,,785.6169350147247,False
1737651076.801926,2025-01-23 17:51:16,OTHER,PAUSE,,,,,,,,,,,,,,,,,,,,,,,,,,,,,,,,,,,,,,,785.7879447937012,False
1737651076.9819362,2025-01-23 17:51:16,OTHER,PAUSE,,,,,,,,,,,,,,,,,,,,,,,,,,,,,,,,,,,,,,,785.9679551124573,False
1737651077.157946,2025-01-23 17:51:17,OTHER,PAUSE,,,,,,,,,,,,,,,,,,,,,,,,,,,,,,,,,,,,,,,786.1439650058746,False
1737651077.3179553,2025-01-23 17:51:17,OTHER,PAUSE,,,,,,,,,,,,,,,,,,,,,,,,,,,,,,,,,,,,,,,786.3039741516113,False
1737651077.5159667,2025-01-23 17:51:17,OTHER,PAUSE,,,,,,,,,,,,,,,,,,,,,,,,,,,,,,,,,,,,,,,786.5019855499268,False
1737651077.6929767,2025-01-23 17:51:17,OTHER,PAUSE,,,,,,,,,,,,,,,,,,,,,,,,,,,,,,,,,,,,,,,786.6789956092834,False
1737651077.851986,2025-01-23 17:51:17,OTHER,PAUSE,,,,,,,,,,,,,,,,,,,,,,,,,,,,,,,,,,,,,,,786.8380048274994,False
1737651078.046997,2025-01-23 17:51:18,OTHER,PAUSE,,,,,,,,,,,,,,,,,,,,,,,,,,,,,,,,,,,,,,,787.0330159664154,False
1737651078.2310076,2025-01-23 17:51:18,OTHER,PAUSE,,,,,,,,,,,,,,,,,,,,,,,,,,,,,,,,,,,,,,,787.2170264720917,False
1737651078.3910167,2025-01-23 17:51:18,OTHER,PAUSE,,,,,,,,,,,,,,,,,,,,,,,,,,,,,,,,,,,,,,,787.3770356178284,False
1737651078.5800273,2025-01-23 17:51:18,OTHER,PAUSE,,,,,,,,,,,,,,,,,,,,,,,,,,,,,,,,,,,,,,,787.5660462379456,False
1737651078.749037,2025-01-23 17:51:18,OTHER,PAUSE,,,,,,,,,,,,,,,,,,,,,,,,,,,,,,,,,,,,,,,787.7350559234619,False
1737651078.9180467,2025-01-23 17:51:18,OTHER,PAUSE,,,,,,,,,,,,,,,,,,,,,,,,,,,,,,,,,,,,,,,787.9040656089783,False
1737651079.0990572,2025-01-23 17:51:19,OTHER,PAUSE,,,,,,,,,,,,,,,,,,,,,,,,,,,,,,,,,,,,,,,788.0850760936737,False
1737651079.273067,2025-01-23 17:51:19,OTHER,PAUSE,,,,,,,,,,,,,,,,,,,,,,,,,,,,,,,,,,,,,,,788.259085893631,False
1737651079.4530776,2025-01-23 17:51:19,OTHER,PAUSE,,,,,,,,,,,,,,,,,,,,,,,,,,,,,,,,,,,,,,,788.4390964508057,False
1737651079.6180868,2025-01-23 17:51:19,OTHER,PAUSE,,,,,,,,,,,,,,,,,,,,,,,,,,,,,,,,,,,,,,,788.6041057109833,False
1737651079.7860963,2025-01-23 17:51:19,OTHER,PAUSE,,,,,,,,,,,,,,,,,,,,,,,,,,,,,,,,,,,,,,,788.7721152305603,False
1737651079.954106,2025-01-23 17:51:19,OTHER,PAUSE,,,,,,,,,,,,,,,,,,,,,,,,,,,,,,,,,,,,,,,788.9401249885559,False
1737651080.113115,2025-01-23 17:51:20,OTHER,PAUSE,,,,,,,,,,,,,,,,,,,,,,,,,,,,,,,,,,,,,,,789.0991339683533,False
1737651080.322127,2025-01-23 17:51:20,OTHER,PAUSE,,,,,,,,,,,,,,,,,,,,,,,,,,,,,,,,,,,,,,,789.3081459999084,False
1737651080.4941368,2025-01-23 17:51:20,OTHER,PAUSE,,,,,,,,,,,,,,,,,,,,,,,,,,,,,,,,,,,,,,,789.4801557064056,False
1737651080.648146,2025-01-23 17:51:20,OTHER,PAUSE,,,,,,,,,,,,,,,,,,,,,,,,,,,,,,,,,,,,,,,789.6341648101807,False
1737651080.8451571,2025-01-23 17:51:20,OTHER,PAUSE,,,,,,,,,,,,,,,,,,,,,,,,,,,,,,,,,,,,,,,789.8311760425568,False
1737651081.022167,2025-01-23 17:51:21,OTHER,PAUSE,,,,,,,,,,,,,,,,,,,,,,,,,,,,,,,,,,,,,,,790.0081858634949,False
1737651081.1891766,2025-01-23 17:51:21,OTHER,PAUSE,,,,,,,,,,,,,,,,,,,,,,,,,,,,,,,,,,,,,,,790.1751954555511,False
1737651081.3751872,2025-01-23 17:51:21,OTHER,PAUSE,,,,,,,,,,,,,,,,,,,,,,,,,,,,,,,,,,,,,,,790.3612060546875,False
1737651081.546197,2025-01-23 17:51:21,OTHER,PAUSE,,,,,,,,,,,,,,,,,,,,,,,,,,,,,,,,,,,,,,,790.5322158336639,False
1737651081.7252073,2025-01-23 17:51:21,OTHER,PAUSE,,,,,,,,,,,,,,,,,,,,,,,,,,,,,,,,,,,,,,,790.7112262248993,False
1737651081.911218,2025-01-23 17:51:21,OTHER,PAUSE,,,,,,,,,,,,,,,,,,,,,,,,,,,,,,,,,,,,,,,790.8972368240356,False
1737651082.0722272,2025-01-23 17:51:22,OTHER,PAUSE,,,,,,,,,,,,,,,,,,,,,,,,,,,,,,,,,,,,,,,791.0582461357117,False
1737651082.2332366,2025-01-23 17:51:22,OTHER,PAUSE,,,,,,,,,,,,,,,,,,,,,,,,,,,,,,,,,,,,,,,791.2192554473877,False
1737651082.4132466,2025-01-23 17:51:22,OTHER,PAUSE,,,,,,,,,,,,,,,,,,,,,,,,,,,,,,,,,,,,,,,791.3992655277252,False
1737651082.5962572,2025-01-23 17:51:22,OTHER,PAUSE,,,,,,,,,,,,,,,,,,,,,,,,,,,,,,,,,,,,,,,791.5822761058807,False
1737651082.7752674,2025-01-23 17:51:22,OTHER,PAUSE,,,,,,,,,,,,,,,,,,,,,,,,,,,,,,,,,,,,,,,791.7612862586975,False
1737651082.9362764,2025-01-23 17:51:22,OTHER,PAUSE,,,,,,,,,,,,,,,,,,,,,,,,,,,,,,,,,,,,,,,791.922295331955,False
1737651083.1082864,2025-01-23 17:51:23,OTHER,PAUSE,,,,,,,,,,,,,,,,,,,,,,,,,,,,,,,,,,,,,,,792.0943052768707,False
1737651083.2672956,2025-01-23 17:51:23,OTHER,PAUSE,,,,,,,,,,,,,,,,,,,,,,,,,,,,,,,,,,,,,,,792.2533144950867,False
1737651083.4263048,2025-01-23 17:51:23,OTHER,PAUSE,,,,,,,,,,,,,,,,,,,,,,,,,,,,,,,,,,,,,,,792.4123237133026,False
1737651083.6153154,2025-01-23 17:51:23,OTHER,PAUSE,,,,,,,,,,,,,,,,,,,,,,,,,,,,,,,,,,,,,,,792.6013343334198,False
1737651083.796326,2025-01-23 17:51:23,OTHER,PAUSE,,,,,,,,,,,,,,,,,,,,,,,,,,,,,,,,,,,,,,,792.7823448181152,False
1737651083.960335,2025-01-23 17:51:23,OTHER,PAUSE,,,,,,,,,,,,,,,,,,,,,,,,,,,,,,,,,,,,,,,792.9463539123535,False
1737651084.1403456,2025-01-23 17:51:24,OTHER,PAUSE,,,,,,,,,,,,,,,,,,,,,,,,,,,,,,,,,,,,,,,793.1263644695282,False
1737651084.3263562,2025-01-23 17:51:24,OTHER,PAUSE,,,,,,,,,,,,,,,,,,,,,,,,,,,,,,,,,,,,,,,793.3123750686646,False
1737651084.4943657,2025-01-23 17:51:24,OTHER,PAUSE,,,,,,,,,,,,,,,,,,,,,,,,,,,,,,,,,,,,,,,793.4803845882416,False
1737651084.6823764,2025-01-23 17:51:24,OTHER,PAUSE,,,,,,,,,,,,,,,,,,,,,,,,,,,,,,,,,,,,,,,793.668395280838,False
1737651084.8743875,2025-01-23 17:51:24,OTHER,PAUSE,,,,,,,,,,,,,,,,,,,,,,,,,,,,,,,,,,,,,,,793.8604063987732,False
1737651085.041397,2025-01-23 17:51:25,OTHER,PAUSE,,,,,,,,,,,,,,,,,,,,,,,,,,,,,,,,,,,,,,,794.0274159908295,False
1737651085.2184072,2025-01-23 17:51:25,OTHER,PAUSE,,,,,,,,,,,,,,,,,,,,,,,,,,,,,,,,,,,,,,,794.2044260501862,False
1737651085.3964174,2025-01-23 17:51:25,OTHER,PAUSE,,,,,,,,,,,,,,,,,,,,,,,,,,,,,,,,,,,,,,,794.3824362754822,False
1737651085.5934284,2025-01-23 17:51:25,OTHER,PAUSE,,,,,,,,,,,,,,,,,,,,,,,,,,,,,,,,,,,,,,,794.5794472694397,False
1737651085.7614381,2025-01-23 17:51:25,OTHER,PAUSE,,,,,,,,,,,,,,,,,,,,,,,,,,,,,,,,,,,,,,,794.7474570274353,False
1737651085.9344482,2025-01-23 17:51:25,OTHER,PAUSE,,,,,,,,,,,,,,,,,,,,,,,,,,,,,,,,,,,,,,,794.9204671382904,False
1737651086.108458,2025-01-23 17:51:26,OTHER,PAUSE,,,,,,,,,,,,,,,,,,,,,,,,,,,,,,,,,,,,,,,795.0944769382477,False
1737651086.2734673,2025-01-23 17:51:26,OTHER,PAUSE,,,,,,,,,,,,,,,,,,,,,,,,,,,,,,,,,,,,,,,795.2594861984253,False
1737651086.459478,2025-01-23 17:51:26,OTHER,PAUSE,,,,,,,,,,,,,,,,,,,,,,,,,,,,,,,,,,,,,,,795.4454967975616,False
1737651086.648489,2025-01-23 17:51:26,OTHER,PAUSE,,,,,,,,,,,,,,,,,,,,,,,,,,,,,,,,,,,,,,,795.634507894516,False
1737651086.807498,2025-01-23 17:51:26,OTHER,PAUSE,,,,,,,,,,,,,,,,,,,,,,,,,,,,,,,,,,,,,,,795.7935168743134,False
1737651087.0025094,2025-01-23 17:51:27,OTHER,PAUSE,,,,,,,,,,,,,,,,,,,,,,,,,,,,,,,,,,,,,,,795.988528251648,False
1737651087.19652,2025-01-23 17:51:27,OTHER,PAUSE,,,,,,,,,,,,,,,,,,,,,,,,,,,,,,,,,,,,,,,796.182538986206,False
1737651087.435534,2025-01-23 17:51:27,OTHER,PAUSE,,,,,,,,,,,,,,,,,,,,,,,,,,,,,,,,,,,,,,,796.4215528964996,False
1737651087.693549,2025-01-23 17:51:27,OTHER,PAUSE,,,,,,,,,,,,,,,,,,,,,,,,,,,,,,,,,,,,,,,796.6795678138733,False
1737651087.907561,2025-01-23 17:51:27,OTHER,PAUSE,,,,,,,,,,,,,,,,,,,,,,,,,,,,,,,,,,,,,,,796.8935799598694,False
1737651088.1585753,2025-01-23 17:51:28,OTHER,PAUSE,,,,,,,,,,,,,,,,,,,,,,,,,,,,,,,,,,,,,,,797.1445941925049,False
1737651088.3415859,2025-01-23 17:51:28,OTHER,PAUSE,,,,,,,,,,,,,,,,,,,,,,,,,,,,,,,,,,,,,,,797.3276047706604,False
1737651088.5145955,2025-01-23 17:51:28,OTHER,PAUSE,,,,,,,,,,,,,,,,,,,,,,,,,,,,,,,,,,,,,,,797.5006144046783,False
1737651088.7086067,2025-01-23 17:51:28,OTHER,PAUSE,,,,,,,,,,,,,,,,,,,,,,,,,,,,,,,,,,,,,,,797.6946256160736,False
1737651088.869616,2025-01-23 17:51:28,OTHER,PAUSE,,,,,,,,,,,,,,,,,,,,,,,,,,,,,,,,,,,,,,,797.8556349277496,False
1737651089.044626,2025-01-23 17:51:29,OTHER,PAUSE,,,,,,,,,,,,,,,,,,,,,,,,,,,,,,,,,,,,,,,798.0306448936462,False
1737651089.2426374,2025-01-23 17:51:29,OTHER,PAUSE,,,,,,,,,,,,,,,,,,,,,,,,,,,,,,,,,,,,,,,798.2286562919617,False
1737651089.4066467,2025-01-23 17:51:29,OTHER,PAUSE,,,,,,,,,,,,,,,,,,,,,,,,,,,,,,,,,,,,,,,798.3926656246185,False
1737651089.568656,2025-01-23 17:51:29,OTHER,PAUSE,,,,,,,,,,,,,,,,,,,,,,,,,,,,,,,,,,,,,,,798.5546748638153,False
1737651089.745666,2025-01-23 17:51:29,OTHER,PAUSE,,,,,,,,,,,,,,,,,,,,,,,,,,,,,,,,,,,,,,,798.731684923172,False
1737651089.9136758,2025-01-23 17:51:29,OTHER,PAUSE,,,,,,,,,,,,,,,,,,,,,,,,,,,,,,,,,,,,,,,798.8996946811676,False
1737651090.0846856,2025-01-23 17:51:30,OTHER,PAUSE,,,,,,,,,,,,,,,,,,,,,,,,,,,,,,,,,,,,,,,799.070704460144,False
1737651090.266696,2025-01-23 17:51:30,OTHER,PAUSE,,,,,,,,,,,,,,,,,,,,,,,,,,,,,,,,,,,,,,,799.2527148723602,False
1737651090.4497066,2025-01-23 17:51:30,OTHER,PAUSE,,,,,,,,,,,,,,,,,,,,,,,,,,,,,,,,,,,,,,,799.4357254505157,False
1737651090.6437173,2025-01-23 17:51:30,OTHER,PAUSE,,,,,,,,,,,,,,,,,,,,,,,,,,,,,,,,,,,,,,,799.6297361850739,False
1737651090.812727,2025-01-23 17:51:30,OTHER,PAUSE,,,,,,,,,,,,,,,,,,,,,,,,,,,,,,,,,,,,,,,799.7987458705902,False
1737651091.0067382,2025-01-23 17:51:31,OTHER,PAUSE,,,,,,,,,,,,,,,,,,,,,,,,,,,,,,,,,,,,,,,799.9927570819855,False
1737651091.1857486,2025-01-23 17:51:31,OTHER,PAUSE,,,,,,,,,,,,,,,,,,,,,,,,,,,,,,,,,,,,,,,800.1717674732208,False
1737651091.3427575,2025-01-23 17:51:31,OTHER,PAUSE,,,,,,,,,,,,,,,,,,,,,,,,,,,,,,,,,,,,,,,800.3287763595581,False
1737651091.547769,2025-01-23 17:51:31,OTHER,PAUSE,,,,,,,,,,,,,,,,,,,,,,,,,,,,,,,,,,,,,,,800.5337879657745,False
1737651091.7307796,2025-01-23 17:51:31,OTHER,PAUSE,,,,,,,,,,,,,,,,,,,,,,,,,,,,,,,,,,,,,,,800.71679854393,False
1737651091.9017894,2025-01-23 17:51:31,OTHER,PAUSE,,,,,,,,,,,,,,,,,,,,,,,,,,,,,,,,,,,,,,,800.8878083229065,False
1737651092.0908,2025-01-23 17:51:32,OTHER,PAUSE,,,,,,,,,,,,,,,,,,,,,,,,,,,,,,,,,,,,,,,801.0768189430237,False
1737651092.2768111,2025-01-23 17:51:32,OTHER,PAUSE,,,,,,,,,,,,,,,,,,,,,,,,,,,,,,,,,,,,,,,801.2628300189972,False
1737651092.4398203,2025-01-23 17:51:32,OTHER,PAUSE,,,,,,,,,,,,,,,,,,,,,,,,,,,,,,,,,,,,,,,801.4258391857147,False
1737651092.6318314,2025-01-23 17:51:32,OTHER,PAUSE,,,,,,,,,,,,,,,,,,,,,,,,,,,,,,,,,,,,,,,801.6178503036499,False
1737651092.8158417,2025-01-23 17:51:32,OTHER,PAUSE,,,,,,,,,,,,,,,,,,,,,,,,,,,,,,,,,,,,,,,801.8018605709076,False
1737651092.974851,2025-01-23 17:51:32,OTHER,PAUSE,,,,,,,,,,,,,,,,,,,,,,,,,,,,,,,,,,,,,,,801.9608697891235,False
1737651093.1738622,2025-01-23 17:51:33,OTHER,PAUSE,,,,,,,,,,,,,,,,,,,,,,,,,,,,,,,,,,,,,,,802.1598811149597,False
1737651093.3578727,2025-01-23 17:51:33,OTHER,PAUSE,,,,,,,,,,,,,,,,,,,,,,,,,,,,,,,,,,,,,,,802.343891620636,False
1737651093.520882,2025-01-23 17:51:33,OTHER,PAUSE,,,,,,,,,,,,,,,,,,,,,,,,,,,,,,,,,,,,,,,802.5069007873535,False
1737651093.712893,2025-01-23 17:51:33,OTHER,PAUSE,,,,,,,,,,,,,,,,,,,,,,,,,,,,,,,,,,,,,,,802.6989119052887,False
1737651093.8969035,2025-01-23 17:51:33,OTHER,PAUSE,,,,,,,,,,,,,,,,,,,,,,,,,,,,,,,,,,,,,,,802.882922410965,False
1737651094.0669134,2025-01-23 17:51:34,OTHER,PAUSE,,,,,,,,,,,,,,,,,,,,,,,,,,,,,,,,,,,,,,,803.0529322624207,False
1737651094.2659247,2025-01-23 17:51:34,OTHER,PAUSE,,,,,,,,,,,,,,,,,,,,,,,,,,,,,,,,,,,,,,,803.2519435882568,False
1737651094.4429348,2025-01-23 17:51:34,OTHER,PAUSE,,,,,,,,,,,,,,,,,,,,,,,,,,,,,,,,,,,,,,,803.4289536476135,False
1737651094.6119444,2025-01-23 17:51:34,OTHER,PAUSE,,,,,,,,,,,,,,,,,,,,,,,,,,,,,,,,,,,,,,,803.5979633331299,False
1737651094.8099558,2025-01-23 17:51:34,OTHER,PAUSE,,,,,,,,,,,,,,,,,,,,,,,,,,,,,,,,,,,,,,,803.7959747314453,False
1737651094.9829657,2025-01-23 17:51:34,OTHER,PAUSE,,,,,,,,,,,,,,,,,,,,,,,,,,,,,,,,,,,,,,,803.9689846038818,False
1737651095.162976,2025-01-23 17:51:35,OTHER,PAUSE,,,,,,,,,,,,,,,,,,,,,,,,,,,,,,,,,,,,,,,804.1489949226379,False
1737651095.354987,2025-01-23 17:51:35,OTHER,PAUSE,,,,,,,,,,,,,,,,,,,,,,,,,,,,,,,,,,,,,,,804.3410058021545,False
1737651095.5319972,2025-01-23 17:51:35,OTHER,PAUSE,,,,,,,,,,,,,,,,,,,,,,,,,,,,,,,,,,,,,,,804.5180160999298,False
1737651095.7000067,2025-01-23 17:51:35,OTHER,PAUSE,,,,,,,,,,,,,,,,,,,,,,,,,,,,,,,,,,,,,,,804.6860256195068,False
1737651095.8710165,2025-01-23 17:51:35,OTHER,PAUSE,,,,,,,,,,,,,,,,,,,,,,,,,,,,,,,,,,,,,,,804.8570353984833,False
1737651096.0460265,2025-01-23 17:51:36,OTHER,PAUSE,,,,,,,,,,,,,,,,,,,,,,,,,,,,,,,,,,,,,,,805.0320453643799,False
1737651096.2070355,2025-01-23 17:51:36,OTHER,PAUSE,,,,,,,,,,,,,,,,,,,,,,,,,,,,,,,,,,,,,,,805.1930544376373,False
1737651096.369045,2025-01-23 17:51:36,OTHER,PAUSE,,,,,,,,,,,,,,,,,,,,,,,,,,,,,,,,,,,,,,,805.3550639152527,False
1737651096.5640562,2025-01-23 17:51:36,OTHER,PAUSE,,,,,,,,,,,,,,,,,,,,,,,,,,,,,,,,,,,,,,,805.5500750541687,False
1737651096.7400663,2025-01-23 17:51:36,OTHER,PAUSE,,,,,,,,,,,,,,,,,,,,,,,,,,,,,,,,,,,,,,,805.7260851860046,False
1737651096.9000752,2025-01-23 17:51:36,OTHER,PAUSE,,,,,,,,,,,,,,,,,,,,,,,,,,,,,,,,,,,,,,,805.8860940933228,False
1737651097.1010866,2025-01-23 17:51:37,OTHER,PAUSE,,,,,,,,,,,,,,,,,,,,,,,,,,,,,,,,,,,,,,,806.087105512619,False
1737651097.2860975,2025-01-23 17:51:37,OTHER,PAUSE,,,,,,,,,,,,,,,,,,,,,,,,,,,,,,,,,,,,,,,806.2721164226532,False
1737651097.4881089,2025-01-23 17:51:37,OTHER,PAUSE,,,,,,,,,,,,,,,,,,,,,,,,,,,,,,,,,,,,,,,806.4741277694702,False
1737651097.664119,2025-01-23 17:51:37,OTHER,PAUSE,,,,,,,,,,,,,,,,,,,,,,,,,,,,,,,,,,,,,,,806.6501379013062,False
1737651097.8411293,2025-01-23 17:51:37,OTHER,PAUSE,,,,,,,,,,,,,,,,,,,,,,,,,,,,,,,,,,,,,,,806.8271481990814,False
1737651098.010139,2025-01-23 17:51:38,OTHER,PAUSE,,,,,,,,,,,,,,,,,,,,,,,,,,,,,,,,,,,,,,,806.9961578845978,False
1737651098.1951494,2025-01-23 17:51:38,OTHER,PAUSE,,,,,,,,,,,,,,,,,,,,,,,,,,,,,,,,,,,,,,,807.1811683177948,False
1737651098.3661592,2025-01-23 17:51:38,OTHER,PAUSE,,,,,,,,,,,,,,,,,,,,,,,,,,,,,,,,,,,,,,,807.3521780967712,False
1737651098.5481696,2025-01-23 17:51:38,OTHER,PAUSE,,,,,,,,,,,,,,,,,,,,,,,,,,,,,,,,,,,,,,,807.5341885089874,False
1737651098.7221797,2025-01-23 17:51:38,OTHER,PAUSE,,,,,,,,,,,,,,,,,,,,,,,,,,,,,,,,,,,,,,,807.7081985473633,False
1737651098.889189,2025-01-23 17:51:38,OTHER,PAUSE,,,,,,,,,,,,,,,,,,,,,,,,,,,,,,,,,,,,,,,807.875207901001,False
1737651099.0792,2025-01-23 17:51:39,OTHER,PAUSE,,,,,,,,,,,,,,,,,,,,,,,,,,,,,,,,,,,,,,,808.0652189254761,False
1737651099.2442093,2025-01-23 17:51:39,OTHER,PAUSE,,,,,,,,,,,,,,,,,,,,,,,,,,,,,,,,,,,,,,,808.2302281856537,False
1737651099.4352202,2025-01-23 17:51:39,OTHER,PAUSE,,,,,,,,,,,,,,,,,,,,,,,,,,,,,,,,,,,,,,,808.4212391376495,False
1737651099.625231,2025-01-23 17:51:39,OTHER,PAUSE,,,,,,,,,,,,,,,,,,,,,,,,,,,,,,,,,,,,,,,808.611249923706,False
1737651099.7882404,2025-01-23 17:51:39,OTHER,PAUSE,,,,,,,,,,,,,,,,,,,,,,,,,,,,,,,,,,,,,,,808.7742593288422,False
1737651099.972251,2025-01-23 17:51:39,OTHER,PAUSE,,,,,,,,,,,,,,,,,,,,,,,,,,,,,,,,,,,,,,,808.9582698345184,False
1737651100.1552615,2025-01-23 17:51:40,OTHER,PAUSE,,,,,,,,,,,,,,,,,,,,,,,,,,,,,,,,,,,,,,,809.141280412674,False
1737651100.3272715,2025-01-23 17:51:40,OTHER,PAUSE,,,,,,,,,,,,,,,,,,,,,,,,,,,,,,,,,,,,,,,809.3132903575897,False
1737651100.531283,2025-01-23 17:51:40,OTHER,PAUSE,,,,,,,,,,,,,,,,,,,,,,,,,,,,,,,,,,,,,,,809.5173017978668,False
1737651100.7102933,2025-01-23 17:51:40,OTHER,PAUSE,,,,,,,,,,,,,,,,,,,,,,,,,,,,,,,,,,,,,,,809.6963121891022,False
1737651100.8713024,2025-01-23 17:51:40,OTHER,PAUSE,,,,,,,,,,,,,,,,,,,,,,,,,,,,,,,,,,,,,,,809.8573212623596,False
1737651101.0683136,2025-01-23 17:51:41,OTHER,PAUSE,,,,,,,,,,,,,,,,,,,,,,,,,,,,,,,,,,,,,,,810.0543324947357,False
1737651101.252324,2025-01-23 17:51:41,OTHER,PAUSE,,,,,,,,,,,,,,,,,,,,,,,,,,,,,,,,,,,,,,,810.238343000412,False
1737651101.4093332,2025-01-23 17:51:41,OTHER,PAUSE,,,,,,,,,,,,,,,,,,,,,,,,,,,,,,,,,,,,,,,810.3953521251678,False
1737651101.6113448,2025-01-23 17:51:41,OTHER,PAUSE,,,,,,,,,,,,,,,,,,,,,,,,,,,,,,,,,,,,,,,810.5973637104034,False
1737651101.7983553,2025-01-23 17:51:41,OTHER,PAUSE,,,,,,,,,,,,,,,,,,,,,,,,,,,,,,,,,,,,,,,810.7843742370605,False
1737651101.9603648,2025-01-23 17:51:41,OTHER,PAUSE,,,,,,,,,,,,,,,,,,,,,,,,,,,,,,,,,,,,,,,810.9463837146759,False
1737651102.1473753,2025-01-23 17:51:42,OTHER,PAUSE,,,,,,,,,,,,,,,,,,,,,,,,,,,,,,,,,,,,,,,811.133394241333,False
1737651102.3393865,2025-01-23 17:51:42,OTHER,PAUSE,,,,,,,,,,,,,,,,,,,,,,,,,,,,,,,,,,,,,,,811.3254053592682,False
1737651102.5083961,2025-01-23 17:51:42,OTHER,PAUSE,,,,,,,,,,,,,,,,,,,,,,,,,,,,,,,,,,,,,,,811.4944150447845,False
1737651102.700407,2025-01-23 17:51:42,OTHER,PAUSE,,,,,,,,,,,,,,,,,,,,,,,,,,,,,,,,,,,,,,,811.6864259243011,False
1737651102.8794174,2025-01-23 17:51:42,OTHER,PAUSE,,,,,,,,,,,,,,,,,,,,,,,,,,,,,,,,,,,,,,,811.8654363155365,False
1737651103.0534272,2025-01-23 17:51:43,OTHER,PAUSE,,,,,,,,,,,,,,,,,,,,,,,,,,,,,,,,,,,,,,,812.0394461154938,False
1737651103.242438,2025-01-23 17:51:43,OTHER,PAUSE,,,,,,,,,,,,,,,,,,,,,,,,,,,,,,,,,,,,,,,812.2284569740295,False
1737651103.4934523,2025-01-23 17:51:43,OTHER,PAUSE,,,,,,,,,,,,,,,,,,,,,,,,,,,,,,,,,,,,,,,812.479471206665,False
1737651103.7434669,2025-01-23 17:51:43,OTHER,PAUSE,,,,,,,,,,,,,,,,,,,,,,,,,,,,,,,,,,,,,,,812.7294857501984,False
1737651103.97848,2025-01-23 17:51:43,OTHER,PAUSE,,,,,,,,,,,,,,,,,,,,,,,,,,,,,,,,,,,,,,,812.9644989967346,False
1737651104.2104933,2025-01-23 17:51:44,OTHER,PAUSE,,,,,,,,,,,,,,,,,,,,,,,,,,,,,,,,,,,,,,,813.19651222229,False
1737651104.4035044,2025-01-23 17:51:44,OTHER,PAUSE,,,,,,,,,,,,,,,,,,,,,,,,,,,,,,,,,,,,,,,813.389523267746,False
1737651104.585515,2025-01-23 17:51:44,OTHER,PAUSE,,,,,,,,,,,,,,,,,,,,,,,,,,,,,,,,,,,,,,,813.5715339183807,False
1737651104.763525,2025-01-23 17:51:44,OTHER,PAUSE,,,,,,,,,,,,,,,,,,,,,,,,,,,,,,,,,,,,,,,813.7495439052582,False
1737651104.9435353,2025-01-23 17:51:44,OTHER,PAUSE,,,,,,,,,,,,,,,,,,,,,,,,,,,,,,,,,,,,,,,813.9295542240143,False
1737651105.1075447,2025-01-23 17:51:45,OTHER,PAUSE,,,,,,,,,,,,,,,,,,,,,,,,,,,,,,,,,,,,,,,814.0935635566711,False
1737651105.273554,2025-01-23 17:51:45,OTHER,PAUSE,,,,,,,,,,,,,,,,,,,,,,,,,,,,,,,,,,,,,,,814.2595729827881,False
1737651105.4355636,2025-01-23 17:51:45,OTHER,PAUSE,,,,,,,,,,,,,,,,,,,,,,,,,,,,,,,,,,,,,,,814.4215824604034,False
1737651105.6295745,2025-01-23 17:51:45,OTHER,PAUSE,,,,,,,,,,,,,,,,,,,,,,,,,,,,,,,,,,,,,,,814.6155934333801,False
1737651105.8005846,2025-01-23 17:51:45,OTHER,PAUSE,,,,,,,,,,,,,,,,,,,,,,,,,,,,,,,,,,,,,,,814.7866034507751,False
1737651105.9775946,2025-01-23 17:51:45,OTHER,PAUSE,,,,,,,,,,,,,,,,,,,,,,,,,,,,,,,,,,,,,,,814.9636135101318,False
1737651106.1716056,2025-01-23 17:51:46,OTHER,PAUSE,,,,,,,,,,,,,,,,,,,,,,,,,,,,,,,,,,,,,,,815.1576244831085,False
1737651106.3496158,2025-01-23 17:51:46,OTHER,PAUSE,,,,,,,,,,,,,,,,,,,,,,,,,,,,,,,,,,,,,,,815.3356347084045,False
1737651106.5156252,2025-01-23 17:51:46,OTHER,PAUSE,,,,,,,,,,,,,,,,,,,,,,,,,,,,,,,,,,,,,,,815.5016441345215,False
1737651106.705636,2025-01-23 17:51:46,OTHER,PAUSE,,,,,,,,,,,,,,,,,,,,,,,,,,,,,,,,,,,,,,,815.691654920578,False
1737651106.8756459,2025-01-23 17:51:46,OTHER,PAUSE,,,,,,,,,,,,,,,,,,,,,,,,,,,,,,,,,,,,,,,815.8616647720337,False
1737651107.0446556,2025-01-23 17:51:47,OTHER,PAUSE,,,,,,,,,,,,,,,,,,,,,,,,,,,,,,,,,,,,,,,816.03067445755,False
1737651107.2406669,2025-01-23 17:51:47,OTHER,PAUSE,,,,,,,,,,,,,,,,,,,,,,,,,,,,,,,,,,,,,,,816.2266857624054,False
1737651107.4176767,2025-01-23 17:51:47,OTHER,PAUSE,,,,,,,,,,,,,,,,,,,,,,,,,,,,,,,,,,,,,,,816.4036955833435,False
1737651107.5846863,2025-01-23 17:51:47,OTHER,PAUSE,,,,,,,,,,,,,,,,,,,,,,,,,,,,,,,,,,,,,,,816.5707051753998,False
1737651107.7796977,2025-01-23 17:51:47,OTHER,PAUSE,,,,,,,,,,,,,,,,,,,,,,,,,,,,,,,,,,,,,,,816.7657165527344,False
1737651107.957708,2025-01-23 17:51:47,OTHER,PAUSE,,,,,,,,,,,,,,,,,,,,,,,,,,,,,,,,,,,,,,,816.9437267780304,False
1737651108.1257174,2025-01-23 17:51:48,OTHER,PAUSE,,,,,,,,,,,,,,,,,,,,,,,,,,,,,,,,,,,,,,,817.1117362976074,False
1737651108.3207285,2025-01-23 17:51:48,OTHER,PAUSE,,,,,,,,,,,,,,,,,,,,,,,,,,,,,,,,,,,,,,,817.3067474365234,False
1737651108.5007389,2025-01-23 17:51:48,OTHER,PAUSE,,,,,,,,,,,,,,,,,,,,,,,,,,,,,,,,,,,,,,,817.4867577552795,False
1737651108.6707487,2025-01-23 17:51:48,OTHER,PAUSE,,,,,,,,,,,,,,,,,,,,,,,,,,,,,,,,,,,,,,,817.6567676067352,False
1737651108.8807607,2025-01-23 17:51:48,OTHER,PAUSE,,,,,,,,,,,,,,,,,,,,,,,,,,,,,,,,,,,,,,,817.8667795658112,False
1737651109.0537705,2025-01-23 17:51:49,OTHER,PAUSE,,,,,,,,,,,,,,,,,,,,,,,,,,,,,,,,,,,,,,,818.0397894382477,False
1737651109.2157795,2025-01-23 17:51:49,OTHER,PAUSE,,,,,,,,,,,,,,,,,,,,,,,,,,,,,,,,,,,,,,,818.2017984390259,False
1737651109.3877895,2025-01-23 17:51:49,OTHER,PAUSE,,,,,,,,,,,,,,,,,,,,,,,,,,,,,,,,,,,,,,,818.3738083839417,False
1737651109.5988016,2025-01-23 17:51:49,OTHER,PAUSE,,,,,,,,,,,,,,,,,,,,,,,,,,,,,,,,,,,,,,,818.5848205089569,False
1737651109.7728114,2025-01-23 17:51:49,OTHER,PAUSE,,,,,,,,,,,,,,,,,,,,,,,,,,,,,,,,,,,,,,,818.7588303089142,False
1737651109.952822,2025-01-23 17:51:49,OTHER,PAUSE,,,,,,,,,,,,,,,,,,,,,,,,,,,,,,,,,,,,,,,818.9388408660889,False
1737651110.1388323,2025-01-23 17:51:50,OTHER,PAUSE,,,,,,,,,,,,,,,,,,,,,,,,,,,,,,,,,,,,,,,819.1248512268066,False
1737651110.3158426,2025-01-23 17:51:50,OTHER,PAUSE,,,,,,,,,,,,,,,,,,,,,,,,,,,,,,,,,,,,,,,819.3018615245819,False
1737651110.4938526,2025-01-23 17:51:50,OTHER,PAUSE,,,,,,,,,,,,,,,,,,,,,,,,,,,,,,,,,,,,,,,819.4798715114594,False
1737651110.672863,2025-01-23 17:51:50,OTHER,PAUSE,,,,,,,,,,,,,,,,,,,,,,,,,,,,,,,,,,,,,,,819.6588819026947,False
1737651110.8548737,2025-01-23 17:51:50,OTHER,PAUSE,,,,,,,,,,,,,,,,,,,,,,,,,,,,,,,,,,,,,,,819.8408925533295,False
1737651111.0218828,2025-01-23 17:51:51,OTHER,PAUSE,,,,,,,,,,,,,,,,,,,,,,,,,,,,,,,,,,,,,,,820.0079016685486,False
1737651111.228895,2025-01-23 17:51:51,OTHER,PAUSE,,,,,,,,,,,,,,,,,,,,,,,,,,,,,,,,,,,,,,,820.2149138450623,False
1737651111.4189055,2025-01-23 17:51:51,OTHER,PAUSE,,,,,,,,,,,,,,,,,,,,,,,,,,,,,,,,,,,,,,,820.4049243927002,False
1737651111.5849152,2025-01-23 17:51:51,OTHER,PAUSE,,,,,,,,,,,,,,,,,,,,,,,,,,,,,,,,,,,,,,,820.5709340572357,False
1737651111.789927,2025-01-23 17:51:51,OTHER,PAUSE,,,,,,,,,,,,,,,,,,,,,,,,,,,,,,,,,,,,,,,820.7759459018707,False
1737651111.980938,2025-01-23 17:51:51,OTHER,PAUSE,,,,,,,,,,,,,,,,,,,,,,,,,,,,,,,,,,,,,,,820.9669568538666,False
1737651112.1539478,2025-01-23 17:51:52,OTHER,PAUSE,,,,,,,,,,,,,,,,,,,,,,,,,,,,,,,,,,,,,,,821.1399667263031,False
1737651112.3369582,2025-01-23 17:51:52,OTHER,PAUSE,,,,,,,,,,,,,,,,,,,,,,,,,,,,,,,,,,,,,,,821.32297706604,False
1737651112.5109682,2025-01-23 17:51:52,OTHER,PAUSE,,,,,,,,,,,,,,,,,,,,,,,,,,,,,,,,,,,,,,,821.4969871044159,False
1737651112.7239802,2025-01-23 17:51:52,OTHER,PAUSE,,,,,,,,,,,,,,,,,,,,,,,,,,,,,,,,,,,,,,,821.7099990844727,False
1737651112.9319923,2025-01-23 17:51:52,OTHER,PAUSE,,,,,,,,,,,,,,,,,,,,,,,,,,,,,,,,,,,,,,,821.9180111885071,False
1737651113.121003,2025-01-23 17:51:53,OTHER,PAUSE,,,,,,,,,,,,,,,,,,,,,,,,,,,,,,,,,,,,,,,822.1070218086243,False
1737651113.2920127,2025-01-23 17:51:53,OTHER,PAUSE,,,,,,,,,,,,,,,,,,,,,,,,,,,,,,,,,,,,,,,822.2780315876007,False
1737651113.4940245,2025-01-23 17:51:53,OTHER,PAUSE,,,,,,,,,,,,,,,,,,,,,,,,,,,,,,,,,,,,,,,822.4800434112549,False
1737651113.6870353,2025-01-23 17:51:53,OTHER,PAUSE,,,,,,,,,,,,,,,,,,,,,,,,,,,,,,,,,,,,,,,822.6730542182922,False
1737651113.872046,2025-01-23 17:51:53,OTHER,PAUSE,,,,,,,,,,,,,,,,,,,,,,,,,,,,,,,,,,,,,,,822.8580648899078,False
1737651114.065057,2025-01-23 17:51:54,OTHER,PAUSE,,,,,,,,,,,,,,,,,,,,,,,,,,,,,,,,,,,,,,,823.0510759353638,False
1737651114.2320666,2025-01-23 17:51:54,OTHER,PAUSE,,,,,,,,,,,,,,,,,,,,,,,,,,,,,,,,,,,,,,,823.21808552742,False
1737651114.4050765,2025-01-23 17:51:54,OTHER,PAUSE,,,,,,,,,,,,,,,,,,,,,,,,,,,,,,,,,,,,,,,823.3910953998566,False
1737651114.5900872,2025-01-23 17:51:54,OTHER,PAUSE,,,,,,,,,,,,,,,,,,,,,,,,,,,,,,,,,,,,,,,823.5761060714722,False
1737651114.7780979,2025-01-23 17:51:54,OTHER,PAUSE,,,,,,,,,,,,,,,,,,,,,,,,,,,,,,,,,,,,,,,823.7641167640686,False
1737651114.9411073,2025-01-23 17:51:54,OTHER,PAUSE,,,,,,,,,,,,,,,,,,,,,,,,,,,,,,,,,,,,,,,823.9271261692047,False
1737651115.1361182,2025-01-23 17:51:55,OTHER,PAUSE,,,,,,,,,,,,,,,,,,,,,,,,,,,,,,,,,,,,,,,824.1221370697021,False
1737651115.322129,2025-01-23 17:51:55,OTHER,PAUSE,,,,,,,,,,,,,,,,,,,,,,,,,,,,,,,,,,,,,,,824.3081479072571,False
1737651115.4821382,2025-01-23 17:51:55,OTHER,PAUSE,,,,,,,,,,,,,,,,,,,,,,,,,,,,,,,,,,,,,,,824.4681570529938,False
1737651115.6791494,2025-01-23 17:51:55,OTHER,PAUSE,,,,,,,,,,,,,,,,,,,,,,,,,,,,,,,,,,,,,,,824.6651682853699,False
1737651115.8541594,2025-01-23 17:51:55,OTHER,PAUSE,,,,,,,,,,,,,,,,,,,,,,,,,,,,,,,,,,,,,,,824.8401782512665,False
1737651116.0431702,2025-01-23 17:51:56,OTHER,PAUSE,,,,,,,,,,,,,,,,,,,,,,,,,,,,,,,,,,,,,,,825.0291891098022,False
1737651116.2381814,2025-01-23 17:51:56,OTHER,PAUSE,,,,,,,,,,,,,,,,,,,,,,,,,,,,,,,,,,,,,,,825.2242002487183,False
1737651116.4001908,2025-01-23 17:51:56,OTHER,PAUSE,,,,,,,,,,,,,,,,,,,,,,,,,,,,,,,,,,,,,,,825.3862097263336,False
1737651116.5662,2025-01-23 17:51:56,OTHER,PAUSE,,,,,,,,,,,,,,,,,,,,,,,,,,,,,,,,,,,,,,,825.552218914032,False
1737651116.7452104,2025-01-23 17:51:56,OTHER,PAUSE,,,,,,,,,,,,,,,,,,,,,,,,,,,,,,,,,,,,,,,825.7312293052673,False
1737651116.9362211,2025-01-23 17:51:56,OTHER,PAUSE,,,,,,,,,,,,,,,,,,,,,,,,,,,,,,,,,,,,,,,825.9222400188446,False
1737651117.1222317,2025-01-23 17:51:57,OTHER,PAUSE,,,,,,,,,,,,,,,,,,,,,,,,,,,,,,,,,,,,,,,826.108250617981,False
1737651117.299242,2025-01-23 17:51:57,OTHER,PAUSE,,,,,,,,,,,,,,,,,,,,,,,,,,,,,,,,,,,,,,,826.2852609157562,False
1737651117.474252,2025-01-23 17:51:57,OTHER,PAUSE,,,,,,,,,,,,,,,,,,,,,,,,,,,,,,,,,,,,,,,826.4602708816528,False
1737651117.6402617,2025-01-23 17:51:57,OTHER,PAUSE,,,,,,,,,,,,,,,,,,,,,,,,,,,,,,,,,,,,,,,826.6262805461884,False
1737651117.8022707,2025-01-23 17:51:57,OTHER,PAUSE,,,,,,,,,,,,,,,,,,,,,,,,,,,,,,,,,,,,,,,826.7882895469666,False
1737651118.0132828,2025-01-23 17:51:58,OTHER,PAUSE,,,,,,,,,,,,,,,,,,,,,,,,,,,,,,,,,,,,,,,826.9993016719818,False
1737651118.2032938,2025-01-23 17:51:58,OTHER,PAUSE,,,,,,,,,,,,,,,,,,,,,,,,,,,,,,,,,,,,,,,827.1893126964569,False
1737651118.3673031,2025-01-23 17:51:58,OTHER,PAUSE,,,,,,,,,,,,,,,,,,,,,,,,,,,,,,,,,,,,,,,827.3533220291138,False
1737651118.5643144,2025-01-23 17:51:58,OTHER,PAUSE,,,,,,,,,,,,,,,,,,,,,,,,,,,,,,,,,,,,,,,827.5503332614899,False
1737651118.7583256,2025-01-23 17:51:58,OTHER,PAUSE,,,,,,,,,,,,,,,,,,,,,,,,,,,,,,,,,,,,,,,827.7443444728851,False
1737651118.9273353,2025-01-23 17:51:58,OTHER,PAUSE,,,,,,,,,,,,,,,,,,,,,,,,,,,,,,,,,,,,,,,827.9133541584015,False
1737651119.136347,2025-01-23 17:51:59,OTHER,PAUSE,,,,,,,,,,,,,,,,,,,,,,,,,,,,,,,,,,,,,,,828.1223659515381,False
1737651119.341359,2025-01-23 17:51:59,OTHER,PAUSE,,,,,,,,,,,,,,,,,,,,,,,,,,,,,,,,,,,,,,,828.3273777961731,False
1737651119.5763721,2025-01-23 17:51:59,OTHER,PAUSE,,,,,,,,,,,,,,,,,,,,,,,,,,,,,,,,,,,,,,,828.5623910427094,False
1737651119.8013852,2025-01-23 17:51:59,OTHER,PAUSE,,,,,,,,,,,,,,,,,,,,,,,,,,,,,,,,,,,,,,,828.7874040603638,False
1737651120.0183978,2025-01-23 17:52:00,OTHER,PAUSE,,,,,,,,,,,,,,,,,,,,,,,,,,,,,,,,,,,,,,,829.0044167041779,False
1737651120.272412,2025-01-23 17:52:00,OTHER,PAUSE,,,,,,,,,,,,,,,,,,,,,,,,,,,,,,,,,,,,,,,829.2584309577942,False
1737651120.4364214,2025-01-23 17:52:00,OTHER,PAUSE,,,,,,,,,,,,,,,,,,,,,,,,,,,,,,,,,,,,,,,829.422440290451,False
1737651120.6174319,2025-01-23 17:52:00,OTHER,PAUSE,,,,,,,,,,,,,,,,,,,,,,,,,,,,,,,,,,,,,,,829.6034507751465,False
1737651120.8204434,2025-01-23 17:52:00,OTHER,PAUSE,,,,,,,,,,,,,,,,,,,,,,,,,,,,,,,,,,,,,,,829.8064622879028,False
1737651121.0124545,2025-01-23 17:52:01,OTHER,PAUSE,,,,,,,,,,,,,,,,,,,,,,,,,,,,,,,,,,,,,,,829.998473405838,False
1737651121.1904645,2025-01-23 17:52:01,OTHER,PAUSE,,,,,,,,,,,,,,,,,,,,,,,,,,,,,,,,,,,,,,,830.1764833927155,False
1737651121.387476,2025-01-23 17:52:01,OTHER,PAUSE,,,,,,,,,,,,,,,,,,,,,,,,,,,,,,,,,,,,,,,830.3734948635101,False
1737651121.5764866,2025-01-23 17:52:01,OTHER,PAUSE,,,,,,,,,,,,,,,,,,,,,,,,,,,,,,,,,,,,,,,830.5625054836273,False
1737651121.738496,2025-01-23 17:52:01,OTHER,PAUSE,,,,,,,,,,,,,,,,,,,,,,,,,,,,,,,,,,,,,,,830.7245149612427,False
1737651121.9295068,2025-01-23 17:52:01,OTHER,PAUSE,,,,,,,,,,,,,,,,,,,,,,,,,,,,,,,,,,,,,,,830.91552567482,False
1737651122.1095173,2025-01-23 17:52:02,OTHER,PAUSE,,,,,,,,,,,,,,,,,,,,,,,,,,,,,,,,,,,,,,,831.0955362319946,False
1737651122.278527,2025-01-23 17:52:02,OTHER,PAUSE,,,,,,,,,,,,,,,,,,,,,,,,,,,,,,,,,,,,,,,831.264545917511,False
1737651122.4635375,2025-01-23 17:52:02,OTHER,PAUSE,,,,,,,,,,,,,,,,,,,,,,,,,,,,,,,,,,,,,,,831.449556350708,False
1737651122.6375475,2025-01-23 17:52:02,OTHER,PAUSE,,,,,,,,,,,,,,,,,,,,,,,,,,,,,,,,,,,,,,,831.6235663890839,False
1737651122.8105571,2025-01-23 17:52:02,OTHER,PAUSE,,,,,,,,,,,,,,,,,,,,,,,,,,,,,,,,,,,,,,,831.7965760231018,False
1737651122.978567,2025-01-23 17:52:02,OTHER,PAUSE,,,,,,,,,,,,,,,,,,,,,,,,,,,,,,,,,,,,,,,831.9645857810974,False
1737651123.1805785,2025-01-23 17:52:03,OTHER,PAUSE,,,,,,,,,,,,,,,,,,,,,,,,,,,,,,,,,,,,,,,832.166597366333,False
1737651123.362589,2025-01-23 17:52:03,OTHER,PAUSE,,,,,,,,,,,,,,,,,,,,,,,,,,,,,,,,,,,,,,,832.3486077785492,False
1737651123.5315986,2025-01-23 17:52:03,OTHER,PAUSE,,,,,,,,,,,,,,,,,,,,,,,,,,,,,,,,,,,,,,,832.5176174640656,False
1737651123.7016082,2025-01-23 17:52:03,OTHER,PAUSE,,,,,,,,,,,,,,,,,,,,,,,,,,,,,,,,,,,,,,,832.6876270771027,False
1737651123.8686178,2025-01-23 17:52:03,OTHER,PAUSE,,,,,,,,,,,,,,,,,,,,,,,,,,,,,,,,,,,,,,,832.8546366691589,False
1737651124.031627,2025-01-23 17:52:04,OTHER,PAUSE,,,,,,,,,,,,,,,,,,,,,,,,,,,,,,,,,,,,,,,833.0176458358765,False
1737651124.240639,2025-01-23 17:52:04,OTHER,PAUSE,,,,,,,,,,,,,,,,,,,,,,,,,,,,,,,,,,,,,,,833.2266578674316,False
1737651124.4246497,2025-01-23 17:52:04,OTHER,PAUSE,,,,,,,,,,,,,,,,,,,,,,,,,,,,,,,,,,,,,,,833.4106686115265,False
1737651124.6156604,2025-01-23 17:52:04,OTHER,PAUSE,,,,,,,,,,,,,,,,,,,,,,,,,,,,,,,,,,,,,,,833.6016793251038,False
1737651124.7946708,2025-01-23 17:52:04,OTHER,PAUSE,,,,,,,,,,,,,,,,,,,,,,,,,,,,,,,,,,,,,,,833.7806897163391,False
1737651124.972681,2025-01-23 17:52:04,OTHER,PAUSE,,,,,,,,,,,,,,,,,,,,,,,,,,,,,,,,,,,,,,,833.9586999416351,False
1737651125.149691,2025-01-23 17:52:05,OTHER,PAUSE,,,,,,,,,,,,,,,,,,,,,,,,,,,,,,,,,,,,,,,834.1357100009918,False
1737651125.3487024,2025-01-23 17:52:05,OTHER,PAUSE,,,,,,,,,,,,,,,,,,,,,,,,,,,,,,,,,,,,,,,834.334721326828,False
1737651125.5357132,2025-01-23 17:52:05,OTHER,PAUSE,,,,,,,,,,,,,,,,,,,,,,,,,,,,,,,,,,,,,,,834.5217320919037,False
1737651125.7037227,2025-01-23 17:52:05,OTHER,PAUSE,,,,,,,,,,,,,,,,,,,,,,,,,,,,,,,,,,,,,,,834.6897416114807,False
1737651125.9177349,2025-01-23 17:52:05,OTHER,PAUSE,,,,,,,,,,,,,,,,,,,,,,,,,,,,,,,,,,,,,,,834.9037537574768,False
1737651126.0977454,2025-01-23 17:52:06,OTHER,PAUSE,,,,,,,,,,,,,,,,,,,,,,,,,,,,,,,,,,,,,,,835.0837643146515,False
1737651126.2877562,2025-01-23 17:52:06,OTHER,PAUSE,,,,,,,,,,,,,,,,,,,,,,,,,,,,,,,,,,,,,,,835.273775100708,False
1737651126.4797673,2025-01-23 17:52:06,OTHER,PAUSE,,,,,,,,,,,,,,,,,,,,,,,,,,,,,,,,,,,,,,,835.4657862186432,False
1737651126.6537771,2025-01-23 17:52:06,OTHER,PAUSE,,,,,,,,,,,,,,,,,,,,,,,,,,,,,,,,,,,,,,,835.6397960186005,False
1737651126.8167865,2025-01-23 17:52:06,OTHER,PAUSE,,,,,,,,,,,,,,,,,,,,,,,,,,,,,,,,,,,,,,,835.8028054237366,False
1737651127.0117974,2025-01-23 17:52:07,OTHER,PAUSE,,,,,,,,,,,,,,,,,,,,,,,,,,,,,,,,,,,,,,,835.997816324234,False
1737651127.2238097,2025-01-23 17:52:07,OTHER,PAUSE,,,,,,,,,,,,,,,,,,,,,,,,,,,,,,,,,,,,,,,836.2098286151886,False
1737651127.3908193,2025-01-23 17:52:07,OTHER,PAUSE,,,,,,,,,,,,,,,,,,,,,,,,,,,,,,,,,,,,,,,836.3768382072449,False
1737651127.5778298,2025-01-23 17:52:07,OTHER,PAUSE,,,,,,,,,,,,,,,,,,,,,,,,,,,,,,,,,,,,,,,836.563848733902,False
1737651127.7448394,2025-01-23 17:52:07,OTHER,PAUSE,,,,,,,,,,,,,,,,,,,,,,,,,,,,,,,,,,,,,,,836.7308583259583,False
1737651127.913849,2025-01-23 17:52:07,OTHER,PAUSE,,,,,,,,,,,,,,,,,,,,,,,,,,,,,,,,,,,,,,,836.8998680114746,False
1737651128.086859,2025-01-23 17:52:08,OTHER,PAUSE,,,,,,,,,,,,,,,,,,,,,,,,,,,,,,,,,,,,,,,837.0728778839111,False
1737651128.2568688,2025-01-23 17:52:08,OTHER,PAUSE,,,,,,,,,,,,,,,,,,,,,,,,,,,,,,,,,,,,,,,837.2428877353668,False
1737651128.433879,2025-01-23 17:52:08,OTHER,PAUSE,,,,,,,,,,,,,,,,,,,,,,,,,,,,,,,,,,,,,,,837.4198977947235,False
1737651128.6398907,2025-01-23 17:52:08,OTHER,PAUSE,,,,,,,,,,,,,,,,,,,,,,,,,,,,,,,,,,,,,,,837.6259095668793,False
1737651128.8019001,2025-01-23 17:52:08,OTHER,PAUSE,,,,,,,,,,,,,,,,,,,,,,,,,,,,,,,,,,,,,,,837.7879190444946,False
1737651128.9709096,2025-01-23 17:52:08,OTHER,PAUSE,,,,,,,,,,,,,,,,,,,,,,,,,,,,,,,,,,,,,,,837.9569284915924,False
1737651129.1629207,2025-01-23 17:52:09,OTHER,PAUSE,,,,,,,,,,,,,,,,,,,,,,,,,,,,,,,,,,,,,,,838.1489396095276,False
1737651129.361932,2025-01-23 17:52:09,OTHER,PAUSE,,,,,,,,,,,,,,,,,,,,,,,,,,,,,,,,,,,,,,,838.3479509353638,False
1737651129.538942,2025-01-23 17:52:09,OTHER,PAUSE,,,,,,,,,,,,,,,,,,,,,,,,,,,,,,,,,,,,,,,838.5249609947205,False
1737651129.7169523,2025-01-23 17:52:09,OTHER,PAUSE,,,,,,,,,,,,,,,,,,,,,,,,,,,,,,,,,,,,,,,838.7029712200165,False
1737651129.883962,2025-01-23 17:52:09,OTHER,PAUSE,,,,,,,,,,,,,,,,,,,,,,,,,,,,,,,,,,,,,,,838.8699808120728,False
1737651130.0559716,2025-01-23 17:52:10,OTHER,PAUSE,,,,,,,,,,,,,,,,,,,,,,,,,,,,,,,,,,,,,,,839.04199051857,False
1737651130.2239814,2025-01-23 17:52:10,OTHER,PAUSE,,,,,,,,,,,,,,,,,,,,,,,,,,,,,,,,,,,,,,,839.2100002765656,False
1737651130.3949912,2025-01-23 17:52:10,OTHER,PAUSE,,,,,,,,,,,,,,,,,,,,,,,,,,,,,,,,,,,,,,,839.381010055542,False
1737651130.568001,2025-01-23 17:52:10,OTHER,PAUSE,,,,,,,,,,,,,,,,,,,,,,,,,,,,,,,,,,,,,,,839.5540199279785,False
1737651130.7370107,2025-01-23 17:52:10,OTHER,PAUSE,,,,,,,,,,,,,,,,,,,,,,,,,,,,,,,,,,,,,,,839.7230296134949,False
1737651130.933022,2025-01-23 17:52:10,OTHER,PAUSE,,,,,,,,,,,,,,,,,,,,,,,,,,,,,,,,,,,,,,,839.9190409183502,False
1737651131.1030316,2025-01-23 17:52:11,OTHER,PAUSE,,,,,,,,,,,,,,,,,,,,,,,,,,,,,,,,,,,,,,,840.0890505313873,False
1737651131.2660408,2025-01-23 17:52:11,OTHER,PAUSE,,,,,,,,,,,,,,,,,,,,,,,,,,,,,,,,,,,,,,,840.2520596981049,False
1737651131.474053,2025-01-23 17:52:11,OTHER,PAUSE,,,,,,,,,,,,,,,,,,,,,,,,,,,,,,,,,,,,,,,840.4600718021393,False
1737651131.6710641,2025-01-23 17:52:11,OTHER,PAUSE,,,,,,,,,,,,,,,,,,,,,,,,,,,,,,,,,,,,,,,840.6570830345154,False
1737651131.8360734,2025-01-23 17:52:11,OTHER,PAUSE,,,,,,,,,,,,,,,,,,,,,,,,,,,,,,,,,,,,,,,840.822092294693,False
1737651132.0410852,2025-01-23 17:52:12,OTHER,PAUSE,,,,,,,,,,,,,,,,,,,,,,,,,,,,,,,,,,,,,,,841.027104139328,False
1737651132.223096,2025-01-23 17:52:12,OTHER,PAUSE,,,,,,,,,,,,,,,,,,,,,,,,,,,,,,,,,,,,,,,841.2091147899628,False
1737651132.3881052,2025-01-23 17:52:12,OTHER,PAUSE,,,,,,,,,,,,,,,,,,,,,,,,,,,,,,,,,,,,,,,841.3741240501404,False
1737651132.5891166,2025-01-23 17:52:12,OTHER,PAUSE,,,,,,,,,,,,,,,,,,,,,,,,,,,,,,,,,,,,,,,841.5751354694366,False
1737651132.771127,2025-01-23 17:52:12,OTHER,PAUSE,,,,,,,,,,,,,,,,,,,,,,,,,,,,,,,,,,,,,,,841.7571458816528,False
1737651132.9381366,2025-01-23 17:52:12,OTHER,PAUSE,,,,,,,,,,,,,,,,,,,,,,,,,,,,,,,,,,,,,,,841.9241554737091,False
1737651133.1431482,2025-01-23 17:52:13,OTHER,PAUSE,,,,,,,,,,,,,,,,,,,,,,,,,,,,,,,,,,,,,,,842.1291670799255,False
1737651133.3231585,2025-01-23 17:52:13,OTHER,PAUSE,,,,,,,,,,,,,,,,,,,,,,,,,,,,,,,,,,,,,,,842.3091773986816,False
1737651133.4941683,2025-01-23 17:52:13,OTHER,PAUSE,,,,,,,,,,,,,,,,,,,,,,,,,,,,,,,,,,,,,,,842.4801871776581,False
1737651133.6931798,2025-01-23 17:52:13,OTHER,PAUSE,,,,,,,,,,,,,,,,,,,,,,,,,,,,,,,,,,,,,,,842.6791987419128,False
1737651133.87119,2025-01-23 17:52:13,OTHER,PAUSE,,,,,,,,,,,,,,,,,,,,,,,,,,,,,,,,,,,,,,,842.8572089672089,False
1737651134.0361993,2025-01-23 17:52:14,OTHER,PAUSE,,,,,,,,,,,,,,,,,,,,,,,,,,,,,,,,,,,,,,,843.0222182273865,False
1737651134.2242103,2025-01-23 17:52:14,OTHER,PAUSE,,,,,,,,,,,,,,,,,,,,,,,,,,,,,,,,,,,,,,,843.2102291584015,False
1737651134.4062204,2025-01-23 17:52:14,OTHER,PAUSE,,,,,,,,,,,,,,,,,,,,,,,,,,,,,,,,,,,,,,,843.3922393321991,False
1737651134.5952313,2025-01-23 17:52:14,OTHER,PAUSE,,,,,,,,,,,,,,,,,,,,,,,,,,,,,,,,,,,,,,,843.5812501907349,False
1737651134.7872422,2025-01-23 17:52:14,OTHER,PAUSE,,,,,,,,,,,,,,,,,,,,,,,,,,,,,,,,,,,,,,,843.7732610702515,False
1737651134.9872537,2025-01-23 17:52:14,OTHER,PAUSE,,,,,,,,,,,,,,,,,,,,,,,,,,,,,,,,,,,,,,,843.973272562027,False
1737651135.1802647,2025-01-23 17:52:15,OTHER,PAUSE,,,,,,,,,,,,,,,,,,,,,,,,,,,,,,,,,,,,,,,844.1662836074829,False
1737651135.3912768,2025-01-23 17:52:15,OTHER,PAUSE,,,,,,,,,,,,,,,,,,,,,,,,,,,,,,,,,,,,,,,844.3772957324982,False
1737651135.6062891,2025-01-23 17:52:15,OTHER,PAUSE,,,,,,,,,,,,,,,,,,,,,,,,,,,,,,,,,,,,,,,844.5923080444336,False
1737651135.847303,2025-01-23 17:52:15,OTHER,PAUSE,,,,,,,,,,,,,,,,,,,,,,,,,,,,,,,,,,,,,,,844.8333218097687,False
1737651136.1173184,2025-01-23 17:52:16,OTHER,PAUSE,,,,,,,,,,,,,,,,,,,,,,,,,,,,,,,,,,,,,,,845.1033372879028,False
1737651136.3093295,2025-01-23 17:52:16,OTHER,PAUSE,,,,,,,,,,,,,,,,,,,,,,,,,,,,,,,,,,,,,,,845.295348405838,False
1737651136.5033405,2025-01-23 17:52:16,OTHER,PAUSE,,,,,,,,,,,,,,,,,,,,,,,,,,,,,,,,,,,,,,,845.4893593788147,False
1737651136.6913514,2025-01-23 17:52:16,OTHER,PAUSE,,,,,,,,,,,,,,,,,,,,,,,,,,,,,,,,,,,,,,,845.6773703098297,False
1737651136.8743615,2025-01-23 17:52:16,OTHER,PAUSE,,,,,,,,,,,,,,,,,,,,,,,,,,,,,,,,,,,,,,,845.8603804111481,False
1737651137.0783734,2025-01-23 17:52:17,OTHER,PAUSE,,,,,,,,,,,,,,,,,,,,,,,,,,,,,,,,,,,,,,,846.0643923282623,False
1737651137.2653842,2025-01-23 17:52:17,OTHER,PAUSE,,,,,,,,,,,,,,,,,,,,,,,,,,,,,,,,,,,,,,,846.251403093338,False
1737651137.4323938,2025-01-23 17:52:17,OTHER,PAUSE,,,,,,,,,,,,,,,,,,,,,,,,,,,,,,,,,,,,,,,846.4184126853943,False
1737651137.6394055,2025-01-23 17:52:17,OTHER,PAUSE,,,,,,,,,,,,,,,,,,,,,,,,,,,,,,,,,,,,,,,846.6254243850708,False
1737651137.8274164,2025-01-23 17:52:17,OTHER,PAUSE,,,,,,,,,,,,,,,,,,,,,,,,,,,,,,,,,,,,,,,846.8134353160858,False
1737651138.0064266,2025-01-23 17:52:18,OTHER,PAUSE,,,,,,,,,,,,,,,,,,,,,,,,,,,,,,,,,,,,,,,846.9924454689026,False
1737651138.2144384,2025-01-23 17:52:18,OTHER,PAUSE,,,,,,,,,,,,,,,,,,,,,,,,,,,,,,,,,,,,,,,847.2004573345184,False
1737651138.403449,2025-01-23 17:52:18,OTHER,PAUSE,,,,,,,,,,,,,,,,,,,,,,,,,,,,,,,,,,,,,,,847.3894679546356,False
1737651138.5724587,2025-01-23 17:52:18,OTHER,PAUSE,,,,,,,,,,,,,,,,,,,,,,,,,,,,,,,,,,,,,,,847.558477640152,False
1737651138.7704701,2025-01-23 17:52:18,OTHER,PAUSE,,,,,,,,,,,,,,,,,,,,,,,,,,,,,,,,,,,,,,,847.7564890384674,False
1737651138.94448,2025-01-23 17:52:18,OTHER,PAUSE,,,,,,,,,,,,,,,,,,,,,,,,,,,,,,,,,,,,,,,847.9304988384247,False
1737651141.860647,2025-01-23 17:52:21,DEGASSING,FIRESTING-START,96.0,6.971,215.094912,195.590432,97.750888,,28.234,32.356,0.117,990.412,14.178,0.0,19.748392,,,True,0.0,1737651141.4506235,2466c2055d64ad2a_Ch1,32.0,41.246,,,,,28.187,380.483,0.121,990.448,14.166,0.0,,27.517,,True,0.0,1737651141.7136383,2466c2055d64ad2a_Ch2,850.8466658592224,False
1737651144.799815,2025-01-23 17:52:24,DEGASSING,FIRESTING-START,96.0,6.948,212.128464,194.855568,97.525912,,28.226,32.364,0.153,990.439,14.178,0.0,19.673656,,,True,0.0,1737651144.4207933,2466c2055d64ad2a_Ch1,32.0,41.248,,,,,28.195,383.191,0.162,990.456,14.166,0.0,,27.507,,True,0.0,1737651144.6518068,2466c2055d64ad2a_Ch2,853.7858338356018,True
1737651147.7029812,2025-01-23 17:52:27,DEGASSING,FIRESTING-START,96.0,6.9,214.21744,196.745072,98.476944,,28.226,32.4,-0.006,990.366,14.178,0.0,19.865894,,,True,0.0,1737651147.3229594,2466c2055d64ad2a_Ch1,32.0,41.251,,,,,28.195,381.536,0.147,990.412,14.178,0.0,,27.491,,True,0.0,1737651147.5549726,2466c2055d64ad2a_Ch2,856.6890001296997,False
1737651150.7911577,2025-01-23 17:52:30,DEGASSING,FIRESTING-START,96.0,6.994,210.358848,193.15504,96.665496,,28.226,32.565,0.166,990.475,14.155,0.0,19.501254,,,True,0.0,1737651150.4121358,2466c2055d64ad2a_Ch1,32.0,41.255,,,,,28.187,381.248,0.189,990.494,14.166,0.0,,27.471,,True,0.0,1737651150.6431494,2466c2055d64ad2a_Ch2,859.777176618576,False
1737651153.998341,2025-01-23 17:52:33,DEGASSING,FIRESTING-START,96.0,7.036,208.742672,191.613808,95.89348,,28.234,32.897,0.08,990.439,14.166,0.0,19.34635,,,True,0.0,1737651153.6193194,2466c2055d64ad2a_Ch1,32.0,41.256,,,,,28.195,381.176,0.265,990.475,14.166,0.0,,27.466,,True,0.0,1737651153.8503327,2466c2055d64ad2a_Ch2,862.9843599796295,False
1737651157.1545217,2025-01-23 17:52:37,DEGASSING,FIRESTING-START,96.0,7.184,202.83944,186.181088,93.1744,,28.226,33.71,-0.031,990.431,14.155,0.0,18.797986,,,True,0.0,1737651156.7735,2466c2055d64ad2a_Ch1,32.0,41.259,,,,,28.195,381.064,0.272,990.403,14.166,0.0,,27.451,,True,0.0,1737651157.0055132,2466c2055d64ad2a_Ch2,866.140540599823,False
1737651160.2817006,2025-01-23 17:52:40,DEGASSING,FIRESTING-START,96.0,7.327,197.427904,181.173344,90.664456,,28.226,34.567,0.21,990.439,14.166,0.0,18.292226,,,True,0.0,1737651159.9026787,2466c2055d64ad2a_Ch1,32.0,41.264,,,,,28.195,381.097,0.096,990.412,14.155,0.0,,27.425,,True,0.0,1737651160.1336923,2466c2055d64ad2a_Ch2,869.2677195072174,False
1737651163.42388,2025-01-23 17:52:43,DEGASSING,FIRESTING-START,96.0,7.454,192.87096,176.922768,88.532192,,28.226,35.464,0.206,990.439,14.155,0.0,17.863066,,,True,0.0,1737651163.0448587,2466c2055d64ad2a_Ch1,32.0,41.269,,,,,28.195,380.997,0.024,990.376,14.155,0.0,,27.4,,True,0.0,1737651163.2758718,2466c2055d64ad2a_Ch2,872.4098989963531,False
1737651166.6160626,2025-01-23 17:52:46,DEGASSING,FIRESTING-START,96.0,7.65,186.07112,170.621392,85.37492,,28.226,36.433,0.293,990.431,14.143,0.0,17.226986,,,True,0.0,1737651166.2350411,2466c2055d64ad2a_Ch1,32.0,41.271,,,,,28.195,380.941,0.252,990.402,14.156,0.0,,27.389,,True,0.0,1737651166.4670544,2466c2055d64ad2a_Ch2,875.6020815372467,False
1737651169.838247,2025-01-23 17:52:49,DEGASSING,FIRESTING-START,96.0,7.888,178.19632,163.373552,81.745568,,28.234,37.811,-0.044,990.439,14.155,0.0,16.495064,,,True,0.0,1737651169.4582255,2466c2055d64ad2a_Ch1,32.0,41.274,,,,,28.195,380.877,0.144,990.431,14.155,0.0,,27.374,,True,0.0,1737651169.6892385,2466c2055d64ad2a_Ch2,878.8242659568787,False
1737651173.0084286,2025-01-23 17:52:53,DEGASSING,FIRESTING-START,96.0,8.09,171.923664,157.587264,78.84836,,28.226,39.136,-0.041,990.431,14.155,0.0,15.910978,,,True,0.0,1737651172.6284068,2466c2055d64ad2a_Ch1,32.0,41.28,,,,,28.195,380.826,0.302,990.412,14.155,0.0,,27.343,,True,0.0,1737651172.86042,2466c2055d64ad2a_Ch2,881.9944474697113,False
1737651176.1566086,2025-01-23 17:52:56,DEGASSING,FIRESTING-START,96.0,8.314,165.410976,151.54728,75.8196,,28.234,40.446,-0.156,990.449,14.177,0.0,15.300867,,,True,0.0,1737651175.7765868,2466c2055d64ad2a_Ch1,32.0,41.284,,,,,28.195,380.698,-0.155,990.422,14.155,0.0,,27.323,,True,0.0,1737651176.0086,2466c2055d64ad2a_Ch2,885.1426274776459,False
1737651179.3347905,2025-01-23 17:52:59,DEGASSING,FIRESTING-START,96.0,8.561,158.586016,145.250816,72.669024,,28.226,41.908,-0.122,990.412,14.155,0.0,14.665696,,,True,0.0,1737651178.9547687,2466c2055d64ad2a_Ch1,32.0,41.292,,,,,28.195,380.579,-0.077,990.431,14.166,0.0,,27.282,,True,0.0,1737651179.1867816,2466c2055d64ad2a_Ch2,888.3208093643188,False
1737651182.5389738,2025-01-23 17:53:02,DEGASSING,FIRESTING-START,96.0,8.79,152.71912,139.791248,69.929824,,28.226,43.342,-0.078,990.431,14.155,0.0,14.114183,,,True,0.0,1737651182.1589518,2466c2055d64ad2a_Ch1,32.0,41.295,,,,,28.195,380.563,-0.042,990.385,14.166,0.0,,27.267,,True,0.0,1737651182.390965,2466c2055d64ad2a_Ch2,891.5249927043915,False
1737651186.2601864,2025-01-23 17:53:06,DEGASSING,FIRESTING-START,96.0,9.112,144.829104,132.53928,66.301184,,28.226,45.369,-0.149,990.412,14.166,0.0,13.382236,,,True,0.0,1737651185.8801646,2466c2055d64ad2a_Ch1,32.0,41.296,,,,,28.195,380.495,-0.142,990.367,14.143,0.0,,27.262,,True,0.0,1737651186.1121778,2466c2055d64ad2a_Ch2,895.246205329895,False
1737651189.6303792,2025-01-23 17:53:09,DEGASSING,FIRESTING-START,96.0,9.468,136.73472,125.122392,62.586148,,28.226,47.516,-0.019,990.475,14.155,0.0,12.632565,,,True,0.0,1737651189.2513576,2466c2055d64ad2a_Ch1,32.0,41.3,,,,,28.195,380.327,-0.072,990.376,14.166,0.0,,27.241,,True,0.0,1737651189.4823709,2466c2055d64ad2a_Ch2,898.6163980960846,False
1737651192.8005605,2025-01-23 17:53:12,DEGASSING,FIRESTING-START,96.0,9.835,129.113432,118.11108,59.076276,,28.226,49.884,-0.104,990.476,14.131,0.0,11.924678,,,True,0.0,1737651192.420539,2466c2055d64ad2a_Ch1,32.0,41.304,,,,,28.195,380.184,-0.039,990.449,14.166,0.0,,27.221,,True,0.0,1737651192.651552,2466c2055d64ad2a_Ch2,901.7865793704987,False
1737651195.901738,2025-01-23 17:53:15,DEGASSING,FIRESTING-START,96.0,10.042,125.1112,114.415512,57.225304,,28.226,51.342,0.024,990.476,14.155,0.0,11.551568,,,True,0.0,1737651195.520716,2466c2055d64ad2a_Ch1,32.0,41.311,,,,,28.195,380.116,0.054,990.431,14.166,0.0,,27.185,,True,0.0,1737651195.7527294,2466c2055d64ad2a_Ch2,904.8877568244934,False
1737651198.9869144,2025-01-23 17:53:18,DEGASSING,FIRESTING-START,96.0,10.35,119.501072,109.225872,54.625332,,28.234,53.173,-0.004,990.476,14.155,0.0,11.027614,,,True,0.0,1737651198.6068926,2466c2055d64ad2a_Ch1,32.0,41.31,,,,,28.195,379.988,0.024,990.476,14.155,0.0,,27.19,,True,0.0,1737651198.8389058,2466c2055d64ad2a_Ch2,907.9729332923889,False
1737651202.3521068,2025-01-23 17:53:22,DEGASSING,FIRESTING-START,96.0,10.588,115.304448,105.398016,52.715588,,28.226,54.619,-0.043,990.403,14.166,0.0,10.641932,,,True,0.0,1737651201.971085,2466c2055d64ad2a_Ch1,32.0,41.318,,,,,28.187,379.669,0.016,990.422,14.166,0.0,,27.15,,True,0.0,1737651202.2030983,2466c2055d64ad2a_Ch2,911.338125705719,False
1737651205.5332887,2025-01-23 17:53:25,DEGASSING,FIRESTING-START,96.0,10.795,111.96184,102.281,51.151052,,28.226,56.074,-0.213,990.422,14.155,0.0,10.327012,,,True,0.0,1737651205.152267,2466c2055d64ad2a_Ch1,32.0,41.319,,,,,28.195,379.789,-0.037,990.439,14.155,0.0,,27.145,,True,0.0,1737651205.3842802,2466c2055d64ad2a_Ch2,914.5193076133728,False
1737651208.662468,2025-01-23 17:53:28,DEGASSING,FIRESTING-START,96.0,11.203,105.550624,96.416896,48.215532,,28.226,58.518,-0.215,990.468,14.143,0.0,9.734478,,,True,0.0,1737651208.281446,2466c2055d64ad2a_Ch1,32.0,41.323,,,,,28.195,379.689,-0.408,990.449,14.155,0.0,,27.124,,True,0.0,1737651208.5134592,2466c2055d64ad2a_Ch2,917.6484868526459,False
1737651211.8096478,2025-01-23 17:53:31,DEGASSING,FIRESTING-START,96.0,11.549,100.559008,91.82816,45.920916,,28.226,60.854,-0.227,990.422,14.143,0.0,9.27162,,,True,0.0,1737651211.4296262,2466c2055d64ad2a_Ch1,32.0,41.328,,,,,28.195,379.466,-0.137,990.422,14.166,0.0,,27.099,,True,0.0,1737651211.6616395,2466c2055d64ad2a_Ch2,920.7956666946411,False
1737651214.9808292,2025-01-23 17:53:34,DEGASSING,FIRESTING-START,96.0,11.88,96.102976,87.725984,43.865864,,28.226,62.906,-0.137,990.449,14.166,0.0,8.857194,,,True,0.0,1737651214.6008074,2466c2055d64ad2a_Ch1,32.0,41.33,,,,,28.195,379.422,-0.187,990.449,14.143,0.0,,27.089,,True,0.0,1737651214.8328207,2466c2055d64ad2a_Ch2,923.9668481349945,False
1737651218.3120198,2025-01-23 17:53:38,DEGASSING,FIRESTING-START,96.0,12.162,92.492936,84.417896,42.209588,,28.226,64.782,-0.119,990.476,14.155,0.0,8.522962,,,True,0.0,1737651217.932998,2466c2055d64ad2a_Ch1,32.0,41.335,,,,,28.179,379.038,-0.102,990.476,14.143,0.0,,27.063,,True,0.0,1737651218.1640112,2466c2055d64ad2a_Ch2,927.2980387210846,False
1737651221.5122027,2025-01-23 17:53:41,DEGASSING,FIRESTING-START,96.0,12.476,88.729608,80.951384,40.47666,,28.218,66.938,-0.111,990.413,14.143,0.0,8.173498,,,True,0.0,1737651221.132181,2466c2055d64ad2a_Ch1,32.0,41.339,,,,,28.195,378.927,0.054,990.405,14.154,0.0,,27.043,,True,0.0,1737651221.3631942,2466c2055d64ad2a_Ch2,930.4982216358185,False
1737651224.715386,2025-01-23 17:53:44,DEGASSING,FIRESTING-START,96.0,12.738,85.74736,78.206952,39.10192,,28.218,68.677,-0.025,990.432,14.154,0.0,7.896247,,,True,0.0,1737651224.335364,2466c2055d64ad2a_Ch1,32.0,41.342,,,,,28.187,378.803,0.059,990.422,14.155,0.0,,27.027,,True,0.0,1737651224.5663774,2466c2055d64ad2a_Ch2,933.7014048099518,False
1737651227.8265638,2025-01-23 17:53:47,DEGASSING,FIRESTING-START,96.0,13.032,82.549328,75.271976,37.635728,,28.218,70.641,-0.102,990.367,14.143,0.0,7.600412,,,True,0.0,1737651227.448542,2466c2055d64ad2a_Ch1,32.0,41.342,,,,,28.187,378.607,-0.047,990.449,14.155,0.0,,27.027,,True,0.0,1737651227.6795557,2466c2055d64ad2a_Ch2,936.812582731247,False
1737651230.9607432,2025-01-23 17:53:50,DEGASSING,FIRESTING-START,96.0,13.345,79.284472,72.294928,36.1465,,28.218,72.673,-0.131,990.386,14.155,0.0,7.299672,,,True,0.0,1737651230.5817215,2466c2055d64ad2a_Ch1,32.0,41.345,,,,,28.187,378.495,-0.012,990.395,14.143,0.0,,27.012,,True,0.0,1737651230.8127346,2466c2055d64ad2a_Ch2,939.9467620849609,False
1737651234.22693,2025-01-23 17:53:54,DEGASSING,FIRESTING-START,96.0,13.826,74.63512,68.040056,34.012828,,28.218,75.916,-0.054,990.531,14.166,0.0,6.869048,,,True,0.0,1737651233.846908,2466c2055d64ad2a_Ch1,32.0,41.351,,,,,28.187,378.276,-0.047,990.476,14.155,0.0,,26.982,,True,0.0,1737651234.0779214,2466c2055d64ad2a_Ch2,943.2129487991333,False
1737651237.4731157,2025-01-23 17:53:57,DEGASSING,FIRESTING-START,96.0,14.12,72.019072,65.625428,32.806434,,28.218,77.836,-0.123,990.449,14.155,0.0,6.625826,,,True,0.0,1737651237.0930939,2466c2055d64ad2a_Ch1,32.0,41.354,,,,,28.187,378.244,-0.132,990.476,14.166,0.0,,26.966,,True,0.0,1737651237.324107,2466c2055d64ad2a_Ch2,946.4591345787048,False
1737651240.6192956,2025-01-23 17:54:00,DEGASSING,FIRESTING-START,96.0,14.485,68.901608,62.76954,31.37704,,28.218,80.29,0.079,990.468,14.155,0.0,6.337362,,,True,0.0,1737651240.2392738,2466c2055d64ad2a_Ch1,32.0,41.36,,,,,28.187,377.956,0.094,990.476,14.143,0.0,,26.936,,True,0.0,1737651240.471287,2466c2055d64ad2a_Ch2,949.6053144931793,False
1737651243.777476,2025-01-23 17:54:03,DEGASSING,FIRESTING-START,96.0,14.828,66.165992,60.250052,30.11677,,28.218,82.651,0.01,990.432,14.154,0.0,6.083209,,,True,0.0,1737651243.3984544,2466c2055d64ad2a_Ch1,32.0,41.36,,,,,28.187,377.848,0.091,990.35,14.154,0.0,,26.936,,True,0.0,1737651243.630468,2466c2055d64ad2a_Ch2,952.7634949684143,False
1737651246.9296565,2025-01-23 17:54:06,DEGASSING,FIRESTING-START,96.0,15.119,63.912856,58.198368,29.090112,,28.226,84.735,0.084,990.468,14.155,0.0,5.875845,,,True,0.0,1737651246.549635,2466c2055d64ad2a_Ch1,32.0,41.362,,,,,28.179,377.704,0.034,990.459,14.154,0.0,,26.926,,True,0.0,1737651246.781648,2466c2055d64ad2a_Ch2,955.9156754016876,False
1737651250.2238448,2025-01-23 17:54:10,DEGASSING,FIRESTING-START,96.0,15.722,59.579,54.2438,27.113336,,28.218,88.721,0.267,990.451,14.154,0.0,5.476677,,,True,0.0,1737651249.8438232,2466c2055d64ad2a_Ch1,32.0,41.369,,,,,28.179,377.461,0.24,990.449,14.143,0.0,,26.89,,True,0.0,1737651250.0748365,2466c2055d64ad2a_Ch2,959.2098636627197,False
1737651253.3940263,2025-01-23 17:54:13,DEGASSING,FIRESTING-START,96.0,16.397,55.221644,50.24924,25.11498,,28.218,93.377,0.137,990.441,14.143,0.0,5.073421,,,True,0.0,1737651253.0140045,2466c2055d64ad2a_Ch1,32.0,41.367,,,,,28.179,377.241,0.348,990.459,14.131,0.0,,26.9,,True,0.0,1737651253.2450175,2466c2055d64ad2a_Ch2,962.3800451755524,False
1737651256.5772083,2025-01-23 17:54:16,DEGASSING,FIRESTING-START,96.0,16.786,52.854784,48.102788,24.043168,,28.218,96.007,0.178,990.422,14.143,0.0,4.856796,,,True,0.0,1737651256.1981864,2466c2055d64ad2a_Ch1,32.0,41.37,,,,,28.187,377.081,0.076,990.413,14.155,0.0,,26.885,,True,0.0,1737651256.4292,2466c2055d64ad2a_Ch2,965.5632271766663,False
1737651259.7613904,2025-01-23 17:54:19,DEGASSING,FIRESTING-START,96.0,17.136,50.873656,46.28926,23.135062,,28.218,98.51,0.077,990.459,14.143,0.0,4.673516,,,True,0.0,1737651259.3813686,2466c2055d64ad2a_Ch1,32.0,41.377,,,,,28.179,376.99,0.066,990.432,14.143,0.0,,26.849,,True,0.0,1737651259.612382,2466c2055d64ad2a_Ch2,968.7474093437195,False
1737651262.8845692,2025-01-23 17:54:22,DEGASSING,FIRESTING-START,96.0,17.654,48.136988,43.77532,21.876898,,28.218,102.003,0.167,990.459,14.143,0.0,4.4197,,,True,0.0,1737651262.5045474,2466c2055d64ad2a_Ch1,32.0,41.38,,,,,28.187,376.758,0.307,990.432,14.131,0.0,,26.834,,True,0.0,1737651262.7355607,2466c2055d64ad2a_Ch2,971.8705880641937,False
1737651266.1907582,2025-01-23 17:54:26,DEGASSING,FIRESTING-START,96.0,18.129,45.77084,41.6141,20.796534,,28.21,105.36,-0.024,990.441,14.131,0.0,4.201573,,,True,0.0,1737651265.8107364,2466c2055d64ad2a_Ch1,32.0,41.383,,,,,28.187,376.554,-0.004,990.405,14.154,0.0,,26.819,,True,0.0,1737651266.0427496,2466c2055d64ad2a_Ch2,975.1767771244049,False
1737651269.3739402,2025-01-23 17:54:29,DEGASSING,FIRESTING-START,96.0,18.567,43.722652,39.74288,19.861686,,28.218,108.345,-0.08,990.396,14.143,0.0,4.012827,,,True,0.0,1737651268.9949186,2466c2055d64ad2a_Ch1,32.0,41.388,,,,,28.187,376.39,0.054,990.432,14.143,0.0,,26.794,,True,0.0,1737651269.225932,2466c2055d64ad2a_Ch2,978.3599591255188,False
1737651272.604125,2025-01-23 17:54:32,DEGASSING,FIRESTING-START,96.0,18.897,42.274216,38.411716,19.193782,,28.218,110.667,0.234,990.476,14.155,0.0,3.878106,,,True,0.0,1737651272.2251034,2466c2055d64ad2a_Ch1,32.0,41.39,,,,,28.187,376.219,0.24,990.413,14.143,0.0,,26.783,,True,0.0,1737651272.4561164,2466c2055d64ad2a_Ch2,981.5901439189911,False
1737651275.782307,2025-01-23 17:54:35,DEGASSING,FIRESTING-START,96.0,19.375,40.253764,36.569764,18.274116,,28.21,113.949,0.068,990.415,14.154,0.0,3.692367,,,True,0.0,1737651275.4012852,2466c2055d64ad2a_Ch1,32.0,41.395,,,,,28.179,376.095,0.008,990.432,14.131,0.0,,26.758,,True,0.0,1737651275.6332982,2466c2055d64ad2a_Ch2,984.7683258056641,False
1737651279.0454936,2025-01-23 17:54:39,DEGASSING,FIRESTING-START,96.0,20.307,36.657328,33.289826,16.634684,,28.21,120.48,0.239,990.388,14.142,0.0,3.361291,,,True,0.0,1737651278.6654718,2466c2055d64ad2a_Ch1,32.0,41.399,,,,,28.179,375.963,0.137,990.442,14.154,0.0,,26.738,,True,0.0,1737651278.8964849,2466c2055d64ad2a_Ch2,988.0315124988556,False
1737651282.3276813,2025-01-23 17:54:42,DEGASSING,FIRESTING-START,96.0,20.577,35.704968,32.415104,16.195974,,28.21,122.346,0.252,990.442,14.13,0.0,3.272791,,,True,0.0,1737651281.9476595,2466c2055d64ad2a_Ch1,32.0,41.398,,,,,28.179,375.867,0.187,990.459,14.131,0.0,,26.743,,True,0.0,1737651282.1786726,2466c2055d64ad2a_Ch2,991.3137001991272,False
1737651285.506863,2025-01-23 17:54:45,DEGASSING,FIRESTING-START,96.0,20.996,34.250276,31.09681,15.53719,,28.21,125.263,0.128,990.459,14.143,0.0,3.139636,,,True,0.0,1737651285.1268413,2466c2055d64ad2a_Ch1,32.0,41.405,,,,,28.179,375.756,0.177,990.47,14.142,0.0,,26.707,,True,0.0,1737651285.3588543,2466c2055d64ad2a_Ch2,994.4928820133209,False
1737651288.653043,2025-01-23 17:54:48,DEGASSING,FIRESTING-START,96.0,21.276,33.357872,30.269996,15.123177,,28.21,127.054,0.144,990.442,14.142,0.0,3.05621,,,True,0.0,1737651288.2730212,2466c2055d64ad2a_Ch1,32.0,41.407,,,,,28.179,375.496,0.24,990.396,14.143,0.0,,26.697,,True,0.0,1737651288.5050344,2466c2055d64ad2a_Ch2,997.6390619277954,False
1737651291.8592265,2025-01-23 17:54:51,DEGASSING,FIRESTING-START,96.0,21.434,32.85682,29.810796,14.893435,,28.21,128.105,0.106,990.442,14.142,0.0,3.009847,,,True,0.0,1737651291.4802048,2466c2055d64ad2a_Ch1,32.0,41.415,,,,,28.187,375.253,0.182,990.432,14.154,0.0,,26.656,,True,0.0,1737651291.7112179,2466c2055d64ad2a_Ch2,1000.8452453613281,False
1737651295.0384083,2025-01-23 17:54:55,DEGASSING,FIRESTING-START,96.0,22.159,30.667302,27.8069,13.89185,,28.21,133.074,0.261,990.388,14.154,0.0,2.807677,,,True,0.0,1737651294.6583865,2466c2055d64ad2a_Ch1,32.0,41.417,,,,,28.179,375.189,0.184,990.432,14.154,0.0,,26.646,,True,0.0,1737651294.8893995,2466c2055d64ad2a_Ch2,1004.0244271755219,False
1737651298.357598,2025-01-23 17:54:58,DEGASSING,FIRESTING-START,96.0,22.634,29.312686,26.574584,13.27517,,28.21,136.329,0.24,990.442,14.166,0.0,2.683103,,,True,0.0,1737651297.9765763,2466c2055d64ad2a_Ch1,32.0,41.42,,,,,28.179,375.117,0.272,990.405,14.143,0.0,,26.631,,True,0.0,1737651298.2085896,2466c2055d64ad2a_Ch2,1007.3436169624329,False
1737651301.4937775,2025-01-23 17:55:01,DEGASSING,FIRESTING-START,96.0,23.074,28.125362,25.492348,12.734135,,28.21,139.464,0.182,990.442,14.142,0.0,2.573835,,,True,0.0,1737651301.1137557,2466c2055d64ad2a_Ch1,32.0,41.421,,,,,28.179,375.045,0.222,990.442,14.154,0.0,,26.626,,True,0.0,1737651301.344769,2466c2055d64ad2a_Ch2,1010.4797964096069,False
1737651304.6229563,2025-01-23 17:55:04,DEGASSING,FIRESTING-START,96.0,23.246,27.67586,25.083016,12.529659,,28.21,140.572,0.261,990.432,14.154,0.0,2.532532,,,True,0.0,1737651304.2429345,2466c2055d64ad2a_Ch1,32.0,41.423,,,,,28.171,374.905,0.066,990.442,14.142,0.0,,26.616,,True,0.0,1737651304.473948,2466c2055d64ad2a_Ch2,1013.6089751720428,False
1737651307.905144,2025-01-23 17:55:07,DEGASSING,FIRESTING-START,96.0,23.867,26.114288,23.664134,11.821079,,28.21,144.804,0.338,990.396,14.143,0.0,2.38936,,,True,0.0,1737651307.5251224,2466c2055d64ad2a_Ch1,32.0,41.429,,,,,28.171,374.59,0.184,990.361,14.154,0.0,,26.585,,True,0.0,1737651307.7571356,2466c2055d64ad2a_Ch2,1016.8911628723145,False
1737651311.1373289,2025-01-23 17:55:11,DEGASSING,FIRESTING-START,96.0,24.104,25.566236,23.156556,11.565862,,28.21,146.562,0.23,990.47,14.166,0.0,2.337936,,,True,0.0,1737651310.757307,2466c2055d64ad2a_Ch1,32.0,41.431,,,,,28.179,374.406,0.257,990.442,14.142,0.0,,26.575,,True,0.0,1737651310.9893205,2466c2055d64ad2a_Ch2,1020.1233477592468,False
1737651314.5425236,2025-01-23 17:55:14,DEGASSING,FIRESTING-START,96.0,24.693,24.210454,21.925212,10.951247,,28.203,150.565,0.367,990.415,14.142,0.0,2.213739,,,True,0.0,1737651314.161502,2466c2055d64ad2a_Ch1,32.0,41.435,,,,,28.179,374.27,0.337,990.424,14.143,0.0,,26.555,,True,0.0,1737651314.3935153,2466c2055d64ad2a_Ch2,1023.5285425186157,False
1737651317.7037046,2025-01-23 17:55:17,DEGASSING,FIRESTING-START,96.0,25.495,22.495114,20.365572,10.172181,,28.21,156.066,0.274,990.379,14.13,0.0,2.056341,,,True,0.0,1737651317.324683,2466c2055d64ad2a_Ch1,32.0,41.443,,,,,28.171,374.127,0.297,990.532,14.143,0.0,,26.514,,True,0.0,1737651317.5566962,2466c2055d64ad2a_Ch2,1026.6897234916687,False
1737651320.8808863,2025-01-23 17:55:20,DEGASSING,FIRESTING-START,96.0,26.27,20.975878,18.978272,9.478155,,28.203,161.328,0.347,990.406,14.13,0.0,1.916211,,,True,0.0,1737651320.5018647,2466c2055d64ad2a_Ch1,32.0,41.44,,,,,28.171,373.847,0.32,990.398,14.13,0.0,,26.53,,True,0.0,1737651320.7328777,2466c2055d64ad2a_Ch2,1029.8669052124023,False
1737651324.0890698,2025-01-23 17:55:24,DEGASSING,FIRESTING-START,96.0,26.798,19.97607,18.078098,9.028634,,28.21,164.931,0.283,990.434,14.119,0.0,1.82527,,,True,0.0,1737651323.710048,2466c2055d64ad2a_Ch1,32.0,41.445,,,,,28.171,373.703,0.227,990.361,14.13,0.0,,26.504,,True,0.0,1737651323.9410613,2466c2055d64ad2a_Ch2,1033.0750887393951,False
1737651327.23825,2025-01-23 17:55:27,DEGASSING,FIRESTING-START,96.0,26.949,19.717966,17.83743,8.907869,,28.203,165.963,0.27,990.442,14.13,0.0,1.800956,,,True,0.0,1737651326.857228,2466c2055d64ad2a_Ch1,32.0,41.451,,,,,28.179,373.567,0.307,990.361,14.13,0.0,,26.474,,True,0.0,1737651327.0882413,2466c2055d64ad2a_Ch2,1036.224268913269,False
1737651330.5384386,2025-01-23 17:55:30,DEGASSING,FIRESTING-START,96.0,27.764,18.319726,16.564943,8.272182,,28.203,171.595,0.29,990.406,14.13,0.0,1.67254,,,True,0.0,1737651330.1594172,2466c2055d64ad2a_Ch1,32.0,41.454,,,,,28.179,373.5,0.25,990.415,14.142,0.0,,26.459,,True,0.0,1737651330.3904302,2466c2055d64ad2a_Ch2,1039.5244574546814,False
1737651333.6966193,2025-01-23 17:55:33,DEGASSING,FIRESTING-START,96.0,28.1,17.774008,16.067814,8.024198,,28.203,173.833,0.172,990.343,14.119,0.0,1.622449,,,True,0.0,1737651333.3175976,2466c2055d64ad2a_Ch1,32.0,41.458,,,,,28.171,373.424,0.28,990.442,14.13,0.0,,26.438,,True,0.0,1737651333.548611,2466c2055d64ad2a_Ch2,1042.682638168335,False
1737651336.8838017,2025-01-23 17:55:36,DEGASSING,FIRESTING-START,96.0,28.849,16.607395,15.008367,7.494427,,28.203,178.867,0.142,990.388,14.12,0.0,1.515402,,,True,0.0,1737651336.50378,2466c2055d64ad2a_Ch1,32.0,41.456,,,,,28.171,373.328,0.184,990.442,14.12,0.0,,26.449,,True,0.0,1737651336.735793,2466c2055d64ad2a_Ch2,1045.8698205947876,False
1737651340.0719838,2025-01-23 17:55:40,DEGASSING,FIRESTING-START,96.0,28.952,16.445635,14.864684,7.422986,,28.203,179.502,0.399,990.371,14.119,0.0,1.50092,,,True,0.0,1737651339.691962,2466c2055d64ad2a_Ch1,32.0,41.461,,,,,28.171,373.1,0.393,990.388,14.142,0.0,,26.423,,True,0.0,1737651339.9229755,2466c2055d64ad2a_Ch2,1049.0580027103424,False
1737651343.359172,2025-01-23 17:55:43,DEGASSING,FIRESTING-START,96.0,29.351,15.867129,14.336085,7.158091,,28.203,182.255,0.409,990.442,14.12,0.0,1.447443,,,True,0.0,1737651342.9801502,2466c2055d64ad2a_Ch1,32.0,41.466,,,,,28.171,372.945,0.28,990.425,14.119,0.0,,26.398,,True,0.0,1737651343.2111633,2466c2055d64ad2a_Ch2,1052.345191001892,False
1737651346.6543603,2025-01-23 17:55:46,DEGASSING,FIRESTING-START,96.0,29.074,16.288738,14.711379,7.345634,,28.195,180.338,0.188,990.371,14.13,0.0,1.485441,,,True,0.0,1737651346.2753386,2466c2055d64ad2a_Ch1,32.0,41.468,,,,,28.171,372.885,0.27,990.352,14.13,0.0,,26.388,,True,0.0,1737651346.5063522,2466c2055d64ad2a_Ch2,1055.640379190445,False
1737651349.8335423,2025-01-23 17:55:49,DEGASSING,FIRESTING-START,96.0,29.84,15.185326,13.712718,6.846718,,28.203,185.466,0.3,990.388,14.13,0.0,1.38458,,,True,0.0,1737651349.4535203,2466c2055d64ad2a_Ch1,32.0,41.472,,,,,28.171,372.801,0.32,990.352,14.13,0.0,,26.367,,True,0.0,1737651349.6845338,2466c2055d64ad2a_Ch2,1058.8195612430573,False
1737651352.989723,2025-01-23 17:55:52,DEGASSING,FIRESTING-START,96.0,30.173,14.735034,13.301812,6.641189,,28.203,187.656,0.198,990.398,14.119,0.0,1.343077,,,True,0.0,1737651352.608701,2466c2055d64ad2a_Ch1,32.0,41.475,,,,,28.171,372.633,0.235,990.425,14.142,0.0,,26.352,,True,0.0,1737651352.8417141,2466c2055d64ad2a_Ch2,1061.9757418632507,False
1737651356.1209018,2025-01-23 17:55:56,DEGASSING,FIRESTING-START,96.0,30.533,14.258121,12.868326,6.424687,,28.203,190.02,0.334,990.379,14.142,0.0,1.299333,,,True,0.0,1737651355.7418804,2466c2055d64ad2a_Ch1,32.0,41.476,,,,,28.164,372.513,0.099,990.425,14.154,0.0,,26.347,,True,0.0,1737651355.9728935,2466c2055d64ad2a_Ch2,1065.1069207191467,False
1737651359.3020837,2025-01-23 17:55:59,DEGASSING,FIRESTING-START,96.0,30.513,14.286909,12.89332,6.436727,,28.203,189.863,0.265,990.434,14.13,0.0,1.301784,,,True,0.0,1737651358.9230623,2466c2055d64ad2a_Ch1,32.0,41.484,,,,,28.171,372.45,0.132,990.425,14.142,0.0,,26.307,,True,0.0,1737651359.1540754,2466c2055d64ad2a_Ch2,1068.2881026268005,False
1737651362.6192737,2025-01-23 17:56:02,DEGASSING,FIRESTING-START,96.0,31.216,13.397185,12.082964,6.031771,,28.203,194.45,0.098,990.417,14.142,0.0,1.219987,,,True,0.0,1737651362.2392516,2466c2055d64ad2a_Ch1,32.0,41.485,,,,,28.164,372.37,0.099,990.398,14.142,0.0,,26.302,,True,0.0,1737651362.4702652,2466c2055d64ad2a_Ch2,1071.60529255867,False
1737651365.7454524,2025-01-23 17:56:05,DEGASSING,FIRESTING-START,96.0,31.86,12.610721,11.372777,5.67714,,28.203,198.7,0.289,990.425,14.13,0.0,1.148272,,,True,0.0,1737651365.3664308,2466c2055d64ad2a_Ch1,32.0,41.486,,,,,28.164,372.246,0.174,990.434,14.13,0.0,,26.297,,True,0.0,1737651365.5974438,2466c2055d64ad2a_Ch2,1074.7314713001251,False
1737651368.9276345,2025-01-23 17:56:08,DEGASSING,FIRESTING-START,96.0,32.271,12.129585,10.938035,5.460111,,28.203,201.366,0.305,990.417,14.13,0.0,1.104386,,,True,0.0,1737651368.5476127,2466c2055d64ad2a_Ch1,32.0,41.491,,,,,28.164,371.943,0.272,990.452,14.142,0.0,,26.271,,True,0.0,1737651368.779626,2466c2055d64ad2a_Ch2,1077.9136533737183,False
1737651372.1108165,2025-01-23 17:56:12,DEGASSING,FIRESTING-START,96.0,32.352,12.046287,10.858582,5.42001,,28.195,201.836,0.085,990.442,14.154,0.0,1.096337,,,True,0.0,1737651371.7307947,2466c2055d64ad2a_Ch1,32.0,41.489,,,,,28.171,371.983,0.154,990.406,14.13,0.0,,26.281,,True,0.0,1737651371.961808,2466c2055d64ad2a_Ch2,1081.0968353748322,False
1737651375.391004,2025-01-23 17:56:15,DEGASSING,FIRESTING-START,96.0,32.519,11.851428,10.684576,5.333564,,28.195,202.966,0.133,990.389,14.142,0.0,1.078826,,,True,0.0,1737651375.009982,2466c2055d64ad2a_Ch1,32.0,41.498,,,,,28.164,371.903,0.307,990.406,14.13,0.0,,26.236,,True,0.0,1737651375.2409956,2466c2055d64ad2a_Ch2,1084.3770229816437,False
1737651378.6821923,2025-01-23 17:56:18,DEGASSING,FIRESTING-START,96.0,32.999,11.332375,10.209564,5.095526,,28.195,206.003,0.119,990.471,14.13,0.0,1.030778,,,True,0.0,1737651378.3011703,2466c2055d64ad2a_Ch1,32.0,41.501,,,,,28.156,371.691,0.074,990.435,14.142,0.0,,26.221,,True,0.0,1737651378.534184,2466c2055d64ad2a_Ch2,1087.668211221695,False
1737651381.8723748,2025-01-23 17:56:21,DEGASSING,FIRESTING-START,96.0,33.352,10.955299,9.867573,4.924923,,28.195,208.327,0.381,990.425,14.142,0.0,0.996296,,,True,0.0,1737651381.492353,2466c2055d64ad2a_Ch1,32.0,41.505,,,,,28.164,371.592,0.26,990.389,14.13,0.0,,26.2,,True,0.0,1737651381.7233665,2466c2055d64ad2a_Ch2,1090.8583936691284,False
1737651385.0695577,2025-01-23 17:56:25,DEGASSING,FIRESTING-START,96.0,33.842,10.447471,9.407126,4.694989,,28.195,211.448,0.151,990.408,14.13,0.0,0.949823,,,True,0.0,1737651384.690536,2466c2055d64ad2a_Ch1,32.0,41.508,,,,,28.164,371.596,0.109,990.417,14.142,0.0,,26.185,,True,0.0,1737651384.9225492,2466c2055d64ad2a_Ch2,1094.0555765628815,False
1737651388.222738,2025-01-23 17:56:28,DEGASSING,FIRESTING-START,96.0,34.287,9.999852,9.002004,4.492575,,28.195,214.2,-0.065,990.425,14.119,0.0,0.908903,,,True,0.0,1737651387.8427165,2466c2055d64ad2a_Ch1,32.0,41.511,,,,,28.156,371.42,0.116,990.444,14.13,0.0,,26.17,,True,0.0,1737651388.0737295,2466c2055d64ad2a_Ch2,1097.2087569236755,False
1737651391.349917,2025-01-23 17:56:31,DEGASSING,FIRESTING-START,96.0,34.46,9.832546,8.849348,4.416252,,28.187,215.31,0.208,990.425,14.13,0.0,0.89349,,,True,0.0,1737651390.9698951,2466c2055d64ad2a_Ch1,32.0,41.515,,,,,28.164,371.333,0.212,990.479,14.13,0.0,,26.15,,True,0.0,1737651391.2009082,2466c2055d64ad2a_Ch2,1100.33593583107,False
1737651394.6641066,2025-01-23 17:56:34,DEGASSING,FIRESTING-START,96.0,34.785,9.520837,8.566168,4.274914,,28.187,217.302,0.306,990.389,14.13,0.0,0.864929,,,True,0.0,1737651394.2840848,2466c2055d64ad2a_Ch1,32.0,41.521,,,,,28.164,371.189,0.172,990.389,14.142,0.0,,26.12,,True,0.0,1737651394.5150979,2466c2055d64ad2a_Ch2,1103.65012550354,False
1737651397.818287,2025-01-23 17:56:37,DEGASSING,FIRESTING-START,96.0,34.965,9.357033,8.414899,4.199076,,28.195,218.381,0.18,990.408,14.13,0.0,0.849639,,,True,0.0,1737651397.438265,2466c2055d64ad2a_Ch1,32.0,41.517,,,,,28.164,371.245,0.039,990.389,14.13,0.0,,26.14,,True,0.0,1737651397.6702783,2466c2055d64ad2a_Ch2,1106.8043057918549,False
1737651400.989468,2025-01-23 17:56:40,DEGASSING,FIRESTING-START,96.0,35.32,9.015311,8.110082,4.047255,,28.187,220.698,0.251,990.381,14.13,0.0,0.818885,,,True,0.0,1737651400.6094463,2466c2055d64ad2a_Ch1,32.0,41.522,,,,,28.156,371.117,0.096,990.408,14.142,0.0,,26.115,,True,0.0,1737651400.8414598,2466c2055d64ad2a_Ch2,1109.9754869937897,False
1737651404.1796508,2025-01-23 17:56:44,DEGASSING,FIRESTING-START,96.0,35.794,8.587095,7.721888,3.853184,,28.187,223.579,0.127,990.417,14.13,0.0,0.77966,,,True,0.0,1737651403.799629,2466c2055d64ad2a_Ch1,32.0,41.526,,,,,28.156,371.037,0.157,990.408,14.142,0.0,,26.094,,True,0.0,1737651404.0306423,2466c2055d64ad2a_Ch2,1113.1656696796417,False
1737651407.31783,2025-01-23 17:56:47,DEGASSING,FIRESTING-START,96.0,36.219,8.213794,7.383808,3.684565,,28.187,226.251,0.171,990.354,14.13,0.0,0.745572,,,True,0.0,1737651406.9378083,2466c2055d64ad2a_Ch1,32.0,41.529,,,,,28.156,370.786,0.154,990.463,14.142,0.0,,26.079,,True,0.0,1737651407.1688218,2466c2055d64ad2a_Ch2,1116.3038489818573,False
1737651410.722025,2025-01-23 17:56:50,DEGASSING,FIRESTING-START,96.0,36.624,7.866048,7.069565,3.527346,,28.187,228.631,0.119,990.435,14.142,0.0,0.713783,,,True,0.0,1737651410.341003,2466c2055d64ad2a_Ch1,32.0,41.535,,,,,28.156,370.614,0.184,990.417,14.142,0.0,,26.049,,True,0.0,1737651410.5730164,2466c2055d64ad2a_Ch2,1119.7080438137054,False
1737651413.9142075,2025-01-23 17:56:53,DEGASSING,FIRESTING-START,96.0,36.623,7.875019,7.074351,3.529451,,28.187,228.703,0.157,990.452,14.142,0.0,0.714254,,,True,0.0,1737651413.5341856,2466c2055d64ad2a_Ch1,32.0,41.538,,,,,28.156,370.682,0.084,990.479,14.142,0.0,,26.034,,True,0.0,1737651413.766199,2466c2055d64ad2a_Ch2,1122.900226354599,False
1737651417.0913892,2025-01-23 17:56:57,DEGASSING,FIRESTING-START,96.0,37.102,7.474016,6.712564,3.349156,,28.187,231.557,0.133,990.364,14.13,0.0,0.677787,,,True,0.0,1737651416.7123675,2466c2055d64ad2a_Ch1,32.0,41.538,,,,,28.156,370.546,0.016,990.4,14.153,0.0,,26.034,,True,0.0,1737651416.944381,2466c2055d64ad2a_Ch2,1126.0774080753326,False
1737651420.25057,2025-01-23 17:57:00,DEGASSING,FIRESTING-START,96.0,37.458,7.1809,6.44931,3.217751,,28.187,233.707,0.057,990.381,14.119,0.0,0.651194,,,True,0.0,1737651419.8715482,2466c2055d64ad2a_Ch1,32.0,41.542,,,,,28.156,370.491,0.091,990.463,14.13,0.0,,26.013,,True,0.0,1737651420.1025612,2466c2055d64ad2a_Ch2,1129.2365889549255,False
1737651423.413751,2025-01-23 17:57:03,DEGASSING,FIRESTING-START,96.0,37.855,6.866748,6.165163,3.0757,,28.187,236.082,0.144,990.427,14.119,0.0,0.622475,,,True,0.0,1737651423.033729,2466c2055d64ad2a_Ch1,32.0,41.546,,,,,28.156,370.379,0.227,990.418,14.141,0.0,,25.993,,True,0.0,1737651423.2647424,2466c2055d64ad2a_Ch2,1132.39976978302,False
1737651426.681938,2025-01-23 17:57:06,DEGASSING,FIRESTING-START,96.0,38.447,6.409374,5.752742,2.869776,,28.179,239.618,0.084,990.445,14.13,0.0,0.580823,,,True,0.0,1737651426.301916,2466c2055d64ad2a_Ch1,32.0,41.543,,,,,28.148,370.367,0.167,990.463,14.13,0.0,,26.008,,True,0.0,1737651426.5329292,2466c2055d64ad2a_Ch2,1135.667956829071,False
1737651429.8501189,2025-01-23 17:57:09,DEGASSING,FIRESTING-START,96.0,38.793,6.143556,5.515434,2.75169,,28.179,241.567,0.114,990.372,14.13,0.0,0.556905,,,True,0.0,1737651429.470097,2466c2055d64ad2a_Ch1,32.0,41.552,,,,,28.148,370.232,0.202,990.381,14.142,0.0,,25.963,,True,0.0,1737651429.7011104,2466c2055d64ad2a_Ch2,1138.8361377716064,False
1737651433.0263007,2025-01-23 17:57:13,DEGASSING,FIRESTING-START,96.0,39.053,5.959633,5.346594,2.667127,,28.187,243.162,0.127,990.4,14.119,0.0,0.539841,,,True,0.0,1737651432.6462789,2466c2055d64ad2a_Ch1,32.0,41.553,,,,,28.148,370.152,0.204,990.381,14.142,0.0,,25.958,,True,0.0,1737651432.8782923,2466c2055d64ad2a_Ch2,1142.0123195648193,False
1737651436.2084825,2025-01-23 17:57:16,DEGASSING,FIRESTING-START,96.0,39.144,5.893557,5.286906,2.637325,,28.187,243.606,0.054,990.4,14.13,0.0,0.533815,,,True,0.0,1737651435.8284607,2466c2055d64ad2a_Ch1,32.0,41.558,,,,,28.148,370.048,0.177,990.454,14.13,0.0,,25.933,,True,0.0,1737651436.0594742,2466c2055d64ad2a_Ch2,1145.194501399994,False
1737651439.3676634,2025-01-23 17:57:19,DEGASSING,FIRESTING-START,96.0,39.273,5.80426,5.204787,2.59608,,28.179,244.371,0.316,990.454,14.13,0.0,0.525495,,,True,0.0,1737651438.9866414,2466c2055d64ad2a_Ch1,32.0,41.559,,,,,28.148,369.924,0.104,990.408,14.13,0.0,,25.928,,True,0.0,1737651439.2186546,2466c2055d64ad2a_Ch2,1148.3536822795868,False
1737651442.652851,2025-01-23 17:57:22,DEGASSING,FIRESTING-START,96.0,39.301,5.784864,5.186992,2.587031,,28.179,244.52,0.137,990.508,14.141,0.0,0.523669,,,True,0.0,1737651442.2728295,2466c2055d64ad2a_Ch1,32.0,41.564,,,,,28.148,369.945,0.154,990.445,14.13,0.0,,25.902,,True,0.0,1737651442.5048428,2466c2055d64ad2a_Ch2,1151.6388700008392,False
1737651445.9230382,2025-01-23 17:57:25,DEGASSING,FIRESTING-START,96.0,39.668,5.525185,4.952158,2.469794,,28.179,246.711,0.23,990.5,14.141,0.0,0.499965,,,True,0.0,1737651445.5420165,2466c2055d64ad2a_Ch1,32.0,41.561,,,,,28.148,369.888,0.029,990.5,14.13,0.0,,25.918,,True,0.0,1737651445.7750297,2466c2055d64ad2a_Ch2,1154.9090571403503,False
1737651449.1042202,2025-01-23 17:57:29,DEGASSING,FIRESTING-START,96.0,39.782,5.440758,4.877695,2.432947,,28.179,247.3,0.099,990.418,14.119,0.0,0.492488,,,True,0.0,1737651448.7241983,2466c2055d64ad2a_Ch1,32.0,41.572,,,,,28.148,369.757,0.149,990.5,14.13,0.0,,25.862,,True,0.0,1737651448.9562118,2466c2055d64ad2a_Ch2,1158.0902390480042,False
1737651452.2924027,2025-01-23 17:57:32,DEGASSING,FIRESTING-START,96.0,39.805,5.435675,4.868911,2.428056,,28.179,247.385,0.324,990.508,14.141,0.0,0.491556,,,True,0.0,1737651451.9133809,2466c2055d64ad2a_Ch1,32.0,41.572,,,,,28.148,369.757,0.119,990.445,14.13,0.0,,25.862,,True,0.0,1737651452.145394,2466c2055d64ad2a_Ch2,1161.2784216403961,False
1737651455.4905856,2025-01-23 17:57:35,DEGASSING,FIRESTING-START,96.0,39.826,5.420778,4.855566,2.42156,,28.179,247.565,0.244,990.445,14.13,0.0,0.49024,,,True,0.0,1737651455.1115637,2466c2055d64ad2a_Ch1,32.0,41.572,,,,,28.148,369.705,0.064,990.445,14.141,0.0,,25.862,,True,0.0,1737651455.342577,2466c2055d64ad2a_Ch2,1164.47660446167,False
1737651458.7877743,2025-01-23 17:57:38,DEGASSING,FIRESTING-START,96.0,40.487,4.960911,4.443649,2.216025,,28.179,251.337,0.254,990.49,14.119,0.0,0.448631,,,True,0.0,1737651458.4087524,2466c2055d64ad2a_Ch1,32.0,41.581,,,,,28.148,369.55,0.204,990.508,14.119,0.0,,25.817,,True,0.0,1737651458.6397655,2466c2055d64ad2a_Ch2,1167.77379322052,False
1737651461.9209533,2025-01-23 17:57:41,DEGASSING,FIRESTING-START,96.0,40.89,4.696974,4.204296,2.096487,,28.179,253.538,0.291,990.481,14.107,0.0,0.42447,,,True,0.0,1737651461.5409317,2466c2055d64ad2a_Ch1,32.0,41.574,,,,,28.14,369.669,0.207,990.517,14.119,0.0,,25.852,,True,0.0,1737651461.7719448,2466c2055d64ad2a_Ch2,1170.906972169876,False
1737651465.076134,2025-01-23 17:57:45,DEGASSING,FIRESTING-START,96.0,41.037,4.592977,4.113441,2.051368,,28.179,254.292,0.068,990.463,14.13,0.0,0.415304,,,True,0.0,1737651464.6961122,2466c2055d64ad2a_Ch1,32.0,41.582,,,,,28.14,369.506,0.056,990.445,14.107,0.0,,25.812,,True,0.0,1737651464.9281251,2466c2055d64ad2a_Ch2,1174.0621528625488,False
1737651468.2383144,2025-01-23 17:57:48,DEGASSING,FIRESTING-START,96.0,41.183,4.503656,4.030942,2.010115,,28.179,255.098,0.198,990.437,14.119,0.0,0.406986,,,True,0.0,1737651467.858293,2466c2055d64ad2a_Ch1,32.0,41.58,,,,,28.14,369.526,0.066,990.508,14.141,0.0,,25.822,,True,0.0,1737651468.0903063,2466c2055d64ad2a_Ch2,1177.2243332862854,False
1737651471.3824944,2025-01-23 17:57:51,DEGASSING,FIRESTING-START,96.0,41.365,4.382886,3.923458,1.956575,,28.179,256.05,0.17,990.428,14.118,0.0,0.396137,,,True,0.0,1737651471.0024726,2466c2055d64ad2a_Ch1,32.0,41.588,,,,,28.14,369.346,0.209,990.472,14.13,0.0,,25.781,,True,0.0,1737651471.234486,2466c2055d64ad2a_Ch2,1180.3685133457184,False
1737651474.6836834,2025-01-23 17:57:54,DEGASSING,FIRESTING-START,96.0,41.493,4.306784,3.852879,1.921198,,28.171,256.811,0.26,990.437,14.13,0.0,0.389008,,,True,0.0,1737651474.3026614,2466c2055d64ad2a_Ch1,32.0,41.593,,,,,28.14,369.219,0.104,990.472,14.119,0.0,,25.756,,True,0.0,1737651474.5346746,2466c2055d64ad2a_Ch2,1183.6697022914886,False
1737651477.8738658,2025-01-23 17:57:57,DEGASSING,FIRESTING-START,96.0,42.047,3.957696,3.539208,1.764684,,28.171,259.815,0.313,990.445,14.13,0.0,0.357335,,,True,0.0,1737651477.4948442,2466c2055d64ad2a_Ch1,32.0,41.592,,,,,28.14,369.231,0.28,990.491,14.13,0.0,,25.761,,True,0.0,1737651477.7258573,2466c2055d64ad2a_Ch2,1186.8598847389221,False
1737651481.184055,2025-01-23 17:58:01,DEGASSING,FIRESTING-START,96.0,41.983,3.997175,3.574789,1.782408,,28.171,259.436,0.23,990.464,14.119,0.0,0.36092,,,True,0.0,1737651480.8050334,2466c2055d64ad2a_Ch1,32.0,41.59,,,,,28.14,369.167,0.292,990.428,14.118,0.0,,25.771,,True,0.0,1737651481.0360465,2466c2055d64ad2a_Ch2,1190.1700739860535,False
1737651484.351236,2025-01-23 17:58:04,DEGASSING,FIRESTING-START,96.0,42.417,3.725283,3.332146,1.661521,,28.171,261.815,0.237,990.428,14.129,0.0,0.336435,,,True,0.0,1737651483.9692144,2466c2055d64ad2a_Ch1,32.0,41.597,,,,,28.14,369.071,0.393,990.401,14.118,0.0,,25.736,,True,0.0,1737651484.2002275,2466c2055d64ad2a_Ch2,1193.3372550010681,False
1737651487.529418,2025-01-23 17:58:07,DEGASSING,FIRESTING-START,96.0,42.149,3.896929,3.483782,1.737106,,28.179,260.243,0.322,990.374,14.118,0.0,0.351764,,,True,0.0,1737651487.1503963,2466c2055d64ad2a_Ch1,32.0,41.599,,,,,28.14,368.995,0.086,990.374,14.118,0.0,,25.726,,True,0.0,1737651487.3814096,2466c2055d64ad2a_Ch2,1196.515436887741,False
1737651490.8616087,2025-01-23 17:58:10,DEGASSING,FIRESTING-START,96.0,41.991,3.997712,3.573325,1.781651,,28.171,259.544,0.225,990.41,14.119,0.0,0.360792,,,True,0.0,1737651490.4825869,2466c2055d64ad2a_Ch1,32.0,41.601,,,,,28.14,369.012,-0.059,990.428,14.129,0.0,,25.716,,True,0.0,1737651490.7136002,2466c2055d64ad2a_Ch2,1199.8476276397705,False
1737651494.0797927,2025-01-23 17:58:14,DEGASSING,FIRESTING-START,96.0,41.994,3.997416,3.572504,1.781086,,28.179,259.657,0.298,990.474,14.118,0.0,0.360686,,,True,0.0,1737651493.700771,2466c2055d64ad2a_Ch1,32.0,41.606,,,,,28.14,369.088,0.257,990.428,14.118,0.0,,25.691,,True,0.0,1737651493.9317842,2466c2055d64ad2a_Ch2,1203.0658116340637,False
1737651497.282976,2025-01-23 17:58:17,DEGASSING,FIRESTING-START,96.0,42.46,3.710922,3.315173,1.652725,,28.171,262.025,0.29,990.464,14.107,0.0,0.334709,,,True,0.0,1737651496.9039543,2466c2055d64ad2a_Ch1,32.0,41.609,,,,,28.14,368.896,0.24,990.455,14.129,0.0,,25.675,,True,0.0,1737651497.1349673,2466c2055d64ad2a_Ch2,1206.268994808197,False
1737651500.4301558,2025-01-23 17:58:20,DEGASSING,FIRESTING-START,96.0,42.84,3.481627,3.109557,1.550241,,28.164,264.205,0.222,990.419,14.106,0.0,0.313963,,,True,0.0,1737651500.0501342,2466c2055d64ad2a_Ch1,32.0,41.611,,,,,28.14,368.964,0.162,990.319,14.118,0.0,,25.665,,True,0.0,1737651500.2821474,2466c2055d64ad2a_Ch2,1209.4161746501923,False
1737651503.576336,2025-01-23 17:58:23,DEGASSING,FIRESTING-START,96.0,42.778,3.520574,3.143852,1.567202,,28.171,263.767,0.193,990.483,14.083,0.0,0.317405,,,True,0.0,1737651503.196314,2466c2055d64ad2a_Ch1,32.0,41.607,,,,,28.132,368.964,0.174,990.428,14.095,0.0,,25.686,,True,0.0,1737651503.4283273,2466c2055d64ad2a_Ch2,1212.5623548030853,False
1737651506.8975258,2025-01-23 17:58:26,DEGASSING,FIRESTING-START,96.0,43.081,3.335499,2.979555,1.485491,,28.171,265.436,0.311,990.401,14.118,0.0,0.300843,,,True,0.0,1737651506.517504,2466c2055d64ad2a_Ch1,32.0,41.615,,,,,28.132,368.741,0.174,990.428,14.107,0.0,,25.645,,True,0.0,1737651506.7495172,2466c2055d64ad2a_Ch2,1215.8835446834564,False
1737651510.0807078,2025-01-23 17:58:30,DEGASSING,FIRESTING-START,96.0,43.515,3.085191,2.754199,1.372932,,28.171,267.627,0.322,990.464,14.119,0.0,0.278071,,,True,0.0,1737651509.7016864,2466c2055d64ad2a_Ch1,32.0,41.611,,,,,28.132,368.716,0.162,990.455,14.118,0.0,,25.665,,True,0.0,1737651509.9326994,2466c2055d64ad2a_Ch2,1219.0667266845703,False
1737651513.245889,2025-01-23 17:58:33,DEGASSING,FIRESTING-START,96.0,43.943,2.835654,2.532222,1.262378,,28.171,269.938,0.221,990.428,14.118,0.0,0.255669,,,True,0.0,1737651512.8658674,2466c2055d64ad2a_Ch1,32.0,41.617,,,,,28.132,368.609,-0.095,990.438,14.129,0.0,,25.635,,True,0.0,1737651513.0968804,2466c2055d64ad2a_Ch2,1222.2319078445435,False
1737651516.4850743,2025-01-23 17:58:36,DEGASSING,FIRESTING-START,96.0,43.943,2.839437,2.534415,1.263334,,28.164,269.854,0.26,990.474,14.118,0.0,0.255879,,,True,0.0,1737651516.1050525,2466c2055d64ad2a_Ch1,32.0,41.623,,,,,28.132,368.677,0.24,990.419,14.118,0.0,,25.605,,True,0.0,1737651516.3360658,2466c2055d64ad2a_Ch2,1225.4710931777954,False
1737651519.6862574,2025-01-23 17:58:39,DEGASSING,FIRESTING-START,96.0,43.545,3.073017,2.741621,1.366563,,28.171,267.828,0.363,990.455,14.107,0.0,0.276804,,,True,0.0,1737651519.3062356,2466c2055d64ad2a_Ch1,32.0,41.627,,,,,28.132,368.694,0.295,990.455,14.107,0.0,,25.585,,True,0.0,1737651519.5372488,2466c2055d64ad2a_Ch2,1228.6722762584686,False
1737651522.9884462,2025-01-23 17:58:42,DEGASSING,FIRESTING-START,96.0,43.737,2.964177,2.643693,1.317784,,28.164,268.905,0.181,990.392,14.106,0.0,0.266934,,,True,0.0,1737651522.6094244,2466c2055d64ad2a_Ch1,32.0,41.628,,,,,28.132,368.642,0.207,990.428,14.107,0.0,,25.58,,True,0.0,1737651522.8404377,2466c2055d64ad2a_Ch2,1231.9744651317596,False
1737651526.186629,2025-01-23 17:58:46,DEGASSING,FIRESTING-START,96.0,43.502,3.101472,2.765928,1.378634,,28.164,267.654,0.217,990.438,14.118,0.0,0.279263,,,True,0.0,1737651525.8066072,2466c2055d64ad2a_Ch1,32.0,41.627,,,,,28.132,368.586,0.182,990.465,14.129,0.0,,25.585,,True,0.0,1737651526.0376205,2466c2055d64ad2a_Ch2,1235.1726479530334,False
1737651529.3858123,2025-01-23 17:58:49,DEGASSING,FIRESTING-START,96.0,43.75,2.956666,2.636994,1.31437,,28.164,268.837,0.261,990.447,14.118,0.0,0.266242,,,True,0.0,1737651529.0057902,2466c2055d64ad2a_Ch1,32.0,41.629,,,,,28.132,368.434,0.129,990.419,14.106,0.0,,25.575,,True,0.0,1737651529.2368035,2466c2055d64ad2a_Ch2,1238.3718311786652,False
1737651532.5929956,2025-01-23 17:58:52,DEGASSING,FIRESTING-START,96.0,43.972,2.830441,2.524022,1.257975,,28.164,270.023,0.342,990.493,14.106,0.0,0.254824,,,True,0.0,1737651532.2129738,2466c2055d64ad2a_Ch1,32.0,41.635,,,,,28.125,368.454,0.187,990.474,14.094,0.0,,25.545,,True,0.0,1737651532.444987,2466c2055d64ad2a_Ch2,1241.5790145397186,False
1737651535.7431757,2025-01-23 17:58:55,DEGASSING,FIRESTING-START,96.0,43.909,2.870299,2.558367,1.275124,,28.164,269.777,0.35,990.411,14.129,0.0,0.258313,,,True,0.0,1737651535.364154,2466c2055d64ad2a_Ch1,32.0,41.637,,,,,28.132,368.394,0.134,990.455,14.107,0.0,,25.534,,True,0.0,1737651535.5951672,2466c2055d64ad2a_Ch2,1244.7291946411133,False
1737651539.0283635,2025-01-23 17:58:59,DEGASSING,FIRESTING-START,96.0,43.972,2.835612,2.527015,1.259459,,28.164,270.119,0.152,990.419,14.106,0.0,0.255146,,,True,0.0,1737651538.6483421,2466c2055d64ad2a_Ch1,32.0,41.634,,,,,28.125,368.434,0.137,990.438,14.094,0.0,,25.55,,True,0.0,1737651538.8803551,2466c2055d64ad2a_Ch2,1248.0143823623657,False
1737651542.2275467,2025-01-23 17:59:02,DEGASSING,FIRESTING-START,96.0,43.766,2.951965,2.631363,1.311545,,28.156,269.054,0.262,990.392,14.106,0.0,0.265689,,,True,0.0,1737651541.8485248,2466c2055d64ad2a_Ch1,32.0,41.64,,,,,28.125,368.407,0.199,990.411,14.106,0.0,,25.519,,True,0.0,1737651542.079538,2466c2055d64ad2a_Ch2,1251.2135655879974,False
1737651545.4377303,2025-01-23 17:59:05,DEGASSING,FIRESTING-START,96.0,43.892,2.883375,2.568978,1.280296,,28.156,269.712,0.299,990.448,14.106,0.0,0.259375,,,True,0.0,1737651545.0587084,2466c2055d64ad2a_Ch1,32.0,41.646,,,,,28.125,368.323,0.169,990.411,14.106,0.0,,25.489,,True,0.0,1737651545.2897215,2466c2055d64ad2a_Ch2,1254.4237492084503,False
1737651548.6219122,2025-01-23 17:59:08,DEGASSING,FIRESTING-START,96.0,44.555,2.512289,2.237305,1.114933,,28.156,273.03,0.182,990.448,14.118,0.0,0.225888,,,True,0.0,1737651548.2428906,2466c2055d64ad2a_Ch1,32.0,41.642,,,,,28.125,368.335,0.169,990.394,14.118,0.0,,25.509,,True,0.0,1737651548.473904,2466c2055d64ad2a_Ch2,1257.607931137085,False
1737651551.8860989,2025-01-23 17:59:11,DEGASSING,FIRESTING-START,96.0,44.794,2.37788,2.11827,1.055696,,28.164,274.392,0.183,990.411,14.129,0.0,0.213877,,,True,0.0,1737651551.5060773,2466c2055d64ad2a_Ch1,32.0,41.651,,,,,28.125,368.24,0.25,990.52,14.106,0.0,,25.464,,True,0.0,1737651551.7370906,2466c2055d64ad2a_Ch2,1260.8721177577972,False
1737651555.081282,2025-01-23 17:59:15,DEGASSING,FIRESTING-START,96.0,44.832,2.36209,2.102724,1.047872,,28.156,274.502,-0.034,990.394,14.118,0.0,0.212311,,,True,0.0,1737651554.70126,2466c2055d64ad2a_Ch1,32.0,41.65,,,,,28.125,368.348,-0.228,990.402,14.106,0.0,,25.469,,True,0.0,1737651554.9332733,2466c2055d64ad2a_Ch2,1264.0673007965088,False
1737651558.1914597,2025-01-23 17:59:18,DEGASSING,FIRESTING-START,96.0,45.043,2.246292,1.999796,0.996533,,28.156,275.54,0.294,990.448,14.129,0.0,0.201908,,,True,0.0,1737651557.8114378,2466c2055d64ad2a_Ch1,32.0,41.654,,,,,28.125,368.216,0.232,990.448,14.118,0.0,,25.449,,True,0.0,1737651558.0424511,2466c2055d64ad2a_Ch2,1267.1774785518646,False
1737651561.2966373,2025-01-23 17:59:21,DEGASSING,FIRESTING-START,96.0,45.075,2.231094,1.985645,0.989424,,28.156,275.793,0.29,990.465,14.118,0.0,0.200476,,,True,0.0,1737651560.9166155,2466c2055d64ad2a_Ch1,32.0,41.658,,,,,28.125,368.26,0.094,990.402,14.129,0.0,,25.429,,True,0.0,1737651561.1486287,2466c2055d64ad2a_Ch2,1270.2826561927795,False
1737651564.417816,2025-01-23 17:59:24,DEGASSING,FIRESTING-START,96.0,45.055,2.244142,1.996632,0.994943,,28.156,275.728,0.266,990.384,14.129,0.0,0.201601,,,True,0.0,1737651564.037794,2466c2055d64ad2a_Ch1,32.0,41.659,,,,,28.125,368.148,0.169,990.411,14.118,0.0,,25.424,,True,0.0,1737651564.2688074,2466c2055d64ad2a_Ch2,1273.4038348197937,False
1737651567.5469947,2025-01-23 17:59:27,DEGASSING,FIRESTING-START,96.0,45.052,2.246321,1.998415,0.995754,,28.148,275.58,0.225,990.448,14.118,0.0,0.201768,,,True,0.0,1737651567.167973,2466c2055d64ad2a_Ch1,32.0,41.665,,,,,28.117,368.173,0.104,990.493,14.118,0.0,,25.394,,True,0.0,1737651567.3989863,2466c2055d64ad2a_Ch2,1276.5330135822296,False
1737651570.8131816,2025-01-23 17:59:30,DEGASSING,FIRESTING-START,96.0,45.196,2.171505,1.930947,0.962079,,28.148,276.399,0.299,990.448,14.106,0.0,0.194956,,,True,0.0,1737651570.4331598,2466c2055d64ad2a_Ch1,32.0,41.667,,,,,28.117,368.069,0.292,990.467,14.118,0.0,,25.384,,True,0.0,1737651570.665173,2466c2055d64ad2a_Ch2,1279.7992005348206,False
1737651573.9923635,2025-01-23 17:59:33,DEGASSING,FIRESTING-START,96.0,45.391,2.06765,1.838309,0.915896,,28.156,277.388,0.276,990.457,14.118,0.0,0.185602,,,True,0.0,1737651573.6123416,2466c2055d64ad2a_Ch1,32.0,41.666,,,,,28.117,368.137,0.189,990.448,14.118,0.0,,25.389,,True,0.0,1737651573.843355,2466c2055d64ad2a_Ch2,1282.9783823490143,False
1737651577.1725452,2025-01-23 17:59:37,DEGASSING,FIRESTING-START,96.0,45.25,2.14289,1.905352,0.949317,,28.148,276.677,0.149,990.448,14.118,0.0,0.192372,,,True,0.0,1737651576.7935238,2466c2055d64ad2a_Ch1,32.0,41.667,,,,,28.125,368.033,0.192,990.465,14.106,0.0,,25.384,,True,0.0,1737651577.0245368,2466c2055d64ad2a_Ch2,1286.1585640907288,False
1737651580.3217254,2025-01-23 17:59:40,DEGASSING,FIRESTING-START,96.0,45.043,2.255603,2.005415,0.99917,,28.148,275.572,0.246,990.44,14.118,0.0,0.202477,,,True,0.0,1737651579.942704,2466c2055d64ad2a_Ch1,32.0,41.674,,,,,28.117,368.089,0.255,990.448,14.106,0.0,,25.348,,True,0.0,1737651580.173717,2466c2055d64ad2a_Ch2,1289.3077442646027,False
1737651583.4629052,2025-01-23 17:59:43,DEGASSING,FIRESTING-START,96.0,44.668,2.465913,2.19116,1.091627,,28.156,273.687,0.157,990.448,14.118,0.0,0.221229,,,True,0.0,1737651583.0828834,2466c2055d64ad2a_Ch1,32.0,41.68,,,,,28.125,367.866,0.157,990.394,14.118,0.0,,25.318,,True,0.0,1737651583.3138967,2466c2055d64ad2a_Ch2,1292.4489240646362,False
1737651586.8590994,2025-01-23 17:59:46,DEGASSING,FIRESTING-START,96.0,45.022,2.274329,2.01997,1.006252,,28.156,275.511,0.278,990.475,14.129,0.0,0.203939,,,True,0.0,1737651586.4790776,2466c2055d64ad2a_Ch1,32.0,41.676,,,,,28.117,367.97,0.229,990.484,14.129,0.0,,25.338,,True,0.0,1737651586.711091,2466c2055d64ad2a_Ch2,1295.8451182842255,False
1737651590.0122797,2025-01-23 17:59:50,DEGASSING,FIRESTING-START,96.0,45.228,2.160214,1.91922,0.956146,,28.148,276.608,0.108,990.431,14.117,0.0,0.193776,,,True,0.0,1737651589.632258,2466c2055d64ad2a_Ch1,32.0,41.676,,,,,28.117,367.814,0.024,990.366,14.106,0.0,,25.338,,True,0.0,1737651589.8632712,2466c2055d64ad2a_Ch2,1298.9982986450195,False
1737651593.1784606,2025-01-23 17:59:53,DEGASSING,FIRESTING-START,96.0,45.574,1.974745,1.754442,0.874039,,28.14,278.216,0.21,990.448,14.106,0.0,0.177136,,,True,0.0,1737651592.7984393,2466c2055d64ad2a_Ch1,32.0,41.68,,,,,28.117,367.87,0.214,990.448,14.106,0.0,,25.318,,True,0.0,1737651593.0294523,2466c2055d64ad2a_Ch2,1302.1644794940948,False
1737651596.3186405,2025-01-23 17:59:56,DEGASSING,FIRESTING-START,96.0,45.625,1.949688,1.731637,0.862643,,28.148,278.566,0.381,990.448,14.106,0.0,0.174833,,,True,0.0,1737651595.9386187,2466c2055d64ad2a_Ch1,32.0,41.686,,,,,28.117,367.954,0.237,990.485,14.117,0.0,,25.288,,True,0.0,1737651596.169632,2466c2055d64ad2a_Ch2,1305.3046593666077,False
1737651599.4628203,2025-01-23 17:59:59,DEGASSING,FIRESTING-START,96.0,45.891,1.812353,1.608903,0.801392,,28.148,279.835,0.315,990.521,14.106,0.0,0.16243,,,True,0.0,1737651599.0817983,2466c2055d64ad2a_Ch1,32.0,41.688,,,,,28.109,367.871,0.111,990.44,14.106,0.0,,25.278,,True,0.0,1737651599.3138118,2466c2055d64ad2a_Ch2,1308.448839187622,False
1737651602.77801,2025-01-23 18:00:02,DEGASSING,FIRESTING-START,96.0,45.807,1.857472,1.648698,0.821251,,28.148,279.487,0.321,990.458,14.105,0.0,0.166458,,,True,0.0,1737651602.397988,2466c2055d64ad2a_Ch1,32.0,41.685,,,,,28.117,367.946,0.174,990.448,14.118,0.0,,25.293,,True,0.0,1737651602.6290011,2466c2055d64ad2a_Ch2,1311.764028787613,False
1737651605.9241898,2025-01-23 18:00:05,DEGASSING,FIRESTING-START,96.0,46.019,1.74496,1.549197,0.771689,,28.14,280.537,0.347,990.485,14.105,0.0,0.156407,,,True,0.0,1737651605.5451682,2466c2055d64ad2a_Ch1,32.0,41.695,,,,,28.109,367.879,0.174,990.44,14.106,0.0,,25.243,,True,0.0,1737651605.7761815,2466c2055d64ad2a_Ch2,1314.9102087020874,False
1737651609.108372,2025-01-23 18:00:09,DEGASSING,FIRESTING-START,96.0,46.239,1.635498,1.450875,0.722661,,28.148,281.535,0.16,990.458,14.105,0.0,0.146485,,,True,0.0,1737651608.7283502,2466c2055d64ad2a_Ch1,32.0,41.698,,,,,28.117,367.824,0.172,990.467,14.106,0.0,,25.228,,True,0.0,1737651608.9593632,2466c2055d64ad2a_Ch2,1318.0943908691406,False
1737651612.2385511,2025-01-23 18:00:12,DEGASSING,FIRESTING-START,96.0,46.144,1.686079,1.495393,0.744833,,28.148,281.146,0.177,990.431,14.105,0.0,0.150984,,,True,0.0,1737651611.8585293,2466c2055d64ad2a_Ch1,32.0,41.697,,,,,28.109,367.919,0.157,990.458,14.105,0.0,,25.233,,True,0.0,1737651612.0905426,2466c2055d64ad2a_Ch2,1321.2245700359344,False
1737651615.3777306,2025-01-23 18:00:15,DEGASSING,FIRESTING-START,96.0,46.076,1.720958,1.526447,0.760308,,28.14,280.735,0.188,990.431,14.105,0.0,0.154119,,,True,0.0,1737651614.9977088,2466c2055d64ad2a_Ch1,32.0,41.7,,,,,28.109,367.796,0.197,990.45,14.117,0.0,,25.218,,True,0.0,1737651615.229722,2466c2055d64ad2a_Ch2,1324.3637495040894,False
1737651618.5919144,2025-01-23 18:00:18,DEGASSING,FIRESTING-START,96.0,46.062,1.729674,1.533816,0.763913,,28.14,280.683,0.217,990.485,14.094,0.0,0.154855,,,True,0.0,1737651618.2128928,2466c2055d64ad2a_Ch1,32.0,41.7,,,,,28.109,367.74,0.119,990.502,14.118,0.0,,25.218,,True,0.0,1737651618.444906,2466c2055d64ad2a_Ch2,1327.5779333114624,False
1737651621.8270993,2025-01-23 18:00:21,DEGASSING,FIRESTING-START,96.0,45.849,1.841253,1.632761,0.813192,,28.148,279.621,0.294,990.485,14.094,0.0,0.164844,,,True,0.0,1737651621.4470778,2466c2055d64ad2a_Ch1,32.0,41.706,,,,,28.109,367.64,0.373,990.458,14.094,0.0,,25.188,,True,0.0,1737651621.679091,2466c2055d64ad2a_Ch2,1330.8131182193756,False
1737651624.9622786,2025-01-23 18:00:24,DEGASSING,FIRESTING-START,96.0,46.111,1.706987,1.512983,0.753492,,28.14,280.937,0.334,990.485,14.094,0.0,0.152751,,,True,0.0,1737651624.5822568,2466c2055d64ad2a_Ch1,32.0,41.711,,,,,28.109,367.697,0.3,990.485,14.094,0.0,,25.163,,True,0.0,1737651624.8132703,2466c2055d64ad2a_Ch2,1333.9482975006104,False
1737651628.0754569,2025-01-23 18:00:28,DEGASSING,FIRESTING-START,96.0,46.288,1.617535,1.433133,0.713649,,28.14,281.825,0.213,990.54,14.117,0.0,0.144682,,,True,0.0,1737651627.695435,2466c2055d64ad2a_Ch1,32.0,41.704,,,,,28.109,367.8,0.109,990.458,14.105,0.0,,25.198,,True,0.0,1737651627.9264483,2466c2055d64ad2a_Ch2,1337.0614757537842,False
1737651631.223637,2025-01-23 18:00:31,DEGASSING,FIRESTING-START,96.0,46.212,1.653616,1.465909,0.730042,,28.14,281.362,0.34,990.513,14.105,0.0,0.147995,,,True,0.0,1737651630.843615,2466c2055d64ad2a_Ch1,32.0,41.711,,,,,28.109,367.629,0.199,990.494,14.106,0.0,,25.163,,True,0.0,1737651631.0746284,2466c2055d64ad2a_Ch2,1340.2096560001373,False
1737651634.444821,2025-01-23 18:00:34,DEGASSING,FIRESTING-START,96.0,46.277,1.623219,1.43817,0.716204,,28.14,281.773,0.318,990.477,14.094,0.0,0.145199,,,True,0.0,1737651634.0647995,2466c2055d64ad2a_Ch1,32.0,41.713,,,,,28.101,367.705,0.189,990.513,14.105,0.0,,25.153,,True,0.0,1737651634.2968125,2466c2055d64ad2a_Ch2,1343.4308397769928,False
1737651637.5990016,2025-01-23 18:00:37,DEGASSING,FIRESTING-START,96.0,46.262,1.631893,1.445627,0.719903,,28.14,281.688,0.254,990.477,14.117,0.0,0.145952,,,True,0.0,1737651637.2189798,2466c2055d64ad2a_Ch1,32.0,41.717,,,,,28.101,367.629,0.177,990.458,14.105,0.0,,25.133,,True,0.0,1737651637.449993,2466c2055d64ad2a_Ch2,1346.5850205421448,False
1737651640.772183,2025-01-23 18:00:40,DEGASSING,FIRESTING-START,96.0,46.193,1.669511,1.478485,0.736216,,28.14,281.353,0.266,990.504,14.094,0.0,0.149265,,,True,0.0,1737651640.3921614,2466c2055d64ad2a_Ch1,32.0,41.72,,,,,28.109,367.617,0.169,990.458,14.117,0.0,,25.117,,True,0.0,1737651640.6231744,2466c2055d64ad2a_Ch2,1349.7582018375397,False
1737651643.9603653,2025-01-23 18:00:43,DEGASSING,FIRESTING-START,96.0,45.93,1.808491,1.601159,0.797322,,28.132,280.104,0.294,990.45,14.117,0.0,0.161659,,,True,0.0,1737651643.5803435,2466c2055d64ad2a_Ch1,32.0,41.721,,,,,28.101,367.637,0.089,990.468,14.094,0.0,,25.112,,True,0.0,1737651643.8113568,2466c2055d64ad2a_Ch2,1352.946384191513,False
1737651647.1255465,2025-01-23 18:00:47,DEGASSING,FIRESTING-START,96.0,46.023,1.760156,1.558242,0.775929,,28.14,280.521,0.348,990.468,14.105,0.0,0.157323,,,True,0.0,1737651646.7455246,2466c2055d64ad2a_Ch1,32.0,41.731,,,,,28.101,367.478,0.142,990.504,14.117,0.0,,25.062,,True,0.0,1737651646.976538,2466c2055d64ad2a_Ch2,1356.1115653514862,False
1737651650.3757322,2025-01-23 18:00:50,DEGASSING,FIRESTING-START,96.0,45.988,1.783332,1.577513,0.78544,,28.132,280.411,0.134,990.477,14.094,0.0,0.159268,,,True,0.0,1737651649.9957106,2466c2055d64ad2a_Ch1,32.0,41.728,,,,,28.101,367.474,0.295,990.523,14.094,0.0,,25.077,,True,0.0,1737651650.226724,2466c2055d64ad2a_Ch2,1359.3617510795593,False
1737651653.4899104,2025-01-23 18:00:53,DEGASSING,FIRESTING-START,96.0,46.315,1.611463,1.425818,0.709892,,28.132,281.854,0.214,990.531,14.105,0.0,0.143944,,,True,0.0,1737651653.1098888,2466c2055d64ad2a_Ch1,32.0,41.726,,,,,28.101,367.43,0.207,990.496,14.105,0.0,,25.087,,True,0.0,1737651653.341902,2466c2055d64ad2a_Ch2,1362.475929260254,False
1737651656.7390964,2025-01-23 18:00:56,DEGASSING,FIRESTING-START,96.0,46.237,1.650949,1.460986,0.727449,,28.132,281.631,0.127,990.487,14.093,0.0,0.147501,,,True,0.0,1737651656.3580747,2466c2055d64ad2a_Ch1,32.0,41.732,,,,,28.101,367.574,-0.017,990.504,14.094,0.0,,25.057,,True,0.0,1737651656.5900877,2466c2055d64ad2a_Ch2,1365.7251152992249,False
1737651659.882276,2025-01-23 18:00:59,DEGASSING,FIRESTING-START,96.0,46.341,1.599849,1.415095,0.704565,,28.132,282.06,0.122,990.477,14.094,0.0,0.14287,,,True,0.0,1737651659.5042546,2466c2055d64ad2a_Ch1,32.0,41.732,,,,,28.101,367.518,0.322,990.496,14.094,0.0,,25.057,,True,0.0,1737651659.7362678,2466c2055d64ad2a_Ch2,1368.8682949543,False
1737651663.0594578,2025-01-23 18:01:03,DEGASSING,FIRESTING-START,96.0,46.335,1.602951,1.417839,0.705897,,28.132,282.071,0.088,990.523,14.094,0.0,0.14314,,,True,0.0,1737651662.679436,2466c2055d64ad2a_Ch1,32.0,41.732,,,,,28.093,367.406,0.197,990.477,14.105,0.0,,25.057,,True,0.0,1737651662.9104493,2466c2055d64ad2a_Ch2,1372.0454766750336,False
1737651666.2916427,2025-01-23 18:01:06,DEGASSING,FIRESTING-START,96.0,46.235,1.654771,1.463675,0.728745,,28.125,281.679,0.382,990.487,14.105,0.0,0.147773,,,True,0.0,1737651665.9116209,2466c2055d64ad2a_Ch1,32.0,41.734,,,,,28.101,367.386,0.111,990.414,14.117,0.0,,25.047,,True,0.0,1737651666.142634,2466c2055d64ad2a_Ch2,1375.277661561966,False
1737651669.423822,2025-01-23 18:01:09,DEGASSING,FIRESTING-START,96.0,46.52,1.508606,1.334179,0.664258,,28.125,282.888,-0.041,990.487,14.093,0.0,0.134699,,,True,0.0,1737651669.0438,2466c2055d64ad2a_Ch1,32.0,41.744,,,,,28.101,367.371,0.224,990.468,14.117,0.0,,24.997,,True,0.0,1737651669.2748132,2466c2055d64ad2a_Ch2,1378.4098408222198,False
1737651672.674008,2025-01-23 18:01:12,DEGASSING,FIRESTING-START,96.0,46.365,1.592915,1.407627,0.700776,,28.125,282.321,0.266,990.46,14.117,0.0,0.142118,,,True,0.0,1737651672.293986,2466c2055d64ad2a_Ch1,32.0,41.74,,,,,28.101,367.375,0.013,990.468,14.105,0.0,,25.017,,True,0.0,1737651672.5249991,2466c2055d64ad2a_Ch2,1381.6600267887115,False
1737651675.8371887,2025-01-23 18:01:15,DEGASSING,FIRESTING-START,96.0,46.548,1.496908,1.323206,0.658762,,28.132,283.069,0.129,990.478,14.105,0.0,0.133592,,,True,0.0,1737651675.457167,2466c2055d64ad2a_Ch1,32.0,41.743,,,,,28.101,367.419,0.265,990.487,14.093,0.0,,25.002,,True,0.0,1737651675.6891801,2466c2055d64ad2a_Ch2,1384.823207616806,False
1737651679.0213706,2025-01-23 18:01:19,DEGASSING,FIRESTING-START,96.0,46.594,1.474675,1.303243,0.648731,,28.125,283.271,0.285,990.586,14.105,0.0,0.131562,,,True,0.0,1737651678.641349,2466c2055d64ad2a_Ch1,32.0,41.745,,,,,28.093,367.359,0.064,990.514,14.105,0.0,,24.992,,True,0.0,1737651678.8723621,2466c2055d64ad2a_Ch2,1388.0073895454407,False
1737651682.2615561,2025-01-23 18:01:22,DEGASSING,FIRESTING-START,96.0,46.679,1.432139,1.265452,0.62999,,28.125,283.759,0.241,990.46,14.105,0.0,0.127764,,,True,0.0,1737651681.881534,2466c2055d64ad2a_Ch1,32.0,41.747,,,,,28.093,367.48,0.272,990.506,14.105,0.0,,24.982,,True,0.0,1737651682.1135476,2466c2055d64ad2a_Ch2,1391.247575044632,False
1737651685.3977354,2025-01-23 18:01:25,DEGASSING,FIRESTING-START,96.0,46.69,1.427397,1.261063,0.627762,,28.125,283.836,0.288,990.506,14.117,0.0,0.127315,,,True,0.0,1737651685.0177135,2466c2055d64ad2a_Ch1,32.0,41.754,,,,,28.093,367.356,0.106,990.533,14.105,0.0,,24.947,,True,0.0,1737651685.249727,2466c2055d64ad2a_Ch2,1394.3837542533875,False
1737651688.5619164,2025-01-23 18:01:28,DEGASSING,FIRESTING-START,96.0,46.768,1.390703,1.227964,0.611238,,28.125,284.224,0.24,990.514,14.105,0.0,0.123972,,,True,0.0,1737651688.1808946,2466c2055d64ad2a_Ch1,32.0,41.749,,,,,28.093,367.364,0.217,990.506,14.105,0.0,,24.972,,True,0.0,1737651688.4129078,2466c2055d64ad2a_Ch2,1397.5479352474213,False
1737651691.8001015,2025-01-23 18:01:31,DEGASSING,FIRESTING-START,96.0,46.885,1.329297,1.174208,0.584481,,28.117,284.765,0.203,990.56,14.105,0.0,0.118539,,,True,0.0,1737651691.42008,2466c2055d64ad2a_Ch1,32.0,41.753,,,,,28.093,367.308,-0.047,990.496,14.105,0.0,,24.952,,True,0.0,1737651691.6520932,2466c2055d64ad2a_Ch2,1400.786120414734,False
1737651694.9282806,2025-01-23 18:01:34,DEGASSING,FIRESTING-START,96.0,46.785,1.381637,1.220056,0.60733,,28.125,284.184,-0.028,990.478,14.093,0.0,0.123178,,,True,0.0,1737651694.549259,2466c2055d64ad2a_Ch1,32.0,41.757,,,,,28.085,367.292,-0.132,990.569,14.105,0.0,,24.932,,True,0.0,1737651694.7802722,2466c2055d64ad2a_Ch2,1403.9142994880676,False
1737651698.2154686,2025-01-23 18:01:38,DEGASSING,FIRESTING-START,96.0,46.585,1.485445,1.311307,0.65271,,28.117,283.363,0.352,990.506,14.093,0.0,0.132387,,,True,0.0,1737651697.834447,2466c2055d64ad2a_Ch1,32.0,41.754,,,,,28.093,367.3,0.39,990.614,14.105,0.0,,24.947,,True,0.0,1737651698.0664601,2466c2055d64ad2a_Ch2,1407.2014875411987,False
1737651701.3556483,2025-01-23 18:01:41,DEGASSING,FIRESTING-START,96.0,46.766,1.391719,1.228861,0.611695,,28.117,284.183,0.201,990.497,14.093,0.0,0.124065,,,True,0.0,1737651700.9756265,2466c2055d64ad2a_Ch1,32.0,41.759,,,,,28.093,367.221,0.039,990.497,14.105,0.0,,24.922,,True,0.0,1737651701.2066395,2466c2055d64ad2a_Ch2,1410.341667175293,False
1737651704.5138288,2025-01-23 18:01:44,DEGASSING,FIRESTING-START,96.0,46.678,1.438717,1.269856,0.632065,,28.125,283.699,0.27,990.506,14.082,0.0,0.128202,,,True,0.0,1737651704.132807,2466c2055d64ad2a_Ch1,32.0,41.761,,,,,28.085,367.269,0.202,990.497,14.116,0.0,,24.912,,True,0.0,1737651704.3648202,2466c2055d64ad2a_Ch2,1413.499847650528,False
1737651707.6890104,2025-01-23 18:01:47,DEGASSING,FIRESTING-START,96.0,46.734,1.411007,1.245202,0.619787,,28.117,284.086,0.191,990.497,14.105,0.0,0.125714,,,True,0.0,1737651707.3089886,2466c2055d64ad2a_Ch1,32.0,41.768,,,,,28.085,367.413,0.159,990.533,14.105,0.0,,24.877,,True,0.0,1737651707.541002,2466c2055d64ad2a_Ch2,1416.6750292778015,False
1737651710.844191,2025-01-23 18:01:50,DEGASSING,FIRESTING-START,96.0,46.698,1.432402,1.263381,0.62878,,28.117,284.06,0.109,990.516,14.093,0.0,0.127547,,,True,0.0,1737651710.4641693,2466c2055d64ad2a_Ch1,32.0,41.769,,,,,28.085,367.433,0.327,990.552,14.093,0.0,,24.872,,True,0.0,1737651710.6961823,2466c2055d64ad2a_Ch2,1419.8302099704742,False
1737651714.1433797,2025-01-23 18:01:54,DEGASSING,FIRESTING-START,96.0,46.636,1.464572,1.291652,0.642773,,28.117,283.697,0.251,990.623,14.105,0.0,0.130387,,,True,0.0,1737651713.7643578,2466c2055d64ad2a_Ch1,32.0,41.768,,,,,28.078,367.341,0.137,990.56,14.105,0.0,,24.877,,True,0.0,1737651713.995371,2466c2055d64ad2a_Ch2,1423.1293985843658,False
1737651717.3115606,2025-01-23 18:01:57,DEGASSING,FIRESTING-START,96.0,46.853,1.353476,1.193768,0.594084,,28.109,284.72,0.323,990.597,14.105,0.0,0.12051,,,True,0.0,1737651716.9315393,2466c2055d64ad2a_Ch1,32.0,41.767,,,,,28.085,367.229,0.418,990.56,14.117,0.0,,24.882,,True,0.0,1737651717.1635523,2466c2055d64ad2a_Ch2,1426.2975795269012,False
1737651720.4877424,2025-01-23 18:02:00,DEGASSING,FIRESTING-START,96.0,46.973,1.292344,1.13994,0.567333,,28.117,285.297,0.359,990.543,14.093,0.0,0.115082,,,True,0.0,1737651720.1077206,2466c2055d64ad2a_Ch1,32.0,41.773,,,,,28.085,367.286,0.315,990.524,14.105,0.0,,24.852,,True,0.0,1737651720.339734,2466c2055d64ad2a_Ch2,1429.4737613201141,False
1737651723.607921,2025-01-23 18:02:03,DEGASSING,FIRESTING-START,96.0,46.917,1.323141,1.16655,0.580548,,28.109,284.967,0.251,990.535,14.105,0.0,0.117769,,,True,0.0,1737651723.2288992,2466c2055d64ad2a_Ch1,32.0,41.773,,,,,28.085,367.19,0.197,990.497,14.105,0.0,,24.852,,True,0.0,1737651723.4609125,2466c2055d64ad2a_Ch2,1432.593939781189,False
1737651726.8421059,2025-01-23 18:02:06,DEGASSING,FIRESTING-START,96.0,46.875,1.344423,1.185314,0.58987,,28.109,284.821,0.22,990.56,14.105,0.0,0.119661,,,True,0.0,1737651726.462084,2466c2055d64ad2a_Ch1,32.0,41.776,,,,,28.085,367.286,0.194,990.489,14.105,0.0,,24.837,,True,0.0,1737651726.6940975,2466c2055d64ad2a_Ch2,1435.8281247615814,False
1737651730.0932918,2025-01-23 18:02:10,DEGASSING,FIRESTING-START,96.0,46.935,1.315282,1.159345,0.576952,,28.117,285.079,0.342,990.524,14.093,0.0,0.117043,,,True,0.0,1737651729.7132702,2466c2055d64ad2a_Ch1,32.0,41.775,,,,,28.078,367.278,0.124,990.524,14.093,0.0,,24.842,,True,0.0,1737651729.9452834,2466c2055d64ad2a_Ch2,1439.0793106555939,False
1737651733.2654734,2025-01-23 18:02:13,DEGASSING,FIRESTING-START,96.0,46.947,1.308796,1.153719,0.574151,,28.109,285.112,0.396,990.535,14.105,0.0,0.116474,,,True,0.0,1737651732.8854516,2466c2055d64ad2a_Ch1,32.0,41.779,,,,,28.078,367.198,0.325,990.497,14.105,0.0,,24.822,,True,0.0,1737651733.1174648,2466c2055d64ad2a_Ch2,1442.2514922618866,False
1737651736.4236538,2025-01-23 18:02:16,DEGASSING,FIRESTING-START,96.0,46.992,1.287711,1.134773,0.564712,,28.109,285.37,0.215,990.516,14.105,0.0,0.114563,,,True,0.0,1737651736.043632,2466c2055d64ad2a_Ch1,32.0,41.784,,,,,28.078,367.063,0.252,990.543,14.105,0.0,,24.797,,True,0.0,1737651736.2756455,2466c2055d64ad2a_Ch2,1445.4096727371216,False
1737651739.605836,2025-01-23 18:02:19,DEGASSING,FIRESTING-START,96.0,47.258,1.156172,1.018451,0.506815,,28.109,286.639,0.304,990.489,14.105,0.0,0.102823,,,True,0.0,1737651739.2258143,2466c2055d64ad2a_Ch1,32.0,41.783,,,,,28.078,367.255,0.275,990.535,14.105,0.0,,24.802,,True,0.0,1737651739.4578276,2466c2055d64ad2a_Ch2,1448.5918548107147,False
1737651742.7490158,2025-01-23 18:02:22,DEGASSING,FIRESTING-START,96.0,47.022,1.27422,1.122527,0.558606,,28.109,285.619,0.211,990.499,14.092,0.0,0.113329,,,True,0.0,1737651742.368994,2466c2055d64ad2a_Ch1,32.0,41.786,,,,,28.078,367.235,0.149,990.526,14.092,0.0,,24.787,,True,0.0,1737651742.6010075,2466c2055d64ad2a_Ch2,1451.7350347042084,False
1737651746.039204,2025-01-23 18:02:26,DEGASSING,FIRESTING-START,96.0,47.041,1.265863,1.114899,0.554805,,28.109,285.616,0.224,990.48,14.105,0.0,0.112561,,,True,0.0,1737651745.659182,2466c2055d64ad2a_Ch1,32.0,41.786,,,,,28.078,367.115,0.307,990.535,14.093,0.0,,24.787,,True,0.0,1737651745.8921957,2466c2055d64ad2a_Ch2,1455.0252227783203,False
1737651749.1993847,2025-01-23 18:02:29,DEGASSING,FIRESTING-START,96.0,47.009,1.282015,1.129125,0.561872,,28.117,285.471,0.216,990.499,14.092,0.0,0.113995,,,True,0.0,1737651748.819363,2466c2055d64ad2a_Ch1,32.0,41.793,,,,,28.07,367.259,0.222,990.499,14.104,0.0,,24.752,,True,0.0,1737651749.0503762,2466c2055d64ad2a_Ch2,1458.185403585434,False
1737651752.3375642,2025-01-23 18:02:32,DEGASSING,FIRESTING-START,96.0,47.117,1.230432,1.083091,0.538904,,28.101,286.024,0.225,990.543,14.105,0.0,0.109343,,,True,0.0,1737651751.9575424,2466c2055d64ad2a_Ch1,32.0,41.788,,,,,28.078,367.091,0.182,990.543,14.093,0.0,,24.777,,True,0.0,1737651752.1895556,2466c2055d64ad2a_Ch2,1461.3235831260681,False
1737651755.4947448,2025-01-23 18:02:35,DEGASSING,FIRESTING-START,96.0,47.136,1.218859,1.07333,0.534038,,28.101,286.101,0.468,990.607,14.116,0.0,0.10835,,,True,0.0,1737651755.114723,2466c2055d64ad2a_Ch1,32.0,41.79,,,,,28.078,367.155,0.245,990.543,14.082,0.0,,24.767,,True,0.0,1737651755.3467364,2466c2055d64ad2a_Ch2,1464.4807636737823,False
1737651758.6629262,2025-01-23 18:02:38,DEGASSING,FIRESTING-START,96.0,46.942,1.317576,1.160077,0.577226,,28.101,285.196,0.18,990.543,14.093,0.0,0.117115,,,True,0.0,1737651758.2839043,2466c2055d64ad2a_Ch1,32.0,41.793,,,,,28.07,367.147,0.325,990.597,14.093,0.0,,24.752,,True,0.0,1737651758.5149174,2466c2055d64ad2a_Ch2,1467.648945093155,False
1737651762.040119,2025-01-23 18:02:42,DEGASSING,FIRESTING-START,96.0,46.836,1.372723,1.208342,0.601235,,28.101,284.531,0.136,990.526,14.092,0.0,0.12199,,,True,0.0,1737651761.6600974,2466c2055d64ad2a_Ch1,32.0,41.792,,,,,28.07,367.127,0.159,990.626,14.092,0.0,,24.757,,True,0.0,1737651761.8921106,2466c2055d64ad2a_Ch2,1471.026137828827,False
1737651765.2473028,2025-01-23 18:02:45,DEGASSING,FIRESTING-START,96.0,46.956,1.311317,1.154382,0.574397,,28.101,285.136,0.212,990.517,14.104,0.0,0.116543,,,True,0.0,1737651764.867281,2466c2055d64ad2a_Ch1,32.0,41.795,,,,,28.07,367.012,0.064,990.526,14.092,0.0,,24.742,,True,0.0,1737651765.098294,2466c2055d64ad2a_Ch2,1474.2333216667175,False
1737651768.437485,2025-01-23 18:02:48,DEGASSING,FIRESTING-START,96.0,47.229,1.175022,1.034152,0.514553,,28.093,286.485,0.217,990.526,14.082,0.0,0.104404,,,True,0.0,1737651768.055463,2466c2055d64ad2a_Ch1,32.0,41.797,,,,,28.07,366.972,0.177,990.499,14.092,0.0,,24.732,,True,0.0,1737651768.2874765,2466c2055d64ad2a_Ch2,1477.4235038757324,False
1737651771.5696642,2025-01-23 18:02:51,DEGASSING,FIRESTING-START,96.0,47.252,1.164303,1.024555,0.509782,,28.101,286.646,0.07,990.499,14.104,0.0,0.103438,,,True,0.0,1737651771.1896424,2466c2055d64ad2a_Ch1,32.0,41.797,,,,,28.062,366.956,0.277,990.517,14.104,0.0,,24.732,,True,0.0,1737651771.421656,2466c2055d64ad2a_Ch2,1480.5556831359863,False
1737651774.7348452,2025-01-23 18:02:54,DEGASSING,FIRESTING-START,96.0,46.925,1.329138,1.169604,0.581877,,28.101,284.963,0.207,990.626,14.104,0.0,0.118067,,,True,0.0,1737651774.3548234,2466c2055d64ad2a_Ch1,32.0,41.804,,,,,28.07,367.048,0.184,990.572,14.104,0.0,,24.697,,True,0.0,1737651774.5868368,2466c2055d64ad2a_Ch2,1483.720864057541,False
1737651778.070036,2025-01-23 18:02:58,DEGASSING,FIRESTING-START,96.0,47.06,1.263657,1.111364,0.55288,,28.093,285.757,0.255,990.599,14.104,0.0,0.112191,,,True,0.0,1737651777.6890142,2466c2055d64ad2a_Ch1,32.0,41.8,,,,,28.07,367.116,0.232,990.616,14.105,0.0,,24.717,,True,0.0,1737651777.9210277,2466c2055d64ad2a_Ch2,1487.0560548305511,False
1737651781.2662187,2025-01-23 18:03:01,DEGASSING,FIRESTING-START,96.0,47.086,1.248895,1.098731,0.546612,,28.093,285.819,0.178,990.607,14.116,0.0,0.110914,,,True,0.0,1737651780.886197,2466c2055d64ad2a_Ch1,32.0,41.803,,,,,28.062,367.084,0.159,990.607,14.092,0.0,,24.702,,True,0.0,1737651781.1182103,2466c2055d64ad2a_Ch2,1490.2522375583649,False
1737651784.4324,2025-01-23 18:03:04,DEGASSING,FIRESTING-START,96.0,47.195,1.195259,1.051293,0.52305,,28.101,286.372,0.209,990.509,14.104,0.0,0.106136,,,True,0.0,1737651784.0523782,2466c2055d64ad2a_Ch1,32.0,41.805,,,,,28.062,367.004,0.154,990.49,14.104,0.0,,24.692,,True,0.0,1737651784.2833915,2466c2055d64ad2a_Ch2,1493.4184188842773,False
1737651787.6095815,2025-01-23 18:03:07,DEGASSING,FIRESTING-START,96.0,47.047,1.270638,1.117415,0.555927,,28.093,285.665,0.187,990.526,14.092,0.0,0.11281,,,True,0.0,1737651787.22956,2466c2055d64ad2a_Ch1,32.0,41.809,,,,,28.07,367.037,0.182,990.517,14.104,0.0,,24.672,,True,0.0,1737651787.4605732,2466c2055d64ad2a_Ch2,1496.5956003665924,False
1737651790.801764,2025-01-23 18:03:10,DEGASSING,FIRESTING-START,96.0,47.107,1.241973,1.091859,0.543201,,28.093,285.959,0.358,990.509,14.115,0.0,0.110232,,,True,0.0,1737651790.4227426,2466c2055d64ad2a_Ch1,32.0,41.809,,,,,28.062,367.097,0.076,990.58,14.082,0.0,,24.672,,True,0.0,1737651790.6547558,2466c2055d64ad2a_Ch2,1499.787782907486,False
1737651794.1169538,2025-01-23 18:03:14,DEGASSING,FIRESTING-START,96.0,47.133,1.22886,1.080331,0.537486,,28.093,286.073,0.349,990.473,14.104,0.0,0.109072,,,True,0.0,1737651793.736932,2466c2055d64ad2a_Ch1,32.0,41.81,,,,,28.062,367.101,0.162,990.471,14.092,0.0,,24.667,,True,0.0,1737651793.9689455,2466c2055d64ad2a_Ch2,1503.1029727458954,False
1737651797.3771403,2025-01-23 18:03:17,DEGASSING,FIRESTING-START,96.0,47.177,1.207114,1.061128,0.527887,,28.093,286.231,0.19,990.546,14.092,0.0,0.107125,,,True,0.0,1737651796.9981186,2466c2055d64ad2a_Ch1,32.0,41.817,,,,,28.062,367.017,0.267,990.499,14.092,0.0,,24.632,,True,0.0,1737651797.2291317,2466c2055d64ad2a_Ch2,1506.3631591796875,False
1737651800.52232,2025-01-23 18:03:20,DEGASSING,FIRESTING-START,96.0,47.243,1.176751,1.03386,0.514274,,28.093,286.586,0.162,990.572,14.104,0.0,0.10437,,,True,0.0,1737651800.1432986,2466c2055d64ad2a_Ch1,32.0,41.82,,,,,28.062,367.066,0.265,990.509,14.104,0.0,,24.617,,True,0.0,1737651800.3753119,2466c2055d64ad2a_Ch2,1509.5083389282227,False
1737651803.6625,2025-01-23 18:03:23,DEGASSING,FIRESTING-START,96.0,47.364,1.117342,0.98143,0.488184,,28.093,287.16,0.166,990.563,14.115,0.0,0.099078,,,True,0.0,1737651803.282478,2466c2055d64ad2a_Ch1,32.0,41.815,,,,,28.062,366.949,0.164,990.509,14.104,0.0,,24.642,,True,0.0,1737651803.5144913,2466c2055d64ad2a_Ch2,1512.6485188007355,False
1737651806.8356812,2025-01-23 18:03:26,DEGASSING,FIRESTING-START,96.0,47.363,1.115895,0.98055,0.487756,,28.093,287.148,0.108,990.59,14.104,0.0,0.098986,,,True,0.0,1737651806.4546597,2466c2055d64ad2a_Ch1,32.0,41.822,,,,,28.062,367.002,-0.067,990.572,14.092,0.0,,24.607,,True,0.0,1737651806.6856728,2466c2055d64ad2a_Ch2,1515.8217000961304,False
1737651810.1218693,2025-01-23 18:03:30,DEGASSING,FIRESTING-START,96.0,47.351,1.124617,0.987662,0.491302,,28.093,287.191,0.151,990.509,14.092,0.0,0.099712,,,True,0.0,1737651809.7418475,2466c2055d64ad2a_Ch1,32.0,41.819,,,,,28.062,366.997,0.076,990.618,14.092,0.0,,24.622,,True,0.0,1737651809.973861,2466c2055d64ad2a_Ch2,1519.1078882217407,False
1737651813.28305,2025-01-23 18:03:33,DEGASSING,FIRESTING-START,96.0,47.388,1.104974,0.970644,0.482804,,28.093,287.337,-0.001,990.601,14.081,0.0,0.097985,,,True,0.0,1737651812.9030282,2466c2055d64ad2a_Ch1,32.0,41.822,,,,,28.054,367.006,-0.059,990.635,14.082,0.0,,24.607,,True,0.0,1737651813.1340415,2466c2055d64ad2a_Ch2,1522.2690689563751,False
1737651816.4722323,2025-01-23 18:03:36,DEGASSING,FIRESTING-START,96.0,47.565,1.01815,0.894161,0.444745,,28.085,288.225,-0.006,990.609,14.081,0.0,0.090263,,,True,0.0,1737651816.093211,2466c2055d64ad2a_Ch1,32.0,41.83,,,,,28.054,366.966,-0.115,990.601,14.115,0.0,,24.567,,True,0.0,1737651816.324224,2466c2055d64ad2a_Ch2,1525.4582512378693,False
1737651819.6614149,2025-01-23 18:03:39,DEGASSING,FIRESTING-START,96.0,47.534,1.03653,0.909722,0.45245,,28.085,288.056,0.142,990.607,14.092,0.0,0.091834,,,True,0.0,1737651819.2803931,2466c2055d64ad2a_Ch1,32.0,41.827,,,,,28.054,367.122,0.056,990.58,14.104,0.0,,24.582,,True,0.0,1737651819.5124066,2466c2055d64ad2a_Ch2,1528.647433757782,False
1737651822.845597,2025-01-23 18:03:42,DEGASSING,FIRESTING-START,96.0,47.634,0.985894,0.865488,0.430466,,28.085,288.589,-0.068,990.601,14.081,0.0,0.08737,,,True,0.0,1737651822.4665754,2466c2055d64ad2a_Ch1,32.0,41.825,,,,,28.054,367.026,-0.014,990.618,14.104,0.0,,24.592,,True,0.0,1737651822.6985886,2466c2055d64ad2a_Ch2,1531.8316159248352,False
1737651826.1797879,2025-01-23 18:03:46,DEGASSING,FIRESTING-START,96.0,47.636,0.984162,0.864106,0.429799,,28.085,288.457,0.17,990.573,14.081,0.0,0.087232,,,True,0.0,1737651825.799766,2466c2055d64ad2a_Ch1,32.0,41.824,,,,,28.054,367.05,0.144,990.563,14.092,0.0,,24.597,,True,0.0,1737651826.0307791,2466c2055d64ad2a_Ch2,1535.1658067703247,False
1737651829.3249676,2025-01-23 18:03:49,DEGASSING,FIRESTING-START,96.0,47.579,1.011972,0.888594,0.442,,28.078,288.142,0.113,990.537,14.092,0.0,0.089708,,,True,0.0,1737651828.9449458,2466c2055d64ad2a_Ch1,32.0,41.832,,,,,28.046,367.023,0.187,990.546,14.081,0.0,,24.557,,True,0.0,1737651829.175959,2466c2055d64ad2a_Ch2,1538.3109865188599,False
1737651832.5771534,2025-01-23 18:03:52,DEGASSING,FIRESTING-START,96.0,47.626,0.991701,0.870238,0.43282,,28.085,288.468,0.338,990.573,14.104,0.0,0.087852,,,True,0.0,1737651832.198132,2466c2055d64ad2a_Ch1,32.0,41.837,,,,,28.054,366.895,0.31,990.645,14.092,0.0,,24.532,,True,0.0,1737651832.429145,2466c2055d64ad2a_Ch2,1541.563172340393,False
1737651835.7343342,2025-01-23 18:03:55,DEGASSING,FIRESTING-START,96.0,47.521,1.045643,0.917207,0.456145,,28.078,287.911,0.284,990.601,14.092,0.0,0.09259,,,True,0.0,1737651835.3543124,2466c2055d64ad2a_Ch1,32.0,41.835,,,,,28.046,367.087,0.257,990.618,14.092,0.0,,24.542,,True,0.0,1737651835.5863256,2466c2055d64ad2a_Ch2,1544.7203531265259,False
1737651838.9505184,2025-01-23 18:03:58,DEGASSING,FIRESTING-START,96.0,47.679,0.966626,0.84803,0.421795,,28.078,288.815,0.19,990.5,14.092,0.0,0.085616,,,True,0.0,1737651838.5704966,2466c2055d64ad2a_Ch1,32.0,41.839,,,,,28.054,367.047,0.129,990.492,14.092,0.0,,24.522,,True,0.0,1737651838.8025098,2466c2055d64ad2a_Ch2,1547.9365372657776,False
1737651842.2457066,2025-01-23 18:04:02,DEGASSING,FIRESTING-START,96.0,47.91,0.854614,0.749522,0.372752,,28.085,289.882,0.146,990.582,14.104,0.0,0.075664,,,True,0.0,1737651841.865685,2466c2055d64ad2a_Ch1,32.0,41.842,,,,,28.046,366.915,0.212,990.619,14.081,0.0,,24.507,,True,0.0,1737651842.096698,2466c2055d64ad2a_Ch2,1551.2317254543304,False
1737651845.417888,2025-01-23 18:04:05,DEGASSING,FIRESTING-START,96.0,47.783,0.917945,0.804872,0.40026,,28.078,289.324,-0.092,990.601,14.092,0.0,0.08125,,,True,0.0,1737651845.0388665,2466c2055d64ad2a_Ch1,32.0,41.842,,,,,28.054,367.035,-0.059,990.609,14.092,0.0,,24.507,,True,0.0,1737651845.2708797,2466c2055d64ad2a_Ch2,1554.4039068222046,False
1737651848.634072,2025-01-23 18:04:08,DEGASSING,FIRESTING-START,96.0,47.77,0.924339,0.810479,0.403059,,28.078,289.187,0.057,990.573,14.081,0.0,0.081819,,,True,0.0,1737651848.2550504,2466c2055d64ad2a_Ch1,32.0,41.846,,,,,28.039,366.852,0.024,990.601,14.092,0.0,,24.487,,True,0.0,1737651848.4860637,2466c2055d64ad2a_Ch2,1557.6200909614563,False
1737651851.8252547,2025-01-23 18:04:11,DEGASSING,FIRESTING-START,96.0,47.927,0.848764,0.743975,0.369947,,28.078,289.783,0.43,990.638,14.08,0.0,0.0751,,,True,0.0,1737651851.447233,2466c2055d64ad2a_Ch1,32.0,41.846,,,,,28.039,366.872,0.28,990.555,14.092,0.0,,24.487,,True,0.0,1737651851.6782463,2466c2055d64ad2a_Ch2,1560.811273574829,False
1737651855.0184371,2025-01-23 18:04:15,DEGASSING,FIRESTING-START,96.0,47.981,0.822395,0.720861,0.358488,,28.07,290.101,0.136,990.546,14.081,0.0,0.072774,,,True,0.0,1737651854.6384156,2466c2055d64ad2a_Ch1,32.0,41.849,,,,,28.046,366.984,0.049,990.546,14.092,0.0,,24.472,,True,0.0,1737651854.8704286,2466c2055d64ad2a_Ch2,1564.0044560432434,False
1737651858.3966305,2025-01-23 18:04:18,DEGASSING,FIRESTING-START,96.0,48.013,0.807833,0.707927,0.352036,,28.07,290.299,0.167,990.573,14.081,0.0,0.071466,,,True,0.0,1737651858.0166087,2466c2055d64ad2a_Ch1,32.0,41.847,,,,,28.046,366.912,0.32,990.546,14.092,0.0,,24.482,,True,0.0,1737651858.2486222,2466c2055d64ad2a_Ch2,1567.382649421692,False
1737651861.5738122,2025-01-23 18:04:21,DEGASSING,FIRESTING-START,96.0,48.067,0.78087,0.684409,0.34034,,28.078,290.557,0.083,990.592,14.081,0.0,0.06909,,,True,0.0,1737651861.1947904,2466c2055d64ad2a_Ch1,32.0,41.851,,,,,28.039,366.996,0.119,990.573,14.092,0.0,,24.462,,True,0.0,1737651861.4258037,2466c2055d64ad2a_Ch2,1570.5598311424255,False
1737651864.7329926,2025-01-23 18:04:24,DEGASSING,FIRESTING-START,96.0,47.973,0.828038,0.725517,0.360813,,28.078,290.081,0.203,990.475,14.091,0.0,0.073249,,,True,0.0,1737651864.352971,2466c2055d64ad2a_Ch1,32.0,41.855,,,,,28.046,366.724,0.144,990.601,14.092,0.0,,24.442,,True,0.0,1737651864.5849843,2466c2055d64ad2a_Ch2,1573.7190115451813,False
1737651868.0271814,2025-01-23 18:04:28,DEGASSING,FIRESTING-START,96.0,47.9,0.865151,0.757792,0.376807,,28.078,289.805,0.349,990.583,14.08,0.0,0.076499,,,True,0.0,1737651867.6471596,2466c2055d64ad2a_Ch1,32.0,41.857,,,,,28.039,366.961,0.184,990.592,14.103,0.0,,24.432,,True,0.0,1737651867.8791728,2466c2055d64ad2a_Ch2,1577.0132002830505,False
1737651871.1893623,2025-01-23 18:04:31,DEGASSING,FIRESTING-START,96.0,48.009,0.812553,0.711608,0.353845,,28.07,290.242,0.222,990.556,14.103,0.0,0.071839,,,True,0.0,1737651870.8093405,2466c2055d64ad2a_Ch1,32.0,41.856,,,,,28.046,366.905,0.204,990.655,14.092,0.0,,24.437,,True,0.0,1737651871.0413537,2466c2055d64ad2a_Ch2,1580.1753811836243,False
1737651874.4655495,2025-01-23 18:04:34,DEGASSING,FIRESTING-START,96.0,48.03,0.801964,0.70239,0.349255,,28.07,290.387,0.181,990.583,14.091,0.0,0.070906,,,True,0.0,1737651874.085528,2466c2055d64ad2a_Ch1,32.0,41.862,,,,,28.039,366.985,0.152,990.583,14.08,0.0,,24.407,,True,0.0,1737651874.3175411,2466c2055d64ad2a_Ch2,1583.451568365097,False
1737651877.6277304,2025-01-23 18:04:37,DEGASSING,FIRESTING-START,96.0,47.977,0.829918,0.726524,0.361239,,28.07,290.093,0.284,990.573,14.081,0.0,0.073343,,,True,0.0,1737651877.2477086,2466c2055d64ad2a_Ch1,32.0,41.86,,,,,28.039,366.865,0.267,990.546,14.092,0.0,,24.417,,True,0.0,1737651877.479722,2466c2055d64ad2a_Ch2,1586.6137492656708,False
1737651880.786911,2025-01-23 18:04:40,DEGASSING,FIRESTING-START,96.0,48.015,0.810661,0.70978,0.352953,,28.062,290.323,0.201,990.483,14.092,0.0,0.07166,,,True,0.0,1737651880.4068892,2466c2055d64ad2a_Ch1,32.0,41.866,,,,,28.039,366.841,0.089,990.556,14.103,0.0,,24.387,,True,0.0,1737651880.6389024,2466c2055d64ad2a_Ch2,1589.772929906845,False
1737651884.0010948,2025-01-23 18:04:44,DEGASSING,FIRESTING-START,96.0,47.788,0.92417,0.808775,0.402116,,28.07,289.348,0.25,990.583,14.08,0.0,0.081646,,,True,0.0,1737651883.6210732,2466c2055d64ad2a_Ch1,32.0,41.866,,,,,28.039,366.909,0.252,990.502,14.115,0.0,,24.387,,True,0.0,1737651883.8530865,2466c2055d64ad2a_Ch2,1592.9871137142181,False
1737651887.1972778,2025-01-23 18:04:47,DEGASSING,FIRESTING-START,96.0,47.751,0.94244,0.824763,0.410068,,28.07,289.074,0.108,990.575,14.091,0.0,0.083261,,,True,0.0,1737651886.817256,2466c2055d64ad2a_Ch1,32.0,41.861,,,,,28.046,366.825,0.25,990.466,14.08,0.0,,24.412,,True,0.0,1737651887.0482693,2466c2055d64ad2a_Ch2,1596.1832966804504,False
1737651890.510467,2025-01-23 18:04:50,DEGASSING,FIRESTING-START,96.0,47.778,0.927288,0.811829,0.403665,,28.07,289.243,0.23,990.556,14.091,0.0,0.081956,,,True,0.0,1737651890.1304455,2466c2055d64ad2a_Ch1,32.0,41.87,,,,,28.031,366.758,0.235,990.556,14.091,0.0,,24.367,,True,0.0,1737651890.3614588,2466c2055d64ad2a_Ch2,1599.4964859485626,False
1737651893.6996496,2025-01-23 18:04:53,DEGASSING,FIRESTING-START,96.0,47.753,0.942917,0.824916,0.410148,,28.07,289.042,0.348,990.529,14.08,0.0,0.08328,,,True,0.0,1737651893.3196278,2466c2055d64ad2a_Ch1,32.0,41.871,,,,,28.039,366.874,0.214,990.483,14.081,0.0,,24.362,,True,0.0,1737651893.551641,2466c2055d64ad2a_Ch2,1602.6856684684753,False
1737651896.9328346,2025-01-23 18:04:56,DEGASSING,FIRESTING-START,96.0,47.706,0.966544,0.845518,0.42038,,28.062,288.896,0.321,990.548,14.091,0.0,0.085358,,,True,0.0,1737651896.5528128,2466c2055d64ad2a_Ch1,32.0,41.869,,,,,28.039,366.794,0.36,990.539,14.08,0.0,,24.372,,True,0.0,1737651896.784826,2466c2055d64ad2a_Ch2,1605.918853521347,False
1737651900.1020157,2025-01-23 18:05:00,DEGASSING,FIRESTING-START,96.0,47.769,0.934643,0.817743,0.406601,,28.07,289.267,0.368,990.493,14.08,0.0,0.082559,,,True,0.0,1737651899.722994,2466c2055d64ad2a_Ch1,32.0,41.876,,,,,28.031,366.91,0.169,990.556,14.091,0.0,,24.337,,True,0.0,1737651899.9540074,2466c2055d64ad2a_Ch2,1609.0880346298218,False
1737651903.376203,2025-01-23 18:05:03,DEGASSING,FIRESTING-START,96.0,47.879,0.882934,0.772067,0.383857,,28.062,289.672,0.28,990.512,14.091,0.0,0.077946,,,True,0.0,1737651902.9971814,2466c2055d64ad2a_Ch1,32.0,41.877,,,,,28.031,366.802,0.209,990.529,14.091,0.0,,24.332,,True,0.0,1737651903.2281945,2466c2055d64ad2a_Ch2,1612.362221956253,False
1737651906.710394,2025-01-23 18:05:06,DEGASSING,FIRESTING-START,96.0,47.759,0.942511,0.824097,0.409668,,28.062,289.118,0.25,990.638,14.08,0.0,0.083188,,,True,0.0,1737651906.331372,2466c2055d64ad2a_Ch1,32.0,41.879,,,,,28.039,366.79,0.265,990.512,14.08,0.0,,24.322,,True,0.0,1737651906.5623853,2466c2055d64ad2a_Ch2,1615.6964128017426,False
1737651909.8925757,2025-01-23 18:05:09,DEGASSING,FIRESTING-START,96.0,47.678,0.983403,0.859714,0.427442,,28.062,288.923,0.182,990.466,14.091,0.0,0.086799,,,True,0.0,1737651909.512554,2466c2055d64ad2a_Ch1,32.0,41.884,,,,,28.031,366.903,0.24,990.548,14.091,0.0,,24.297,,True,0.0,1737651909.7435675,2466c2055d64ad2a_Ch2,1618.8785946369171,False
1737651913.0707576,2025-01-23 18:05:13,DEGASSING,FIRESTING-START,96.0,47.855,0.897626,0.784411,0.389968,,28.062,289.647,0.418,990.503,14.091,0.0,0.079193,,,True,0.0,1737651912.6907358,2466c2055d64ad2a_Ch1,32.0,41.881,,,,,28.031,366.663,0.152,990.566,14.069,0.0,,24.312,,True,0.0,1737651912.9217489,2466c2055d64ad2a_Ch2,1622.05677652359,False
1737651916.2509394,2025-01-23 18:05:16,DEGASSING,FIRESTING-START,96.0,47.879,0.88472,0.773319,0.384425,,28.054,289.716,0.259,990.602,14.091,0.0,0.078065,,,True,0.0,1737651915.8709178,2466c2055d64ad2a_Ch1,32.0,41.88,,,,,28.023,366.827,0.194,990.566,14.103,0.0,,24.317,,True,0.0,1737651916.102931,2466c2055d64ad2a_Ch2,1625.2369582653046,False
1737651919.458123,2025-01-23 18:05:19,DEGASSING,FIRESTING-START,96.0,47.958,0.845531,0.739124,0.36745,,28.062,290.024,0.286,990.549,14.091,0.0,0.074617,,,True,0.0,1737651919.0781012,2466c2055d64ad2a_Ch1,32.0,41.885,,,,,28.031,366.663,0.189,990.638,14.091,0.0,,24.292,,True,0.0,1737651919.3101146,2466c2055d64ad2a_Ch2,1628.4441418647766,False
1737651922.829316,2025-01-23 18:05:22,DEGASSING,FIRESTING-START,96.0,47.886,0.882703,0.771308,0.383403,,28.062,289.669,0.286,990.621,14.08,0.0,0.077861,,,True,0.0,1737651922.449294,2466c2055d64ad2a_Ch1,32.0,41.886,,,,,28.031,366.583,0.388,990.458,14.103,0.0,,24.287,,True,0.0,1737651922.6813073,2466c2055d64ad2a_Ch2,1631.8153347969055,False
1737651926.0344992,2025-01-23 18:05:26,DEGASSING,FIRESTING-START,96.0,47.931,0.860912,0.752207,0.373926,,28.054,289.947,0.222,990.566,14.091,0.0,0.075937,,,True,0.0,1737651925.6544774,2466c2055d64ad2a_Ch1,32.0,41.888,,,,,28.023,366.871,0.159,990.566,14.091,0.0,,24.277,,True,0.0,1737651925.8854907,2466c2055d64ad2a_Ch2,1635.020518064499,False
1737651929.229682,2025-01-23 18:05:29,DEGASSING,FIRESTING-START,96.0,48.057,0.799822,0.698718,0.34732,,28.062,290.501,0.041,990.594,14.08,0.0,0.070535,,,True,0.0,1737651928.8496602,2466c2055d64ad2a_Ch1,32.0,41.892,,,,,28.031,366.684,0.029,990.594,14.091,0.0,,24.258,,True,0.0,1737651929.0816734,2466c2055d64ad2a_Ch2,1638.2157008647919,False
1737651932.4408655,2025-01-23 18:05:32,DEGASSING,FIRESTING-START,96.0,47.959,0.849199,0.741627,0.36866,,28.062,290.072,0.272,990.531,14.103,0.0,0.074871,,,True,0.0,1737651932.0608437,2466c2055d64ad2a_Ch1,32.0,41.896,,,,,28.023,366.576,0.152,990.566,14.08,0.0,,24.238,,True,0.0,1737651932.2928572,2466c2055d64ad2a_Ch2,1641.4268844127655,False
1737651935.6150472,2025-01-23 18:05:35,DEGASSING,FIRESTING-START,96.0,48.013,0.824086,0.719463,0.357609,,28.054,290.295,0.176,990.585,14.08,0.0,0.07263,,,True,0.0,1737651935.2350254,2466c2055d64ad2a_Ch1,32.0,41.892,,,,,28.023,366.672,0.081,990.576,14.091,0.0,,24.258,,True,0.0,1737651935.4660385,2466c2055d64ad2a_Ch2,1644.6010661125183,False
1737651938.9872398,2025-01-23 18:05:38,DEGASSING,FIRESTING-START,96.0,48.028,0.815336,0.712053,0.353946,,28.054,290.379,0.269,990.566,14.08,0.0,0.071883,,,True,0.0,1737651938.6072183,2466c2055d64ad2a_Ch1,32.0,41.892,,,,,28.023,366.724,-0.027,990.612,14.08,0.0,,24.258,,True,0.0,1737651938.8382313,2466c2055d64ad2a_Ch2,1647.9732587337494,False
1737651942.168422,2025-01-23 18:05:42,DEGASSING,FIRESTING-START,96.0,48.057,0.801137,0.699653,0.347805,,28.054,290.513,0.21,990.503,14.08,0.0,0.070636,,,True,0.0,1737651941.7884002,2466c2055d64ad2a_Ch1,32.0,41.902,,,,,28.023,366.684,0.227,990.621,14.057,0.0,,24.208,,True,0.0,1737651942.0194135,2466c2055d64ad2a_Ch2,1651.1544408798218,False
1737651945.372605,2025-01-23 18:05:45,DEGASSING,FIRESTING-START,96.0,47.99,0.837481,0.730805,0.36324,,28.054,290.266,0.098,990.549,14.08,0.0,0.073777,,,True,0.0,1737651944.9925835,2466c2055d64ad2a_Ch1,32.0,41.902,,,,,28.023,366.764,0.034,990.603,14.08,0.0,,24.208,,True,0.0,1737651945.2245967,2466c2055d64ad2a_Ch2,1654.3586239814758,False
1737651948.571788,2025-01-23 18:05:48,DEGASSING,FIRESTING-START,96.0,48.054,0.806069,0.703394,0.349602,,28.054,290.465,0.205,990.585,14.08,0.0,0.071007,,,True,0.0,1737651948.1917665,2466c2055d64ad2a_Ch1,32.0,41.903,,,,,28.023,366.704,0.177,990.612,14.103,0.0,,24.203,,True,0.0,1737651948.4227796,2466c2055d64ad2a_Ch2,1657.557806968689,False
1737651951.771971,2025-01-23 18:05:51,DEGASSING,FIRESTING-START,96.0,48.091,0.788292,0.687826,0.341871,,28.046,290.69,0.198,990.558,14.091,0.0,0.069438,,,True,0.0,1737651951.3919494,2466c2055d64ad2a_Ch1,32.0,41.907,,,,,28.023,366.737,0.247,990.594,14.08,0.0,,24.183,,True,0.0,1737651951.6249628,2466c2055d64ad2a_Ch2,1660.7579898834229,False
1737651955.0651593,2025-01-23 18:05:55,DEGASSING,FIRESTING-START,96.0,48.049,0.810256,0.706763,0.351253,,28.054,290.496,0.18,990.603,14.091,0.0,0.071346,,,True,0.0,1737651954.6841378,2466c2055d64ad2a_Ch1,32.0,41.906,,,,,28.015,366.705,0.217,990.603,14.091,0.0,,24.188,,True,0.0,1737651954.916151,2466c2055d64ad2a_Ch2,1664.0511782169342,False
1737651958.2443416,2025-01-23 18:05:58,DEGASSING,FIRESTING-START,96.0,48.117,0.776601,0.677461,0.3367,,28.054,290.86,0.132,990.585,14.091,0.0,0.06839,,,True,0.0,1737651957.8643196,2466c2055d64ad2a_Ch1,32.0,41.909,,,,,28.023,366.693,0.224,990.621,14.069,0.0,,24.173,,True,0.0,1737651958.0963328,2466c2055d64ad2a_Ch2,1667.230360507965,False
1737651961.4595253,2025-01-23 18:06:01,DEGASSING,FIRESTING-START,96.0,48.29,0.693303,0.604651,0.300493,,28.046,291.552,0.281,990.622,14.091,0.0,0.061037,,,True,0.0,1737651961.0795035,2466c2055d64ad2a_Ch1,32.0,41.913,,,,,28.015,366.709,0.149,990.576,14.091,0.0,,24.153,,True,0.0,1737651961.3105168,2466c2055d64ad2a_Ch2,1670.445544242859,False
1737651964.615706,2025-01-23 18:06:04,DEGASSING,FIRESTING-START,96.0,48.133,0.77117,0.672344,0.334141,,28.046,290.852,0.308,990.568,14.08,0.0,0.067874,,,True,0.0,1737651964.2356842,2466c2055d64ad2a_Ch1,32.0,41.908,,,,,28.015,366.813,0.277,990.568,14.08,0.0,,24.178,,True,0.0,1737651964.4666972,2466c2055d64ad2a_Ch2,1673.6017248630524,False
1737651967.7978878,2025-01-23 18:06:07,DEGASSING,FIRESTING-START,96.0,48.19,0.741631,0.646851,0.321475,,28.046,291.211,0.27,990.603,14.08,0.0,0.065298,,,True,0.0,1737651967.417866,2466c2055d64ad2a_Ch1,32.0,41.91,,,,,28.015,366.729,0.247,990.549,14.091,0.0,,24.168,,True,0.0,1737651967.6498792,2466c2055d64ad2a_Ch2,1676.783906698227,False
1737651971.0660746,2025-01-23 18:06:11,DEGASSING,FIRESTING-START,96.0,48.229,0.7233,0.630761,0.313472,,28.046,291.381,0.106,990.603,14.091,0.0,0.063674,,,True,0.0,1737651970.686053,2466c2055d64ad2a_Ch1,32.0,41.913,,,,,28.015,366.685,0.021,990.576,14.08,0.0,,24.153,,True,0.0,1737651970.9170663,2466c2055d64ad2a_Ch2,1680.0520935058594,False
1737651974.3012598,2025-01-23 18:06:14,DEGASSING,FIRESTING-START,96.0,48.121,0.777046,0.677467,0.336681,,28.054,290.916,0.285,990.586,14.09,0.0,0.06839,,,True,0.0,1737651973.920238,2466c2055d64ad2a_Ch1,32.0,41.915,,,,,28.007,366.693,0.106,990.549,14.08,0.0,,24.143,,True,0.0,1737651974.1522515,2466c2055d64ad2a_Ch2,1683.2872786521912,False
1737651977.4394393,2025-01-23 18:06:17,DEGASSING,FIRESTING-START,96.0,48.035,0.819918,0.714729,0.355189,,28.039,290.4,0.152,990.595,14.08,0.0,0.072151,,,True,0.0,1737651977.0604177,2466c2055d64ad2a_Ch1,32.0,41.92,,,,,28.015,366.682,0.38,990.595,14.08,0.0,,24.118,,True,0.0,1737651977.291431,2466c2055d64ad2a_Ch2,1686.4254581928253,False
1737651980.6106207,2025-01-23 18:06:20,DEGASSING,FIRESTING-START,96.0,47.93,0.873429,0.761069,0.378207,,28.046,289.947,0.069,990.578,14.079,0.0,0.07683,,,True,0.0,1737651980.232599,2466c2055d64ad2a_Ch1,32.0,41.92,,,,,28.015,366.674,0.159,990.614,14.09,0.0,,24.118,,True,0.0,1737651980.4636123,2466c2055d64ad2a_Ch2,1689.5966396331787,False
1737651983.7728016,2025-01-23 18:06:23,DEGASSING,FIRESTING-START,96.0,48.071,0.803972,0.700547,0.348128,,28.039,290.601,0.116,990.586,14.09,0.0,0.07072,,,True,0.0,1737651983.3937798,2466c2055d64ad2a_Ch1,32.0,41.92,,,,,28.007,366.638,0.332,990.631,14.091,0.0,,24.118,,True,0.0,1737651983.624793,2466c2055d64ad2a_Ch2,1692.7588205337524,False
1737651987.0639899,2025-01-23 18:06:27,DEGASSING,FIRESTING-START,96.0,48.021,0.828553,0.721966,0.358768,,28.039,290.295,0.349,990.595,14.102,0.0,0.072882,,,True,0.0,1737651986.683968,2466c2055d64ad2a_Ch1,32.0,41.923,,,,,28.007,366.678,0.081,990.532,14.079,0.0,,24.103,,True,0.0,1737651986.9149811,2466c2055d64ad2a_Ch2,1696.0500087738037,False
1737651990.177168,2025-01-23 18:06:30,DEGASSING,FIRESTING-START,96.0,48.002,0.838965,0.730861,0.363192,,28.039,290.362,0.323,990.559,14.079,0.0,0.073782,,,True,0.0,1737651989.797146,2466c2055d64ad2a_Ch1,32.0,41.921,,,,,28.007,366.67,0.32,990.632,14.09,0.0,,24.113,,True,0.0,1737651990.0281591,2466c2055d64ad2a_Ch2,1699.163186788559,False
1737651993.2913458,2025-01-23 18:06:33,DEGASSING,FIRESTING-START,96.0,48.01,0.83432,0.726932,0.361223,,28.046,290.431,0.339,990.622,14.08,0.0,0.073381,,,True,0.0,1737651992.9113243,2466c2055d64ad2a_Ch1,32.0,41.929,,,,,28.007,366.603,0.182,990.622,14.091,0.0,,24.073,,True,0.0,1737651993.1433375,2466c2055d64ad2a_Ch2,1702.277364730835,False
1737651996.456527,2025-01-23 18:06:36,DEGASSING,FIRESTING-START,96.0,48.01,0.837134,0.728914,0.362197,,28.046,290.343,0.335,990.576,14.091,0.0,0.073584,,,True,0.0,1737651996.0765054,2466c2055d64ad2a_Ch1,32.0,41.924,,,,,28.007,366.654,0.237,990.586,14.09,0.0,,24.098,,True,0.0,1737651996.3085184,2466c2055d64ad2a_Ch2,1705.442545890808,False
1737651999.6237082,2025-01-23 18:06:39,DEGASSING,FIRESTING-START,96.0,47.908,0.88574,0.771547,0.383392,,28.039,289.994,0.355,990.595,14.08,0.0,0.077887,,,True,0.0,1737651999.2436864,2466c2055d64ad2a_Ch1,32.0,41.928,,,,,28.007,366.763,0.305,990.532,14.09,0.0,,24.078,,True,0.0,1737651999.4746995,2466c2055d64ad2a_Ch2,1708.6097271442413,False
1737652002.924897,2025-01-23 18:06:42,DEGASSING,FIRESTING-START,96.0,48.104,0.790538,0.688396,0.342083,,28.039,290.747,0.372,990.532,14.09,0.0,0.069497,,,True,0.0,1737652002.5448751,2466c2055d64ad2a_Ch1,32.0,41.927,,,,,28.007,366.591,0.345,990.551,14.102,0.0,,24.083,,True,0.0,1737652002.7758884,2466c2055d64ad2a_Ch2,1711.910915851593,False
1737652006.0680768,2025-01-23 18:06:46,DEGASSING,FIRESTING-START,96.0,48.309,0.69002,0.600914,0.298597,,28.039,291.657,0.325,990.586,14.102,0.0,0.060662,,,True,0.0,1737652005.689055,2466c2055d64ad2a_Ch1,32.0,41.932,,,,,28.007,366.603,0.194,990.578,14.09,0.0,,24.058,,True,0.0,1737652005.9200683,2466c2055d64ad2a_Ch2,1715.0540957450867,False
1737652009.3642652,2025-01-23 18:06:49,DEGASSING,FIRESTING-START,96.0,48.313,0.689724,0.600414,0.298335,,28.039,291.817,0.264,990.586,14.09,0.0,0.060612,,,True,0.0,1737652008.9852436,2466c2055d64ad2a_Ch1,32.0,41.932,,,,,28.007,366.651,0.24,990.532,14.09,0.0,,24.058,,True,0.0,1737652009.217257,2466c2055d64ad2a_Ch2,1718.3502840995789,False
1737652012.560448,2025-01-23 18:06:52,DEGASSING,FIRESTING-START,96.0,48.461,0.617923,0.53791,0.26728,,28.031,292.408,0.163,990.578,14.102,0.0,0.054302,,,True,0.0,1737652012.1814265,2466c2055d64ad2a_Ch1,32.0,41.934,,,,,28.0,366.643,-0.009,990.614,14.079,0.0,,24.048,,True,0.0,1737652012.4124396,2466c2055d64ad2a_Ch2,1721.5464668273926,False
1737652015.7106283,2025-01-23 18:06:55,DEGASSING,FIRESTING-START,96.0,48.564,0.568848,0.49511,0.246008,,28.039,292.993,0.25,990.578,14.09,0.0,0.049982,,,True,0.0,1737652015.3306067,2466c2055d64ad2a_Ch1,32.0,41.932,,,,,28.0,366.583,0.413,990.542,14.09,0.0,,24.058,,True,0.0,1737652015.5616198,2466c2055d64ad2a_Ch2,1724.6966471672058,False
1737652019.0218177,2025-01-23 18:06:59,DEGASSING,FIRESTING-START,96.0,48.603,0.549466,0.478318,0.237674,,28.039,293.051,0.266,990.559,14.09,0.0,0.048287,,,True,0.0,1737652018.6417959,2466c2055d64ad2a_Ch1,32.0,41.937,,,,,28.0,366.615,0.245,990.586,14.09,0.0,,24.033,,True,0.0,1737652018.8728092,2466c2055d64ad2a_Ch2,1728.0078365802765,False
1737652022.1809983,2025-01-23 18:07:02,DEGASSING,FIRESTING-START,96.0,48.483,0.608882,0.529826,0.263255,,28.031,292.565,0.205,990.561,14.09,0.0,0.053487,,,True,0.0,1737652021.8009768,2466c2055d64ad2a_Ch1,32.0,41.938,,,,,28.0,366.639,0.137,990.552,14.102,0.0,,24.029,,True,0.0,1737652022.0319898,2466c2055d64ad2a_Ch2,1731.1670172214508,False
1737652025.3151774,2025-01-23 18:07:05,DEGASSING,FIRESTING-START,96.0,48.428,0.635764,0.553182,0.274837,,28.031,292.327,0.269,990.632,14.102,0.0,0.055841,,,True,0.0,1737652024.9351559,2466c2055d64ad2a_Ch1,32.0,41.942,,,,,28.0,366.588,0.217,990.624,14.102,0.0,,24.009,,True,0.0,1737652025.1661692,2466c2055d64ad2a_Ch2,1734.3011963367462,False
1737652028.4163551,2025-01-23 18:07:08,DEGASSING,FIRESTING-START,96.0,48.48,0.611865,0.532215,0.264408,,28.023,292.505,0.126,990.641,14.09,0.0,0.053724,,,True,0.0,1737652028.0353332,2466c2055d64ad2a_Ch1,32.0,41.939,,,,,28.0,366.72,0.242,990.597,14.09,0.0,,24.024,,True,0.0,1737652028.2673464,2466c2055d64ad2a_Ch2,1737.4023740291595,False
1737652031.5835361,2025-01-23 18:07:11,DEGASSING,FIRESTING-START,96.0,48.458,0.621551,0.540771,0.268682,,28.031,292.532,0.43,990.586,14.079,0.0,0.054591,,,True,0.0,1737652031.2025144,2466c2055d64ad2a_Ch1,32.0,41.949,,,,,28.0,366.52,0.157,990.542,14.079,0.0,,23.974,,True,0.0,1737652031.4335275,2466c2055d64ad2a_Ch2,1740.5695550441742,False
1737652034.8447227,2025-01-23 18:07:14,DEGASSING,FIRESTING-START,96.0,48.439,0.633982,0.551141,0.2738,,28.031,292.407,0.398,990.615,14.09,0.0,0.055636,,,True,0.0,1737652034.465701,2466c2055d64ad2a_Ch1,32.0,41.946,,,,,28.0,366.724,0.262,990.597,14.09,0.0,,23.989,,True,0.0,1737652034.6967142,2466c2055d64ad2a_Ch2,1743.8307416439056,False
1737652038.0199044,2025-01-23 18:07:18,DEGASSING,FIRESTING-START,96.0,48.439,0.633011,0.550431,0.273473,,28.031,292.411,0.333,990.552,14.09,0.0,0.055568,,,True,0.0,1737652037.6398826,2466c2055d64ad2a_Ch1,32.0,41.944,,,,,27.992,366.692,0.199,990.57,14.09,0.0,,23.999,,True,0.0,1737652037.8708959,2466c2055d64ad2a_Ch2,1747.0059232711792,False
1737652041.142083,2025-01-23 18:07:21,DEGASSING,FIRESTING-START,96.0,48.366,0.667822,0.580794,0.288545,,28.031,292.212,0.22,990.615,14.09,0.0,0.058629,,,True,0.0,1737652040.762061,2466c2055d64ad2a_Ch1,32.0,41.945,,,,,27.992,366.808,0.101,990.561,14.079,0.0,,23.994,,True,0.0,1737652040.9930742,2466c2055d64ad2a_Ch2,1750.128101825714,False
1737652044.3552666,2025-01-23 18:07:24,DEGASSING,FIRESTING-START,96.0,48.485,0.610403,0.530815,0.26374,,28.023,292.653,0.299,990.515,14.102,0.0,0.053589,,,True,0.0,1737652043.976245,2466c2055d64ad2a_Ch1,32.0,41.943,,,,,28.0,366.792,0.245,990.579,14.09,0.0,,24.004,,True,0.0,1737652044.2072582,2466c2055d64ad2a_Ch2,1753.3412854671478,False
1737652047.4654446,2025-01-23 18:07:27,DEGASSING,FIRESTING-START,96.0,48.558,0.5745,0.499673,0.248257,,28.023,292.937,0.267,990.57,14.102,0.0,0.050443,,,True,0.0,1737652047.0844226,2466c2055d64ad2a_Ch1,32.0,41.949,,,,,28.0,366.748,0.358,990.533,14.102,0.0,,23.974,,True,0.0,1737652047.3174362,2466c2055d64ad2a_Ch2,1756.4514634609222,False
1737652050.8056357,2025-01-23 18:07:30,DEGASSING,FIRESTING-START,96.0,48.58,0.56577,0.491842,0.244368,,28.023,292.994,0.208,990.508,14.089,0.0,0.049655,,,True,0.0,1737652050.4256139,2466c2055d64ad2a_Ch1,32.0,41.95,,,,,27.992,366.792,0.209,990.525,14.09,0.0,,23.969,,True,0.0,1737652050.657627,2466c2055d64ad2a_Ch2,1759.791654586792,False
1737652053.9688163,2025-01-23 18:07:33,DEGASSING,FIRESTING-START,96.0,48.485,0.612,0.531988,0.26428,,28.023,292.581,0.208,990.624,14.09,0.0,0.053702,,,True,0.0,1737652053.588795,2466c2055d64ad2a_Ch1,32.0,41.954,,,,,28.0,366.661,0.144,990.542,14.102,0.0,,23.949,,True,0.0,1737652053.819808,2466c2055d64ad2a_Ch2,1762.954835176468,False
1737652057.1379979,2025-01-23 18:07:37,DEGASSING,FIRESTING-START,96.0,48.422,0.643856,0.559498,0.277973,,28.023,292.366,0.151,990.498,14.09,0.0,0.056486,,,True,0.0,1737652056.757976,2466c2055d64ad2a_Ch1,32.0,41.954,,,,,27.984,366.585,-0.014,990.597,14.102,0.0,,23.949,,True,0.0,1737652056.9899893,2466c2055d64ad2a_Ch2,1766.1240167617798,False
1737652060.3721828,2025-01-23 18:07:40,DEGASSING,FIRESTING-START,96.0,48.467,0.622009,0.540513,0.268518,,28.023,292.601,0.083,990.579,14.102,0.0,0.054565,,,True,0.0,1737652059.992161,2466c2055d64ad2a_Ch1,32.0,41.957,,,,,27.992,366.629,0.091,990.607,14.102,0.0,,23.934,,True,0.0,1737652060.2241743,2466c2055d64ad2a_Ch2,1769.3582017421722,False
1737652063.540364,2025-01-23 18:07:43,DEGASSING,FIRESTING-START,96.0,48.443,0.634621,0.551339,0.273897,,28.023,292.607,0.172,990.552,14.09,0.0,0.055659,,,True,0.0,1737652063.1603422,2466c2055d64ad2a_Ch1,32.0,41.96,,,,,27.992,366.673,-0.007,990.552,14.079,0.0,,23.919,,True,0.0,1737652063.3913553,2466c2055d64ad2a_Ch2,1772.5263829231262,False
1737652066.8505533,2025-01-23 18:07:46,DEGASSING,FIRESTING-START,96.0,48.463,0.62588,0.543613,0.27006,,28.015,292.612,0.054,990.517,14.102,0.0,0.054881,,,True,0.0,1737652066.4705317,2466c2055d64ad2a_Ch1,32.0,41.959,,,,,27.984,366.701,-0.039,990.571,14.09,0.0,,23.924,,True,0.0,1737652066.702545,2466c2055d64ad2a_Ch2,1775.8365721702576,False
1737652069.990733,2025-01-23 18:07:49,DEGASSING,FIRESTING-START,96.0,48.611,0.553941,0.481169,0.239032,,28.023,293.168,0.276,990.552,14.102,0.0,0.048575,,,True,0.0,1737652069.6107113,2466c2055d64ad2a_Ch1,32.0,41.96,,,,,27.992,366.577,0.162,990.607,14.09,0.0,,23.919,,True,0.0,1737652069.8427243,2466c2055d64ad2a_Ch2,1778.9767518043518,False
1737652073.1359127,2025-01-23 18:07:53,DEGASSING,FIRESTING-START,96.0,48.766,0.47973,0.416673,0.206979,,28.023,294.023,0.246,990.607,14.102,0.0,0.042062,,,True,0.0,1737652072.755891,2466c2055d64ad2a_Ch1,32.0,41.959,,,,,27.992,366.785,0.144,990.518,14.101,0.0,,23.924,,True,0.0,1737652072.9879043,2466c2055d64ad2a_Ch2,1782.121931552887,False
1737652076.3090944,2025-01-23 18:07:56,DEGASSING,FIRESTING-START,96.0,48.827,0.45024,0.391091,0.194273,,28.015,294.062,0.389,990.607,14.102,0.0,0.03948,,,True,0.0,1737652075.9290726,2466c2055d64ad2a_Ch1,32.0,41.962,,,,,27.992,366.485,0.189,990.579,14.09,0.0,,23.909,,True,0.0,1737652076.1610856,2466c2055d64ad2a_Ch2,1785.295113325119,False
1737652079.5262785,2025-01-23 18:07:59,DEGASSING,FIRESTING-START,96.0,48.667,0.527885,0.458424,0.227727,,28.015,293.362,0.092,990.552,14.09,0.0,0.046279,,,True,0.0,1737652079.1472566,2466c2055d64ad2a_Ch1,32.0,41.966,,,,,27.984,366.554,0.094,990.598,14.09,0.0,,23.889,,True,0.0,1737652079.3782697,2466c2055d64ad2a_Ch2,1788.5122973918915,False
1737652082.8344676,2025-01-23 18:08:02,DEGASSING,FIRESTING-START,96.0,48.618,0.552742,0.479855,0.238355,,28.015,293.264,0.303,990.59,14.089,0.0,0.048441,,,True,0.0,1737652082.4544458,2466c2055d64ad2a_Ch1,32.0,41.967,,,,,27.984,366.606,0.199,990.608,14.089,0.0,,23.884,,True,0.0,1737652082.685459,2466c2055d64ad2a_Ch2,1791.8204865455627,False
1737652086.0176497,2025-01-23 18:08:06,DEGASSING,FIRESTING-START,96.0,48.61,0.556915,0.483438,0.240135,,28.015,293.223,0.311,990.581,14.089,0.0,0.048803,,,True,0.0,1737652085.6366277,2466c2055d64ad2a_Ch1,32.0,41.967,,,,,27.984,366.63,0.194,990.562,14.089,0.0,,23.884,,True,0.0,1737652085.8686411,2466c2055d64ad2a_Ch2,1795.0036685466766,False
1737652089.191831,2025-01-23 18:08:09,DEGASSING,FIRESTING-START,96.0,48.469,0.625219,0.542731,0.269602,,28.015,292.685,0.19,990.525,14.102,0.0,0.054792,,,True,0.0,1737652088.8118093,2466c2055d64ad2a_Ch1,32.0,41.972,,,,,27.984,366.638,0.142,990.527,14.089,0.0,,23.86,,True,0.0,1737652089.0438225,2466c2055d64ad2a_Ch2,1798.1778500080109,False
1737652092.373013,2025-01-23 18:08:12,DEGASSING,FIRESTING-START,96.0,48.521,0.601507,0.521944,0.259235,,28.007,292.867,0.333,990.636,14.089,0.0,0.052687,,,True,0.0,1737652091.9929914,2466c2055d64ad2a_Ch1,32.0,41.967,,,,,27.984,366.654,0.235,990.59,14.089,0.0,,23.884,,True,0.0,1737652092.2250044,2466c2055d64ad2a_Ch2,1801.3590319156647,False
1737652095.5411942,2025-01-23 18:08:15,DEGASSING,FIRESTING-START,96.0,48.565,0.578671,0.502325,0.249516,,28.015,293.133,0.257,990.581,14.101,0.0,0.05071,,,True,0.0,1737652095.1621726,2466c2055d64ad2a_Ch1,32.0,41.967,,,,,27.984,366.806,0.312,990.59,14.113,0.0,,23.884,,True,0.0,1737652095.394186,2466c2055d64ad2a_Ch2,1804.5272130966187,False
1737652098.8413832,2025-01-23 18:08:18,DEGASSING,FIRESTING-START,96.0,48.635,0.544852,0.472967,0.234945,,28.007,293.429,0.295,990.535,14.101,0.0,0.047748,,,True,0.0,1737652098.4613614,2466c2055d64ad2a_Ch1,32.0,41.974,,,,,27.984,366.622,0.29,990.581,14.101,0.0,,23.85,,True,0.0,1737652098.6933746,2466c2055d64ad2a_Ch2,1807.8274021148682,False
1737652102.0325656,2025-01-23 18:08:22,DEGASSING,FIRESTING-START,96.0,48.654,0.537792,0.466581,0.23174,,28.007,293.378,0.067,990.608,14.089,0.0,0.0471,,,True,0.0,1737652101.652544,2466c2055d64ad2a_Ch1,32.0,41.973,,,,,27.984,366.602,0.056,990.545,14.089,0.0,,23.855,,True,0.0,1737652101.883557,2466c2055d64ad2a_Ch2,1811.0185844898224,False
1737652105.1977468,2025-01-23 18:08:25,DEGASSING,FIRESTING-START,96.0,48.52,0.602314,0.522602,0.259574,,28.007,292.735,0.25,990.581,14.089,0.0,0.052757,,,True,0.0,1737652104.817725,2466c2055d64ad2a_Ch1,32.0,41.973,,,,,27.984,366.474,0.373,990.518,14.089,0.0,,23.855,,True,0.0,1737652105.0497382,2466c2055d64ad2a_Ch2,1814.1837656497955,False
1737652108.3839288,2025-01-23 18:08:28,DEGASSING,FIRESTING-START,96.0,48.541,0.592129,0.513765,0.25518,,28.015,292.808,0.344,990.6,14.089,0.0,0.051864,,,True,0.0,1737652108.003907,2466c2055d64ad2a_Ch1,32.0,41.977,,,,,27.976,366.571,0.265,990.573,14.089,0.0,,23.835,,True,0.0,1737652108.2359204,2466c2055d64ad2a_Ch2,1817.3699476718903,False
1737652111.54911,2025-01-23 18:08:31,DEGASSING,FIRESTING-START,96.0,48.497,0.614764,0.533231,0.264844,,28.007,292.654,0.32,990.581,14.101,0.0,0.05383,,,True,0.0,1737652111.1690884,2466c2055d64ad2a_Ch1,32.0,41.979,,,,,27.976,366.475,0.275,990.564,14.089,0.0,,23.825,,True,0.0,1737652111.4011014,2466c2055d64ad2a_Ch2,1820.5351288318634,False
1737652114.995307,2025-01-23 18:08:34,DEGASSING,FIRESTING-START,96.0,48.639,0.546586,0.474018,0.235439,,28.007,293.377,0.07,990.545,14.089,0.0,0.047854,,,True,0.0,1737652114.616285,2466c2055d64ad2a_Ch1,32.0,41.976,,,,,27.976,366.527,-0.069,990.591,14.101,0.0,,23.84,,True,0.0,1737652114.8472986,2466c2055d64ad2a_Ch2,1823.9813258647919,False
1737652118.1884897,2025-01-23 18:08:38,DEGASSING,FIRESTING-START,96.0,48.558,0.584841,0.507318,0.251985,,28.007,292.929,0.298,990.545,14.089,0.0,0.051216,,,True,0.0,1737652117.8094678,2466c2055d64ad2a_Ch1,32.0,41.977,,,,,27.976,366.567,0.149,990.573,14.101,0.0,,23.835,,True,0.0,1737652118.0404813,2466c2055d64ad2a_Ch2,1827.1745085716248,False
1737652121.3326695,2025-01-23 18:08:41,DEGASSING,FIRESTING-START,96.0,48.42,0.652249,0.565744,0.280998,,28.007,292.406,0.188,990.564,14.078,0.0,0.057113,,,True,0.0,1737652120.9536479,2466c2055d64ad2a_Ch1,32.0,41.977,,,,,27.968,366.491,0.094,990.509,14.101,0.0,,23.835,,True,0.0,1737652121.184661,2466c2055d64ad2a_Ch2,1830.3186883926392,False
1737652124.48485,2025-01-23 18:08:44,DEGASSING,FIRESTING-START,96.0,48.633,0.548863,0.47607,0.23646,,28.007,293.329,0.19,990.555,14.101,0.0,0.048061,,,True,0.0,1737652124.1048281,2466c2055d64ad2a_Ch1,32.0,41.984,,,,,27.976,366.639,-0.004,990.564,14.089,0.0,,23.8,,True,0.0,1737652124.3358412,2466c2055d64ad2a_Ch2,1833.4708688259125,False
1737652127.6480308,2025-01-23 18:08:47,DEGASSING,FIRESTING-START,96.0,48.564,0.584462,0.506659,0.251628,,28.0,293.117,0.165,990.591,14.089,0.0,0.051147,,,True,0.0,1737652127.267009,2466c2055d64ad2a_Ch1,32.0,41.983,,,,,27.968,366.607,0.152,990.583,14.101,0.0,,23.805,,True,0.0,1737652127.499022,2466c2055d64ad2a_Ch2,1836.634049654007,False
1737652130.9282184,2025-01-23 18:08:50,DEGASSING,FIRESTING-START,96.0,48.649,0.542996,0.470752,0.233805,,28.0,293.465,0.364,990.555,14.101,0.0,0.047524,,,True,0.0,1737652130.5491967,2466c2055d64ad2a_Ch1,32.0,41.98,,,,,27.976,366.535,0.167,990.564,14.089,0.0,,23.82,,True,0.0,1737652130.78021,2466c2055d64ad2a_Ch2,1839.9142372608185,False
1737652134.1294014,2025-01-23 18:08:54,DEGASSING,FIRESTING-START,96.0,48.753,0.491942,0.426595,0.211876,,28.007,293.806,0.222,990.573,14.113,0.0,0.043065,,,True,0.0,1737652133.7493796,2466c2055d64ad2a_Ch1,32.0,41.976,,,,,27.968,366.567,-0.049,990.618,14.101,0.0,,23.84,,True,0.0,1737652133.9813929,2466c2055d64ad2a_Ch2,1843.1154203414917,False
1737652137.3485854,2025-01-23 18:08:57,DEGASSING,FIRESTING-START,96.0,48.647,0.54179,0.469973,0.233425,,28.007,293.493,0.157,990.591,14.089,0.0,0.047443,,,True,0.0,1737652136.9685638,2466c2055d64ad2a_Ch1,32.0,41.986,,,,,27.968,366.563,0.194,990.573,14.089,0.0,,23.79,,True,0.0,1737652137.200577,2466c2055d64ad2a_Ch2,1846.3346042633057,False
1737652140.5047662,2025-01-23 18:09:00,DEGASSING,FIRESTING-START,96.0,48.697,0.520749,0.451355,0.224165,,28.0,293.632,0.104,990.555,14.089,0.0,0.045565,,,True,0.0,1737652140.1257443,2466c2055d64ad2a_Ch1,32.0,41.986,,,,,27.968,366.595,0.25,990.6,14.113,0.0,,23.79,,True,0.0,1737652140.3577578,2466c2055d64ad2a_Ch2,1849.4907851219177,False
1737652143.736951,2025-01-23 18:09:03,DEGASSING,FIRESTING-START,96.0,48.614,0.560861,0.486122,0.241418,,27.992,293.268,0.079,990.61,14.112,0.0,0.049073,,,True,0.0,1737652143.3469286,2466c2055d64ad2a_Ch1,32.0,41.986,,,,,27.968,366.491,0.232,990.573,14.089,0.0,,23.79,,True,0.0,1737652143.578942,2466c2055d64ad2a_Ch2,1852.72297000885,False
1737652147.0141385,2025-01-23 18:09:07,DEGASSING,FIRESTING-START,96.0,48.555,0.589466,0.510914,0.253738,,28.0,293.065,0.219,990.583,14.101,0.0,0.051577,,,True,0.0,1737652146.6341166,2466c2055d64ad2a_Ch1,32.0,41.99,,,,,27.968,366.72,-0.142,990.555,14.112,0.0,,23.77,,True,0.0,1737652146.8661299,2466c2055d64ad2a_Ch2,1856.0001573562622,False
1737652150.3063269,2025-01-23 18:09:10,DEGASSING,FIRESTING-START,96.0,48.471,0.631613,0.547267,0.271795,,28.0,292.621,0.132,990.538,14.1,0.0,0.055249,,,True,0.0,1737652149.927305,2466c2055d64ad2a_Ch1,32.0,41.992,,,,,27.968,366.652,0.127,990.501,14.112,0.0,,23.76,,True,0.0,1737652150.158318,2466c2055d64ad2a_Ch2,1859.2923457622528,False
1737652153.4715078,2025-01-23 18:09:13,DEGASSING,FIRESTING-START,96.0,48.499,0.618614,0.535917,0.266149,,28.0,292.71,0.192,990.555,14.112,0.0,0.054102,,,True,0.0,1737652153.091486,2466c2055d64ad2a_Ch1,32.0,41.994,,,,,27.968,366.588,0.322,990.564,14.101,0.0,,23.75,,True,0.0,1737652153.3234992,2466c2055d64ad2a_Ch2,1862.4575266838074,False
1737652156.6176877,2025-01-23 18:09:16,DEGASSING,FIRESTING-START,96.0,48.486,0.625592,0.541874,0.269107,,28.0,292.709,0.333,990.538,14.078,0.0,0.054705,,,True,0.0,1737652156.2376661,2466c2055d64ad2a_Ch1,32.0,41.991,,,,,27.968,366.628,0.179,990.566,14.078,0.0,,23.765,,True,0.0,1737652156.4686792,2466c2055d64ad2a_Ch2,1865.6037065982819,False
1737652159.753867,2025-01-23 18:09:19,DEGASSING,FIRESTING-START,96.0,48.558,0.589598,0.510821,0.253683,,28.0,293.013,0.139,990.574,14.1,0.0,0.051568,,,True,0.0,1737652159.3738453,2466c2055d64ad2a_Ch1,32.0,41.997,,,,,27.96,366.572,0.099,990.61,14.089,0.0,,23.735,,True,0.0,1737652159.6048586,2466c2055d64ad2a_Ch2,1868.7398858070374,False
1737652163.0470552,2025-01-23 18:09:23,DEGASSING,FIRESTING-START,96.0,48.67,0.537188,0.465187,0.230988,,27.992,293.634,0.229,990.654,14.078,0.0,0.046957,,,True,0.0,1737652162.6670337,2466c2055d64ad2a_Ch1,32.0,42.002,,,,,27.96,366.669,0.199,990.601,14.1,0.0,,23.711,,True,0.0,1737652162.898047,2466c2055d64ad2a_Ch2,1872.0330741405487,False
1737652166.1582334,2025-01-23 18:09:26,DEGASSING,FIRESTING-START,96.0,48.67,0.53868,0.466296,0.231552,,28.0,293.574,0.273,990.555,14.101,0.0,0.047074,,,True,0.0,1737652165.7772117,2466c2055d64ad2a_Ch1,32.0,41.999,,,,,27.96,366.713,0.079,990.583,14.089,0.0,,23.725,,True,0.0,1737652166.0082247,2466c2055d64ad2a_Ch2,1875.1442523002625,False
1737652169.3334148,2025-01-23 18:09:29,DEGASSING,FIRESTING-START,96.0,48.694,0.5262,0.455597,0.226234,,27.992,293.68,0.183,990.601,14.1,0.0,0.045992,,,True,0.0,1737652168.9533935,2466c2055d64ad2a_Ch1,32.0,41.997,,,,,27.96,366.748,0.076,990.627,14.101,0.0,,23.735,,True,0.0,1737652169.1844065,2466c2055d64ad2a_Ch2,1878.3194336891174,False
1737652172.4975958,2025-01-23 18:09:32,DEGASSING,FIRESTING-START,96.0,48.635,0.554135,0.479862,0.238286,,27.992,293.445,0.211,990.61,14.101,0.0,0.048441,,,True,0.0,1737652172.1175742,2466c2055d64ad2a_Ch1,32.0,42.001,,,,,27.96,366.653,0.209,990.618,14.101,0.0,,23.716,,True,0.0,1737652172.3485875,2466c2055d64ad2a_Ch2,1881.4836146831512,False
1737652175.6267748,2025-01-23 18:09:35,DEGASSING,FIRESTING-START,96.0,48.611,0.566965,0.490821,0.243714,,27.992,293.356,0.231,990.628,14.089,0.0,0.049546,,,True,0.0,1737652175.2467532,2466c2055d64ad2a_Ch1,32.0,42.005,,,,,27.968,366.649,-0.105,990.664,14.089,0.0,,23.696,,True,0.0,1737652175.4787667,2466c2055d64ad2a_Ch2,1884.6127936840057,False
1737652178.9019623,2025-01-23 18:09:38,DEGASSING,FIRESTING-START,96.0,48.542,0.601779,0.52079,0.258591,,27.992,293.1,0.058,990.61,14.112,0.0,0.052572,,,True,0.0,1737652178.5229406,2466c2055d64ad2a_Ch1,32.0,42.01,,,,,27.953,366.682,0.157,990.628,14.089,0.0,,23.671,,True,0.0,1737652178.7539537,2466c2055d64ad2a_Ch2,1887.8879811763763,False
1737652182.0641432,2025-01-23 18:09:42,DEGASSING,FIRESTING-START,96.0,48.566,0.591685,0.511845,0.254124,,27.984,293.277,0.046,990.664,14.089,0.0,0.051666,,,True,0.0,1737652181.6841214,2466c2055d64ad2a_Ch1,32.0,42.011,,,,,27.96,366.73,0.245,990.664,14.101,0.0,,23.666,,True,0.0,1737652181.9161346,2466c2055d64ad2a_Ch2,1891.05016207695,False
1737652185.3273299,2025-01-23 18:09:45,DEGASSING,FIRESTING-START,96.0,48.51,0.619313,0.535702,0.26597,,27.984,293.051,0.265,990.647,14.1,0.0,0.054076,,,True,0.0,1737652184.947308,2466c2055d64ad2a_Ch1,32.0,42.009,,,,,27.953,366.737,0.114,990.601,14.112,0.0,,23.676,,True,0.0,1737652185.1783214,2466c2055d64ad2a_Ch2,1894.3133487701416,False
1737652188.5165122,2025-01-23 18:09:48,DEGASSING,FIRESTING-START,96.0,48.622,0.564138,0.488055,0.242314,,27.984,293.5,0.048,990.664,14.089,0.0,0.049265,,,True,0.0,1737652188.1374905,2466c2055d64ad2a_Ch1,32.0,42.009,,,,,27.953,366.757,0.287,990.664,14.089,0.0,,23.676,,True,0.0,1737652188.3685038,2466c2055d64ad2a_Ch2,1897.5025310516357,False
1737652191.6666923,2025-01-23 18:09:51,DEGASSING,FIRESTING-START,96.0,48.805,0.475615,0.411471,0.204295,,27.992,294.213,0.252,990.647,14.1,0.0,0.041535,,,True,0.0,1737652191.2846704,2466c2055d64ad2a_Ch1,32.0,42.012,,,,,27.953,366.766,-0.042,990.61,14.089,0.0,,23.661,,True,0.0,1737652191.5156837,2466c2055d64ad2a_Ch2,1900.6527111530304,False
1737652194.9678812,2025-01-23 18:09:54,DEGASSING,FIRESTING-START,96.0,48.749,0.503547,0.435529,0.216242,,27.992,294.026,0.144,990.61,14.112,0.0,0.043965,,,True,0.0,1737652194.5878594,2466c2055d64ad2a_Ch1,32.0,42.011,,,,,27.96,366.762,0.235,990.601,14.112,0.0,,23.666,,True,0.0,1737652194.8188727,2466c2055d64ad2a_Ch2,1903.9539000988007,False
1737652198.150063,2025-01-23 18:09:58,DEGASSING,FIRESTING-START,96.0,48.711,0.521616,0.451195,0.224028,,27.984,293.836,0.128,990.584,14.1,0.0,0.045548,,,True,0.0,1737652197.7700417,2466c2055d64ad2a_Ch1,32.0,42.014,,,,,27.953,366.662,0.114,990.593,14.1,0.0,,23.651,,True,0.0,1737652198.0020547,2466c2055d64ad2a_Ch2,1907.1360819339752,False
1737652201.313244,2025-01-23 18:10:01,DEGASSING,FIRESTING-START,96.0,48.67,0.542409,0.469065,0.232891,,27.984,293.558,0.2,990.601,14.089,0.0,0.047351,,,True,0.0,1737652200.9332223,2466c2055d64ad2a_Ch1,32.0,42.008,,,,,27.953,366.561,0.33,990.574,14.112,0.0,,23.681,,True,0.0,1737652201.1642356,2466c2055d64ad2a_Ch2,1910.2992630004883,False
1737652204.4964263,2025-01-23 18:10:04,DEGASSING,FIRESTING-START,96.0,48.65,0.550238,0.476069,0.236376,,27.976,293.493,0.235,990.62,14.1,0.0,0.048057,,,True,0.0,1737652204.1154044,2466c2055d64ad2a_Ch1,32.0,42.013,,,,,27.96,366.61,0.162,990.584,14.112,0.0,,23.656,,True,0.0,1737652204.3474176,2466c2055d64ad2a_Ch2,1913.4824452400208,False
1737652207.6656075,2025-01-23 18:10:07,DEGASSING,FIRESTING-START,96.0,48.555,0.598003,0.517185,0.256777,,27.976,293.033,0.252,990.628,14.112,0.0,0.052207,,,True,0.0,1737652207.2855856,2466c2055d64ad2a_Ch1,32.0,42.017,,,,,27.953,366.498,0.184,990.593,14.1,0.0,,23.636,,True,0.0,1737652207.5175989,2466c2055d64ad2a_Ch2,1916.6516263484955,False
1737652210.923794,2025-01-23 18:10:10,DEGASSING,FIRESTING-START,96.0,48.662,0.547229,0.473118,0.234885,,27.976,293.586,0.398,990.647,14.1,0.0,0.047758,,,True,0.0,1737652210.5437722,2466c2055d64ad2a_Ch1,32.0,42.022,,,,,27.953,366.51,0.189,990.674,14.112,0.0,,23.611,,True,0.0,1737652210.7747853,2466c2055d64ad2a_Ch2,1919.909812927246,False
1737652214.1459782,2025-01-23 18:10:14,DEGASSING,FIRESTING-START,96.0,48.726,0.517741,0.447441,0.222144,,27.976,293.821,0.324,990.574,14.1,0.0,0.045169,,,True,0.0,1737652213.7659564,2466c2055d64ad2a_Ch1,32.0,42.019,,,,,27.953,366.486,0.081,990.574,14.124,0.0,,23.626,,True,0.0,1737652213.9969695,2466c2055d64ad2a_Ch2,1923.1319971084595,False
1737652217.3451612,2025-01-23 18:10:17,DEGASSING,FIRESTING-START,96.0,48.623,0.566801,0.48996,0.243253,,27.976,293.34,0.087,990.603,14.123,0.0,0.04946,,,True,0.0,1737652216.9651394,2466c2055d64ad2a_Ch1,32.0,42.021,,,,,27.953,366.578,0.177,990.567,14.123,0.0,,23.616,,True,0.0,1737652217.1961527,2466c2055d64ad2a_Ch2,1926.3311800956726,False
1737652220.64735,2025-01-23 18:10:20,DEGASSING,FIRESTING-START,96.0,48.749,0.506301,0.437591,0.217259,,27.984,293.914,0.1,990.557,14.077,0.0,0.044176,,,True,0.0,1737652220.2673283,2466c2055d64ad2a_Ch1,32.0,42.024,,,,,27.945,366.511,0.079,990.575,14.112,0.0,,23.601,,True,0.0,1737652220.4983413,2466c2055d64ad2a_Ch2,1929.6333689689636,False
1737652223.8435328,2025-01-23 18:10:23,DEGASSING,FIRESTING-START,96.0,48.863,0.452172,0.390712,0.19397,,27.976,294.432,0.261,990.603,14.1,0.0,0.039441,,,True,0.0,1737652223.463511,2466c2055d64ad2a_Ch1,32.0,42.021,,,,,27.945,366.586,0.207,990.647,14.112,0.0,,23.616,,True,0.0,1737652223.6955245,2466c2055d64ad2a_Ch2,1932.8295516967773,False
1737652227.2057252,2025-01-23 18:10:27,DEGASSING,FIRESTING-START,96.0,48.866,0.449834,0.388787,0.193014,,27.976,294.492,0.206,990.63,14.1,0.0,0.039246,,,True,0.0,1737652226.8267033,2466c2055d64ad2a_Ch1,32.0,42.027,,,,,27.945,366.495,0.157,990.639,14.1,0.0,,23.587,,True,0.0,1737652227.0577164,2466c2055d64ad2a_Ch2,1936.1917440891266,False
1737652230.368906,2025-01-23 18:10:30,DEGASSING,FIRESTING-START,96.0,48.812,0.477612,0.412599,0.204831,,27.976,294.221,0.311,990.603,14.1,0.0,0.041651,,,True,0.0,1737652229.9888842,2466c2055d64ad2a_Ch1,32.0,42.024,,,,,27.945,366.455,0.26,990.584,14.112,0.0,,23.601,,True,0.0,1737652230.2208974,2466c2055d64ad2a_Ch2,1939.354924917221,False
1737652233.551088,2025-01-23 18:10:33,DEGASSING,FIRESTING-START,96.0,48.805,0.480145,0.414882,0.205973,,27.976,294.149,0.304,990.584,14.112,0.0,0.041882,,,True,0.0,1737652233.1710663,2466c2055d64ad2a_Ch1,32.0,42.029,,,,,27.945,366.495,0.31,990.657,14.1,0.0,,23.577,,True,0.0,1737652233.4020796,2466c2055d64ad2a_Ch2,1942.5371069908142,False
1737652236.7062683,2025-01-23 18:10:36,DEGASSING,FIRESTING-START,96.0,48.923,0.424721,0.366847,0.182111,,27.968,294.623,0.254,990.62,14.089,0.0,0.037032,,,True,0.0,1737652236.326247,2466c2055d64ad2a_Ch1,32.0,42.03,,,,,27.945,366.583,0.353,990.548,14.1,0.0,,23.572,,True,0.0,1737652236.55826,2466c2055d64ad2a_Ch2,1945.6922872066498,False
1737652239.897451,2025-01-23 18:10:39,DEGASSING,FIRESTING-START,96.0,48.916,0.428385,0.369982,0.183653,,27.976,294.718,0.359,990.684,14.1,0.0,0.037346,,,True,0.0,1737652239.5184293,2466c2055d64ad2a_Ch1,32.0,42.03,,,,,27.945,366.555,0.202,990.63,14.1,0.0,,23.572,,True,0.0,1737652239.7504425,2466c2055d64ad2a_Ch2,1948.8834698200226,False
1737652243.20264,2025-01-23 18:10:43,DEGASSING,FIRESTING-START,96.0,48.959,0.40772,0.352135,0.174799,,27.976,294.824,0.214,990.657,14.112,0.0,0.035545,,,True,0.0,1737652242.8226185,2466c2055d64ad2a_Ch1,32.0,42.034,,,,,27.937,366.539,0.277,990.666,14.088,0.0,,23.552,,True,0.0,1737652243.0536315,2466c2055d64ad2a_Ch2,1952.188658952713,False
1737652246.3778217,2025-01-23 18:10:46,DEGASSING,FIRESTING-START,96.0,48.956,0.410326,0.35427,0.175856,,27.976,294.936,0.201,990.639,14.1,0.0,0.035761,,,True,0.0,1737652245.9998,2466c2055d64ad2a_Ch1,32.0,42.034,,,,,27.937,366.579,0.245,990.684,14.112,0.0,,23.552,,True,0.0,1737652246.2308133,2466c2055d64ad2a_Ch2,1955.3638405799866,False
1737652249.5730042,2025-01-23 18:10:49,DEGASSING,FIRESTING-START,96.0,48.868,0.452687,0.390844,0.194018,,27.968,294.42,0.08,990.603,14.112,0.0,0.039455,,,True,0.0,1737652249.194983,2466c2055d64ad2a_Ch1,32.0,42.034,,,,,27.937,366.587,0.229,990.649,14.112,0.0,,23.552,,True,0.0,1737652249.425996,2466c2055d64ad2a_Ch2,1958.559023141861,False
1737652252.8451917,2025-01-23 18:10:52,DEGASSING,FIRESTING-START,96.0,48.976,0.400723,0.345978,0.171753,,27.976,295.017,0.227,990.567,14.1,0.0,0.034927,,,True,0.0,1737652252.4641697,2466c2055d64ad2a_Ch1,32.0,42.03,,,,,27.937,366.731,-0.014,990.575,14.112,0.0,,23.572,,True,0.0,1737652252.695183,2466c2055d64ad2a_Ch2,1961.8312106132507,False
1737652256.1643815,2025-01-23 18:10:56,DEGASSING,FIRESTING-START,96.0,48.863,0.453906,0.392024,0.194617,,27.968,294.42,0.173,990.575,14.1,0.0,0.039575,,,True,0.0,1737652255.7813597,2466c2055d64ad2a_Ch1,32.0,42.036,,,,,27.937,366.404,0.074,990.603,14.123,0.0,,23.542,,True,0.0,1737652256.013373,2466c2055d64ad2a_Ch2,1965.1504004001617,False
1737652259.4215677,2025-01-23 18:10:59,DEGASSING,FIRESTING-START,96.0,48.831,0.47115,0.406717,0.201891,,27.968,294.262,0.119,990.621,14.1,0.0,0.041056,,,True,0.0,1737652259.0425463,2466c2055d64ad2a_Ch1,32.0,42.039,,,,,27.937,366.46,0.172,990.63,14.112,0.0,,23.527,,True,0.0,1737652259.2735593,2466c2055d64ad2a_Ch2,1968.4075865745544,False
1737652262.5987494,2025-01-23 18:11:02,DEGASSING,FIRESTING-START,96.0,48.805,0.484629,0.418251,0.207602,,27.96,294.241,0.158,990.657,14.112,0.0,0.042219,,,True,0.0,1737652262.2187276,2466c2055d64ad2a_Ch1,32.0,42.042,,,,,27.929,366.532,0.224,990.594,14.112,0.0,,23.512,,True,0.0,1737652262.450741,2466c2055d64ad2a_Ch2,1971.584768295288,False
1737652265.7439294,2025-01-23 18:11:05,DEGASSING,FIRESTING-START,96.0,48.87,0.454118,0.391823,0.194477,,27.968,294.48,0.219,990.667,14.111,0.0,0.039551,,,True,0.0,1737652265.3639076,2466c2055d64ad2a_Ch1,32.0,42.039,,,,,27.937,366.588,0.001,990.649,14.1,0.0,,23.527,,True,0.0,1737652265.5959208,2466c2055d64ad2a_Ch2,1974.7299482822418,False
1737652268.938112,2025-01-23 18:11:08,DEGASSING,FIRESTING-START,96.0,48.991,0.394973,0.340875,0.16921,,27.968,294.982,0.093,990.577,14.111,0.0,0.034411,,,True,0.0,1737652268.5580902,2466c2055d64ad2a_Ch1,32.0,42.04,,,,,27.937,366.568,0.129,990.594,14.112,0.0,,23.522,,True,0.0,1737652268.7901034,2466c2055d64ad2a_Ch2,1977.9241309165955,False
1737652272.171297,2025-01-23 18:11:12,DEGASSING,FIRESTING-START,96.0,48.942,0.418818,0.361425,0.179394,,27.968,294.836,0.377,990.659,14.099,0.0,0.036483,,,True,0.0,1737652271.7882752,2466c2055d64ad2a_Ch1,32.0,42.044,,,,,27.937,366.596,0.167,990.63,14.112,0.0,,23.502,,True,0.0,1737652272.0202882,2466c2055d64ad2a_Ch2,1981.1573159694672,False
1737652275.4504845,2025-01-23 18:11:15,DEGASSING,FIRESTING-START,96.0,48.946,0.418067,0.360658,0.179012,,27.96,294.764,0.141,990.632,14.099,0.0,0.036406,,,True,0.0,1737652275.0704627,2466c2055d64ad2a_Ch1,32.0,42.047,,,,,27.929,366.489,0.046,990.64,14.123,0.0,,23.488,,True,0.0,1737652275.301476,2466c2055d64ad2a_Ch2,1984.4365034103394,False
1737652278.658668,2025-01-23 18:11:18,DEGASSING,FIRESTING-START,96.0,48.953,0.415521,0.358379,0.177868,,27.96,294.856,0.095,990.676,14.112,0.0,0.036175,,,True,0.0,1737652278.2786462,2466c2055d64ad2a_Ch1,32.0,42.046,,,,,27.929,366.572,0.219,990.64,14.099,0.0,,23.492,,True,0.0,1737652278.5096593,2466c2055d64ad2a_Ch2,1987.6446869373322,False
1737652281.8178487,2025-01-23 18:11:21,DEGASSING,FIRESTING-START,96.0,48.934,0.424438,0.366094,0.181705,,27.968,294.723,0.334,990.64,14.123,0.0,0.036955,,,True,0.0,1737652281.438827,2466c2055d64ad2a_Ch1,32.0,42.047,,,,,27.937,366.533,0.149,990.64,14.111,0.0,,23.488,,True,0.0,1737652281.6698403,2466c2055d64ad2a_Ch2,1990.8038675785065,False
1737652285.0430331,2025-01-23 18:11:25,DEGASSING,FIRESTING-START,96.0,48.926,0.428527,0.369598,0.183443,,27.96,294.799,0.274,990.64,14.099,0.0,0.037309,,,True,0.0,1737652284.6640115,2466c2055d64ad2a_Ch1,32.0,42.055,,,,,27.929,366.433,0.285,990.659,14.099,0.0,,23.448,,True,0.0,1737652284.8950245,2466c2055d64ad2a_Ch2,1994.0290520191193,False
1737652288.2332158,2025-01-23 18:11:28,DEGASSING,FIRESTING-START,96.0,48.875,0.455532,0.392631,0.194854,,27.96,294.484,0.473,990.676,14.112,0.0,0.039632,,,True,0.0,1737652287.853194,2466c2055d64ad2a_Ch1,32.0,42.048,,,,,27.937,366.481,0.127,990.603,14.112,0.0,,23.483,,True,0.0,1737652288.0852072,2466c2055d64ad2a_Ch2,1997.2192347049713,False
1737652291.597408,2025-01-23 18:11:31,DEGASSING,FIRESTING-START,96.0,48.892,0.445227,0.383969,0.190569,,27.96,294.517,0.215,990.667,14.111,0.0,0.038758,,,True,0.0,1737652291.2173865,2466c2055d64ad2a_Ch1,32.0,42.05,,,,,27.929,366.529,0.159,990.713,14.111,0.0,,23.473,,True,0.0,1737652291.4483995,2466c2055d64ad2a_Ch2,2000.583426952362,False
1737652294.8205924,2025-01-23 18:11:34,DEGASSING,FIRESTING-START,96.0,48.849,0.466607,0.402342,0.199697,,27.96,294.423,0.159,990.604,14.123,0.0,0.040615,,,True,0.0,1737652294.4405706,2466c2055d64ad2a_Ch1,32.0,42.052,,,,,27.921,366.509,0.232,990.632,14.111,0.0,,23.463,,True,0.0,1737652294.671584,2466c2055d64ad2a_Ch2,2003.8066112995148,False
1737652298.0267758,2025-01-23 18:11:38,DEGASSING,FIRESTING-START,96.0,48.884,0.450285,0.388204,0.192677,,27.96,294.501,0.242,990.604,14.111,0.0,0.039188,,,True,0.0,1737652297.645754,2466c2055d64ad2a_Ch1,32.0,42.056,,,,,27.929,366.517,0.061,990.659,14.111,0.0,,23.443,,True,0.0,1737652297.8767672,2466c2055d64ad2a_Ch2,2007.0127947330475,False
1737652301.197957,2025-01-23 18:11:41,DEGASSING,FIRESTING-START,96.0,48.949,0.420094,0.362057,0.179694,,27.953,294.892,0.221,990.596,14.111,0.0,0.036549,,,True,0.0,1737652300.8189356,2466c2055d64ad2a_Ch1,32.0,42.054,,,,,27.921,366.417,0.074,990.64,14.111,0.0,,23.453,,True,0.0,1737652301.0499487,2466c2055d64ad2a_Ch2,2010.1839759349823,False
1737652304.4041405,2025-01-23 18:11:44,DEGASSING,FIRESTING-START,96.0,48.944,0.421917,0.363688,0.180515,,27.96,294.908,0.206,990.55,14.111,0.0,0.036715,,,True,0.0,1737652304.024119,2466c2055d64ad2a_Ch1,32.0,42.059,,,,,27.929,366.41,0.177,990.524,14.123,0.0,,23.428,,True,0.0,1737652304.2551322,2466c2055d64ad2a_Ch2,2013.390159368515,False
1737652307.6363254,2025-01-23 18:11:47,DEGASSING,FIRESTING-START,96.0,48.884,0.452381,0.389787,0.193441,,27.96,294.585,0.249,990.649,14.123,0.0,0.039346,,,True,0.0,1737652307.2563035,2466c2055d64ad2a_Ch1,32.0,42.056,,,,,27.921,366.549,0.121,990.659,14.123,0.0,,23.443,,True,0.0,1737652307.487317,2466c2055d64ad2a_Ch2,2016.6223442554474,False
1737652310.916513,2025-01-23 18:11:50,DEGASSING,FIRESTING-START,96.0,48.962,0.413828,0.356657,0.177022,,27.96,294.989,0.245,990.55,14.123,0.0,0.036005,,,True,0.0,1737652310.5374916,2466c2055d64ad2a_Ch1,32.0,42.059,,,,,27.921,366.534,0.25,990.558,14.123,0.0,,23.428,,True,0.0,1737652310.7685046,2466c2055d64ad2a_Ch2,2019.902531862259,False
1737652314.1366973,2025-01-23 18:11:54,DEGASSING,FIRESTING-START,96.0,48.938,0.426285,0.367302,0.182291,,27.953,294.755,0.201,990.604,14.123,0.0,0.037078,,,True,0.0,1737652313.7566755,2466c2055d64ad2a_Ch1,32.0,42.056,,,,,27.921,366.569,0.157,990.63,14.123,0.0,,23.443,,True,0.0,1737652313.9876888,2466c2055d64ad2a_Ch2,2023.1227161884308,False
1737652317.2868774,2025-01-23 18:11:57,DEGASSING,FIRESTING-START,96.0,48.939,0.424919,0.366215,0.181748,,27.953,294.839,0.254,990.65,14.123,0.0,0.036967,,,True,0.0,1737652316.9068556,2466c2055d64ad2a_Ch1,32.0,42.055,,,,,27.929,366.609,0.287,990.596,14.134,0.0,,23.448,,True,0.0,1737652317.138869,2466c2055d64ad2a_Ch2,2026.2728962898254,False
1737652320.5470638,2025-01-23 18:12:00,DEGASSING,FIRESTING-START,96.0,48.885,0.450699,0.388466,0.192808,,27.953,294.533,0.175,990.569,14.123,0.0,0.039216,,,True,0.0,1737652320.1680422,2466c2055d64ad2a_Ch1,32.0,42.063,,,,,27.921,366.478,0.174,990.577,14.111,0.0,,23.408,,True,0.0,1737652320.4000556,2466c2055d64ad2a_Ch2,2029.5330827236176,False
1737652323.7182453,2025-01-23 18:12:03,DEGASSING,FIRESTING-START,96.0,48.869,0.460839,0.396945,0.196986,,27.953,294.484,0.23,990.65,14.123,0.0,0.040069,,,True,0.0,1737652323.3382237,2466c2055d64ad2a_Ch1,32.0,42.059,,,,,27.921,366.562,0.209,990.596,14.123,0.0,,23.428,,True,0.0,1737652323.5692368,2466c2055d64ad2a_Ch2,2032.704264163971,False
1737652326.9814317,2025-01-23 18:12:06,DEGASSING,FIRESTING-START,96.0,48.88,0.454314,0.391453,0.194282,,27.953,294.481,0.107,990.579,14.133,0.0,0.039517,,,True,0.0,1737652326.6004102,2466c2055d64ad2a_Ch1,32.0,42.067,,,,,27.921,366.39,0.184,990.596,14.123,0.0,,23.388,,True,0.0,1737652326.8324234,2466c2055d64ad2a_Ch2,2035.967450618744,False
1737652330.131612,2025-01-23 18:12:10,DEGASSING,FIRESTING-START,96.0,48.835,0.478529,0.412048,0.204481,,27.945,294.342,0.295,990.614,14.123,0.0,0.041595,,,True,0.0,1737652329.7515905,2466c2055d64ad2a_Ch1,32.0,42.065,,,,,27.914,366.502,0.302,990.623,14.123,0.0,,23.398,,True,0.0,1737652329.9836037,2466c2055d64ad2a_Ch2,2039.1176309585571,False
1737652333.3087938,2025-01-23 18:12:13,DEGASSING,FIRESTING-START,96.0,48.838,0.476467,0.41034,0.203637,,27.953,294.371,0.26,990.614,14.123,0.0,0.041422,,,True,0.0,1737652332.9297724,2466c2055d64ad2a_Ch1,32.0,42.059,,,,,27.914,366.538,0.343,990.65,14.123,0.0,,23.428,,True,0.0,1737652333.1607854,2466c2055d64ad2a_Ch2,2042.2948126792908,False
1737652336.4969761,2025-01-23 18:12:16,DEGASSING,FIRESTING-START,96.0,48.822,0.482409,0.415661,0.206287,,27.953,294.338,0.325,990.623,14.111,0.0,0.041959,,,True,0.0,1737652336.1169546,2466c2055d64ad2a_Ch1,32.0,42.067,,,,,27.914,366.478,0.265,990.596,14.123,0.0,,23.388,,True,0.0,1737652336.3479679,2466c2055d64ad2a_Ch2,2045.4829950332642,False
1737652339.6871588,2025-01-23 18:12:19,DEGASSING,FIRESTING-START,96.0,48.859,0.466887,0.402023,0.199516,,27.945,294.48,0.241,990.569,14.111,0.0,0.040585,,,True,0.0,1737652339.307137,2466c2055d64ad2a_Ch1,32.0,42.063,,,,,27.914,366.458,0.152,990.579,14.123,0.0,,23.408,,True,0.0,1737652339.53815,2466c2055d64ad2a_Ch2,2048.673177719116,False
1737652342.8863416,2025-01-23 18:12:22,DEGASSING,FIRESTING-START,96.0,48.85,0.470045,0.404875,0.200936,,27.945,294.531,0.333,990.579,14.133,0.0,0.040872,,,True,0.0,1737652342.5063198,2466c2055d64ad2a_Ch1,32.0,42.068,,,,,27.914,366.582,0.051,990.641,14.134,0.0,,23.384,,True,0.0,1737652342.7383332,2466c2055d64ad2a_Ch2,2051.8723604679108,False
1737652346.0695238,2025-01-23 18:12:26,DEGASSING,FIRESTING-START,96.0,48.856,0.468586,0.403459,0.20021,,27.953,294.555,0.117,990.65,14.134,0.0,0.040726,,,True,0.0,1737652345.689502,2466c2055d64ad2a_Ch1,32.0,42.063,,,,,27.914,366.506,0.056,990.687,14.111,0.0,,23.408,,True,0.0,1737652345.920515,2466c2055d64ad2a_Ch2,2055.0555427074432,False
1737652351.2588205,2025-01-23 18:12:31,PREREACTION-BASELINE,FIRESTING-START,96.0,49.049,0.373997,0.322144,0.159864,,27.945,294.769,0.266,990.659,14.134,0.0,0.032518,,,True,0.0,1737652350.879799,2466c2055d64ad2a_Ch1,32.0,42.063,,,,,27.906,366.978,0.187,990.641,14.134,0.0,,23.408,,True,0.0,1737652351.1108122,2466c2055d64ad2a_Ch2,2060.2448394298553,False
1737652354.3889997,2025-01-23 18:12:34,PREREACTION-BASELINE,FIRESTING-START,96.0,49.165,0.318387,0.274243,0.136105,,27.937,295.326,-0.006,990.579,14.133,0.0,0.027685,,,True,0.0,1737652354.008978,2466c2055d64ad2a_Ch1,32.0,42.059,,,,,27.914,366.69,-0.112,990.587,14.134,0.0,,23.428,,True,0.0,1737652354.239991,2466c2055d64ad2a_Ch2,2063.375018596649,True
1737652357.4491746,2025-01-23 18:12:37,PREREACTION-BASELINE,FIRESTING-START,96.0,49.165,0.31727,0.273371,0.135661,,27.937,295.314,0.283,990.687,14.111,0.0,0.027594,,,True,0.0,1737652357.070153,2466c2055d64ad2a_Ch1,32.0,42.054,,,,,27.914,366.505,0.167,990.614,14.134,0.0,,23.453,,True,0.0,1737652357.301166,2466c2055d64ad2a_Ch2,2066.4351935386658,False
1737652360.5933545,2025-01-23 18:12:40,PREREACTION-BASELINE,FIRESTING-START,96.0,49.14,0.327817,0.282575,0.140234,,27.945,295.197,0.222,990.696,14.123,0.0,0.028522,,,True,0.0,1737652360.2133327,2466c2055d64ad2a_Ch1,32.0,42.057,,,,,27.914,366.465,0.275,990.633,14.123,0.0,,23.438,,True,0.0,1737652360.444346,2466c2055d64ad2a_Ch2,2069.57937335968,False
1737652363.8495407,2025-01-23 18:12:43,PREREACTION-BASELINE,FIRESTING-START,96.0,49.114,0.341104,0.293955,0.145888,,27.945,295.108,0.283,990.625,14.133,0.0,0.029673,,,True,0.0,1737652363.469519,2466c2055d64ad2a_Ch1,32.0,42.055,,,,,27.906,366.321,0.121,990.606,14.133,0.0,,23.448,,True,0.0,1737652363.7015321,2466c2055d64ad2a_Ch2,2072.835559606552,False
1737652367.0187218,2025-01-23 18:12:47,PREREACTION-BASELINE,FIRESTING-START,96.0,49.092,0.351075,0.302598,0.150188,,27.945,294.955,0.213,990.579,14.123,0.0,0.030547,,,True,0.0,1737652366.6387002,2466c2055d64ad2a_Ch1,32.0,42.054,,,,,27.906,366.377,0.147,990.696,14.134,0.0,,23.453,,True,0.0,1737652366.8707137,2466c2055d64ad2a_Ch2,2076.004740715027,False
1737652370.3489125,2025-01-23 18:12:50,PREREACTION-BASELINE,FIRESTING-START,96.0,49.123,0.335949,0.289584,0.14373,,27.937,295.044,0.32,990.579,14.133,0.0,0.029233,,,True,0.0,1737652369.9688907,2466c2055d64ad2a_Ch1,32.0,42.051,,,,,27.906,366.285,0.214,990.696,14.134,0.0,,23.468,,True,0.0,1737652370.199904,2466c2055d64ad2a_Ch2,2079.334931373596,False
1737652373.579097,2025-01-23 18:12:53,PREREACTION-BASELINE,FIRESTING-START,96.0,49.113,0.339887,0.293051,0.145453,,27.945,295.012,0.182,990.587,14.134,0.0,0.029583,,,True,0.0,1737652373.1990752,2466c2055d64ad2a_Ch1,32.0,42.052,,,,,27.906,366.325,0.054,990.579,14.111,0.0,,23.463,,True,0.0,1737652373.4300888,2466c2055d64ad2a_Ch2,2082.56511592865,False
1737652376.807282,2025-01-23 18:12:56,PREREACTION-BASELINE,FIRESTING-START,96.0,49.114,0.339689,0.292856,0.145351,,27.945,295.004,0.247,990.616,14.133,0.0,0.029563,,,True,0.0,1737652376.4272602,2466c2055d64ad2a_Ch1,32.0,42.047,,,,,27.906,366.329,0.237,990.633,14.123,0.0,,23.488,,True,0.0,1737652376.6592731,2466c2055d64ad2a_Ch2,2085.7933008670807,False
1737652379.9844637,2025-01-23 18:12:59,PREREACTION-BASELINE,FIRESTING-START,96.0,49.081,0.354066,0.305376,0.151567,,27.937,294.818,0.22,990.643,14.133,0.0,0.030826,,,True,0.0,1737652379.6054418,2466c2055d64ad2a_Ch1,32.0,42.047,,,,,27.906,366.216,0.209,990.67,14.122,0.0,,23.488,,True,0.0,1737652379.837455,2466c2055d64ad2a_Ch2,2088.9704825878143,False
1737652383.2016475,2025-01-23 18:13:03,PREREACTION-BASELINE,FIRESTING-START,96.0,49.052,0.367964,0.317363,0.15752,,27.937,294.785,-0.156,990.625,14.145,0.0,0.032036,,,True,0.0,1737652382.821626,2466c2055d64ad2a_Ch1,32.0,42.05,,,,,27.906,366.045,-0.23,990.633,14.133,0.0,,23.473,,True,0.0,1737652383.052639,2466c2055d64ad2a_Ch2,2092.187666416168,False
1737652386.4748347,2025-01-23 18:13:06,PREREACTION-BASELINE,FIRESTING-START,96.0,48.993,0.397154,0.342454,0.169953,,27.945,294.55,-0.024,990.715,14.123,0.0,0.034566,,,True,0.0,1737652386.0948129,2466c2055d64ad2a_Ch1,32.0,42.042,,,,,27.906,366.096,0.106,990.66,14.123,0.0,,23.512,,True,0.0,1737652386.3258264,2466c2055d64ad2a_Ch2,2095.46085357666,False
1737652389.6340156,2025-01-23 18:13:09,PREREACTION-BASELINE,FIRESTING-START,96.0,48.964,0.408821,0.352739,0.175078,,27.937,294.449,0.265,990.67,14.122,0.0,0.035606,,,True,0.0,1737652389.2539937,2466c2055d64ad2a_Ch1,32.0,42.041,,,,,27.906,366.128,0.149,990.643,14.122,0.0,,23.517,,True,0.0,1737652389.4850068,2466c2055d64ad2a_Ch2,2098.620034456253,False
1737652392.8221977,2025-01-23 18:13:12,PREREACTION-BASELINE,FIRESTING-START,96.0,48.968,0.406608,0.350859,0.174148,,27.937,294.433,0.19,990.66,14.111,0.0,0.035416,,,True,0.0,1737652392.442176,2466c2055d64ad2a_Ch1,32.0,42.047,,,,,27.906,366.125,0.039,990.679,14.145,0.0,,23.488,,True,0.0,1737652392.6731894,2466c2055d64ad2a_Ch2,2101.808216571808,False
1737652396.0113802,2025-01-23 18:13:16,PREREACTION-BASELINE,FIRESTING-START,96.0,48.926,0.428527,0.369598,0.183429,,27.937,294.215,0.244,990.715,14.123,0.0,0.037306,,,True,0.0,1737652395.6313584,2466c2055d64ad2a_Ch1,32.0,42.041,,,,,27.906,366.048,0.049,990.715,14.145,0.0,,23.517,,True,0.0,1737652395.8623717,2466c2055d64ad2a_Ch2,2104.9973990917206,False
1737652399.2985682,2025-01-23 18:13:19,PREREACTION-BASELINE,FIRESTING-START,96.0,48.907,0.435967,0.376193,0.186717,,27.945,294.126,0.348,990.687,14.123,0.0,0.037972,,,True,0.0,1737652398.9185464,2466c2055d64ad2a_Ch1,32.0,42.036,,,,,27.898,366.032,0.197,990.679,14.133,0.0,,23.542,,True,0.0,1737652399.1495597,2466c2055d64ad2a_Ch2,2108.2845871448517,False
1737652402.6447597,2025-01-23 18:13:22,PREREACTION-BASELINE,FIRESTING-START,96.0,48.918,0.429191,0.370497,0.183893,,27.937,294.122,0.286,990.715,14.111,0.0,0.037396,,,True,0.0,1737652402.2347362,2466c2055d64ad2a_Ch1,32.0,42.034,,,,,27.906,365.987,0.169,990.698,14.145,0.0,,23.552,,True,0.0,1737652402.4977512,2466c2055d64ad2a_Ch2,2111.6307785511017,False
1737652405.830942,2025-01-23 18:13:25,PREREACTION-BASELINE,FIRESTING-START,96.0,48.914,0.430523,0.371708,0.184503,,27.937,294.178,0.269,990.687,14.133,0.0,0.03752,,,True,0.0,1737652405.45092,2466c2055d64ad2a_Ch1,32.0,42.031,,,,,27.898,366.051,0.061,990.779,14.133,0.0,,23.567,,True,0.0,1737652405.6819334,2466c2055d64ad2a_Ch2,2114.816960811615,False
1737652408.9891226,2025-01-23 18:13:28,PREREACTION-BASELINE,FIRESTING-START,96.0,48.9,0.436378,0.376855,0.187066,,27.929,294.05,0.188,990.67,14.133,0.0,0.03804,,,True,0.0,1737652408.6101007,2466c2055d64ad2a_Ch1,32.0,42.029,,,,,27.906,365.999,0.036,990.752,14.145,0.0,,23.577,,True,0.0,1737652408.841114,2466c2055d64ad2a_Ch2,2117.9751415252686,False
1737652412.1703045,2025-01-23 18:13:32,PREREACTION-BASELINE,FIRESTING-START,96.0,48.934,0.419435,0.362282,0.179819,,27.937,294.163,0.207,990.761,14.133,0.0,0.036566,,,True,0.0,1737652411.7902827,2466c2055d64ad2a_Ch1,32.0,42.031,,,,,27.898,365.999,0.051,990.706,14.123,0.0,,23.567,,True,0.0,1737652412.0212958,2466c2055d64ad2a_Ch2,2121.1563234329224,False
1737652415.41649,2025-01-23 18:13:35,PREREACTION-BASELINE,FIRESTING-START,96.0,48.882,0.445047,0.384341,0.190777,,27.929,293.997,0.207,990.698,14.133,0.0,0.038795,,,True,0.0,1737652415.0364685,2466c2055d64ad2a_Ch1,32.0,42.024,,,,,27.898,365.947,0.091,990.752,14.133,0.0,,23.601,,True,0.0,1737652415.2674816,2466c2055d64ad2a_Ch2,2124.4025089740753,False
1737652418.7216792,2025-01-23 18:13:38,PREREACTION-BASELINE,FIRESTING-START,96.0,48.86,0.453616,0.391959,0.194565,,27.929,293.888,0.261,990.725,14.133,0.0,0.039562,,,True,0.0,1737652418.3416574,2466c2055d64ad2a_Ch1,32.0,42.028,,,,,27.906,365.971,0.214,990.771,14.133,0.0,,23.582,,True,0.0,1737652418.5726707,2466c2055d64ad2a_Ch2,2127.7076981067657,False
1737652421.8788598,2025-01-23 18:13:41,PREREACTION-BASELINE,FIRESTING-START,96.0,48.861,0.45427,0.392402,0.194769,,27.929,293.952,0.188,990.771,14.145,0.0,0.039605,,,True,0.0,1737652421.498838,2466c2055d64ad2a_Ch1,32.0,42.025,,,,,27.898,365.951,0.282,990.689,14.145,0.0,,23.596,,True,0.0,1737652421.7308514,2466c2055d64ad2a_Ch2,2130.86487865448,False
1737652425.0590417,2025-01-23 18:13:45,PREREACTION-BASELINE,FIRESTING-START,96.0,48.815,0.475618,0.410937,0.203995,,27.929,293.685,0.227,990.67,14.133,0.0,0.04148,,,True,0.0,1737652424.6780198,2466c2055d64ad2a_Ch1,32.0,42.026,,,,,27.898,365.847,0.121,990.698,14.133,0.0,,23.592,,True,0.0,1737652424.9110332,2466c2055d64ad2a_Ch2,2134.045060634613,False
1737652428.248224,2025-01-23 18:13:48,PREREACTION-BASELINE,FIRESTING-START,96.0,48.813,0.476827,0.411955,0.204489,,27.929,293.661,0.298,990.716,14.133,0.0,0.041581,,,True,0.0,1737652427.866202,2466c2055d64ad2a_Ch1,32.0,42.024,,,,,27.898,365.887,0.157,990.68,14.133,0.0,,23.601,,True,0.0,1737652428.0982153,2466c2055d64ad2a_Ch2,2137.234242916107,False
1737652431.3804033,2025-01-23 18:13:51,PREREACTION-BASELINE,FIRESTING-START,96.0,48.798,0.483526,0.417804,0.207409,,27.929,293.601,0.308,990.653,14.145,0.0,0.042174,,,True,0.0,1737652430.9993815,2466c2055d64ad2a_Ch1,32.0,42.019,,,,,27.898,365.906,0.262,990.716,14.133,0.0,,23.626,,True,0.0,1737652431.2313948,2466c2055d64ad2a_Ch2,2140.366422176361,False
1737652434.7555964,2025-01-23 18:13:54,PREREACTION-BASELINE,FIRESTING-START,96.0,48.753,0.503752,0.435459,0.216163,,27.929,293.434,0.092,990.744,14.156,0.0,0.043952,,,True,0.0,1737652434.3755746,2466c2055d64ad2a_Ch1,32.0,42.021,,,,,27.898,365.978,0.127,990.725,14.133,0.0,,23.616,,True,0.0,1737652434.6075878,2466c2055d64ad2a_Ch2,2143.74161529541,False
1737652437.9347782,2025-01-23 18:13:57,PREREACTION-BASELINE,FIRESTING-START,96.0,48.713,0.523731,0.452655,0.224695,,27.921,293.228,0.08,990.744,14.145,0.0,0.045688,,,True,0.0,1737652437.5547564,2466c2055d64ad2a_Ch1,32.0,42.019,,,,,27.89,365.822,0.114,990.708,14.133,0.0,,23.626,,True,0.0,1737652437.7867696,2466c2055d64ad2a_Ch2,2146.920797109604,False
1737652441.1489618,2025-01-23 18:14:01,PREREACTION-BASELINE,FIRESTING-START,96.0,48.666,0.545908,0.471899,0.234261,,27.929,293.026,0.279,990.708,14.133,0.0,0.047632,,,True,0.0,1737652440.76794,2466c2055d64ad2a_Ch1,32.0,42.019,,,,,27.89,365.754,0.018,990.744,14.122,0.0,,23.626,,True,0.0,1737652440.9999535,2466c2055d64ad2a_Ch2,2150.1349806785583,False
1737652444.3541453,2025-01-23 18:14:04,PREREACTION-BASELINE,FIRESTING-START,96.0,48.632,0.562423,0.486175,0.241348,,27.929,292.869,0.2,990.708,14.133,0.0,0.049073,,,True,0.0,1737652443.9741235,2466c2055d64ad2a_Ch1,32.0,42.017,,,,,27.898,365.754,0.167,990.735,14.145,0.0,,23.636,,True,0.0,1737652444.2051365,2466c2055d64ad2a_Ch2,2153.3401641845703,False
1737652447.5463278,2025-01-23 18:14:07,PREREACTION-BASELINE,FIRESTING-START,96.0,48.604,0.575412,0.497485,0.246962,,27.929,292.723,0.364,990.726,14.145,0.0,0.050214,,,True,0.0,1737652447.166306,2466c2055d64ad2a_Ch1,32.0,42.012,,,,,27.89,365.686,0.224,990.68,14.133,0.0,,23.661,,True,0.0,1737652447.3973193,2466c2055d64ad2a_Ch2,2156.532346725464,False
1737652451.0425277,2025-01-23 18:14:11,PREREACTION-BASELINE,FIRESTING-START,96.0,48.597,0.577238,0.499267,0.247861,,27.929,292.699,0.389,990.716,14.133,0.0,0.050394,,,True,0.0,1737652450.6625059,2466c2055d64ad2a_Ch1,32.0,42.015,,,,,27.898,365.662,0.405,990.68,14.133,0.0,,23.646,,True,0.0,1737652450.8945193,2466c2055d64ad2a_Ch2,2160.0285465717316,False
1737652454.2497113,2025-01-23 18:14:14,PREREACTION-BASELINE,FIRESTING-START,96.0,48.561,0.595718,0.515124,0.255743,,27.929,292.425,0.318,990.653,14.133,0.0,0.051998,,,True,0.0,1737652453.8686893,2466c2055d64ad2a_Ch1,32.0,42.014,,,,,27.89,365.558,0.119,990.762,14.133,0.0,,23.651,,True,0.0,1737652454.1007028,2466c2055d64ad2a_Ch2,2163.2357301712036,False
1737652457.4658952,2025-01-23 18:14:17,PREREACTION-BASELINE,FIRESTING-START,96.0,48.512,0.619299,0.535559,0.265863,,27.921,292.327,0.357,990.753,14.133,0.0,0.054055,,,True,0.0,1737652457.0858734,2466c2055d64ad2a_Ch1,32.0,42.009,,,,,27.89,365.637,0.222,990.753,14.133,0.0,,23.676,,True,0.0,1737652457.3178868,2466c2055d64ad2a_Ch2,2166.4519140720367,False
1737652460.6520777,2025-01-23 18:14:20,PREREACTION-BASELINE,FIRESTING-START,96.0,48.479,0.633802,0.548324,0.27221,,27.921,292.049,0.278,990.762,14.145,0.0,0.055343,,,True,0.0,1737652460.2720559,2466c2055d64ad2a_Ch1,32.0,42.007,,,,,27.89,365.657,0.232,990.779,14.122,0.0,,23.686,,True,0.0,1737652460.504069,2466c2055d64ad2a_Ch2,2169.6380965709686,False
1737652463.827259,2025-01-23 18:14:23,PREREACTION-BASELINE,FIRESTING-START,96.0,48.442,0.651245,0.563506,0.279762,,27.921,291.851,0.273,990.726,14.133,0.0,0.056878,,,True,0.0,1737652463.4472375,2466c2055d64ad2a_Ch1,32.0,42.009,,,,,27.89,365.625,0.162,990.772,14.144,0.0,,23.676,,True,0.0,1737652463.6792507,2466c2055d64ad2a_Ch2,2172.8132779598236,False
1737652467.1914513,2025-01-23 18:14:27,PREREACTION-BASELINE,FIRESTING-START,96.0,48.396,0.674436,0.583478,0.289653,,27.921,291.785,0.27,990.789,14.133,0.0,0.05889,,,True,0.0,1737652466.81143,2466c2055d64ad2a_Ch1,32.0,42.004,,,,,27.89,365.625,0.297,990.789,14.133,0.0,,23.701,,True,0.0,1737652467.042443,2466c2055d64ad2a_Ch2,2176.1774702072144,False
1737652470.4906402,2025-01-23 18:14:30,PREREACTION-BASELINE,FIRESTING-START,96.0,48.379,0.681117,0.589498,0.29266,,27.921,291.692,0.123,990.772,14.156,0.0,0.059498,,,True,0.0,1737652470.1106186,2466c2055d64ad2a_Ch1,32.0,42.005,,,,,27.882,365.613,0.202,990.735,14.133,0.0,,23.696,,True,0.0,1737652470.3416317,2466c2055d64ad2a_Ch2,2179.4766590595245,False
1737652473.6848228,2025-01-23 18:14:33,PREREACTION-BASELINE,FIRESTING-START,96.0,48.378,0.681942,0.590164,0.29301,,27.914,291.708,0.171,990.699,14.145,0.0,0.05957,,,True,0.0,1737652473.3048012,2466c2055d64ad2a_Ch1,32.0,41.999,,,,,27.882,365.528,0.257,990.762,14.133,0.0,,23.725,,True,0.0,1737652473.5358143,2466c2055d64ad2a_Ch2,2182.670841693878,False
1737652476.900007,2025-01-23 18:14:36,PREREACTION-BASELINE,FIRESTING-START,96.0,48.359,0.689335,0.596844,0.296326,,27.914,291.667,0.19,990.753,14.145,0.0,0.060241,,,True,0.0,1737652476.5209851,2466c2055d64ad2a_Ch1,32.0,42.001,,,,,27.89,365.537,0.114,990.745,14.144,0.0,,23.716,,True,0.0,1737652476.7519982,2466c2055d64ad2a_Ch2,2185.886025905609,False
1737652480.0791886,2025-01-23 18:14:40,PREREACTION-BASELINE,FIRESTING-START,96.0,48.328,0.705154,0.610451,0.303066,,27.914,291.442,0.168,990.789,14.133,0.0,0.061612,,,True,0.0,1737652479.700167,2466c2055d64ad2a_Ch1,32.0,42.002,,,,,27.89,365.481,0.252,990.718,14.133,0.0,,23.711,,True,0.0,1737652479.9311802,2466c2055d64ad2a_Ch2,2189.0652074813843,False
1737652483.373377,2025-01-23 18:14:43,PREREACTION-BASELINE,FIRESTING-START,96.0,48.272,0.733045,0.634544,0.315032,,27.914,291.167,0.305,990.764,14.144,0.0,0.064045,,,True,0.0,1737652482.9933553,2466c2055d64ad2a_Ch1,32.0,41.998,,,,,27.882,365.42,0.154,990.772,14.144,0.0,,23.73,,True,0.0,1737652483.2243683,2466c2055d64ad2a_Ch2,2192.359395980835,False
1737652486.56856,2025-01-23 18:14:46,PREREACTION-BASELINE,FIRESTING-START,96.0,48.236,0.749494,0.648984,0.3222,,27.914,291.037,0.149,990.799,14.144,0.0,0.065501,,,True,0.0,1737652486.189538,2466c2055d64ad2a_Ch1,32.0,41.998,,,,,27.882,365.484,0.114,990.691,14.144,0.0,,23.73,,True,0.0,1737652486.4205515,2466c2055d64ad2a_Ch2,2195.554578781128,False
1737652489.7637427,2025-01-23 18:14:49,PREREACTION-BASELINE,FIRESTING-START,96.0,48.162,0.786044,0.680632,0.337935,,27.914,290.626,0.216,990.736,14.132,0.0,0.068699,,,True,0.0,1737652489.3837206,2466c2055d64ad2a_Ch1,32.0,41.997,,,,,27.89,365.532,0.034,990.726,14.145,0.0,,23.735,,True,0.0,1737652489.615734,2466c2055d64ad2a_Ch2,2198.749761581421,False
1737652492.9819267,2025-01-23 18:14:52,PREREACTION-BASELINE,FIRESTING-START,96.0,48.122,0.805499,0.697535,0.346327,,27.914,290.516,0.178,990.745,14.144,0.0,0.070405,,,True,0.0,1737652492.6029048,2466c2055d64ad2a_Ch1,32.0,41.994,,,,,27.882,365.388,0.119,990.762,14.145,0.0,,23.75,,True,0.0,1737652492.833918,2466c2055d64ad2a_Ch2,2201.967945575714,False
1737652496.2011108,2025-01-23 18:14:56,PREREACTION-BASELINE,FIRESTING-START,96.0,48.088,0.821302,0.711394,0.353178,,27.914,290.362,0.306,990.854,14.144,0.0,0.071796,,,True,0.0,1737652495.8220892,2466c2055d64ad2a_Ch1,32.0,41.993,,,,,27.882,365.352,0.139,990.791,14.167,0.0,,23.755,,True,0.0,1737652496.0531023,2466c2055d64ad2a_Ch2,2205.1871297359467,False
1737652499.4572968,2025-01-23 18:14:59,PREREACTION-BASELINE,FIRESTING-START,96.0,48.054,0.83783,0.725769,0.360351,,27.914,290.145,0.306,990.764,14.132,0.0,0.073253,,,True,0.0,1737652499.0782754,2466c2055d64ad2a_Ch1,32.0,41.993,,,,,27.875,365.408,0.393,990.772,14.156,0.0,,23.755,,True,0.0,1737652499.3092885,2466c2055d64ad2a_Ch2,2208.4433157444,False
1737652502.6604803,2025-01-23 18:15:02,PREREACTION-BASELINE,FIRESTING-START,96.0,48.022,0.853737,0.739548,0.367169,,27.914,290.051,0.313,990.826,14.133,0.0,0.074639,,,True,0.0,1737652502.2814584,2466c2055d64ad2a_Ch1,32.0,41.994,,,,,27.882,365.264,0.109,990.736,14.156,0.0,,23.75,,True,0.0,1737652502.512472,2466c2055d64ad2a_Ch2,2211.646499156952,False
1737652505.9376676,2025-01-23 18:15:05,PREREACTION-BASELINE,FIRESTING-START,96.0,47.95,0.889969,0.770871,0.382735,,27.914,289.704,0.113,990.782,14.156,0.0,0.077804,,,True,0.0,1737652505.558646,2466c2055d64ad2a_Ch1,32.0,41.992,,,,,27.875,365.244,0.106,990.791,14.144,0.0,,23.76,,True,0.0,1737652505.789659,2466c2055d64ad2a_Ch2,2214.923686504364,False
1737652509.1458511,2025-01-23 18:15:09,PREREACTION-BASELINE,FIRESTING-START,96.0,47.908,0.910221,0.788541,0.391522,,27.906,289.506,0.266,990.764,14.156,0.0,0.079589,,,True,0.0,1737652508.7668295,2466c2055d64ad2a_Ch1,32.0,41.988,,,,,27.882,365.283,0.086,990.782,14.144,0.0,,23.78,,True,0.0,1737652508.9978428,2466c2055d64ad2a_Ch2,2218.131870031357,False
1737652512.3550346,2025-01-23 18:15:12,PREREACTION-BASELINE,FIRESTING-START,96.0,47.857,0.934271,0.80964,0.402009,,27.914,289.335,0.151,990.772,14.156,0.0,0.081718,,,True,0.0,1737652511.975013,2466c2055d64ad2a_Ch1,32.0,41.983,,,,,27.882,365.215,0.094,990.745,14.156,0.0,,23.805,,True,0.0,1737652512.2070262,2466c2055d64ad2a_Ch2,2221.3410534858704,False
1737652515.5832193,2025-01-23 18:15:15,PREREACTION-BASELINE,FIRESTING-START,96.0,47.81,0.955968,0.828779,0.411551,,27.906,289.109,0.122,990.728,14.144,0.0,0.083653,,,True,0.0,1737652515.2031977,2466c2055d64ad2a_Ch1,32.0,41.987,,,,,27.882,365.151,0.169,990.755,14.156,0.0,,23.785,,True,0.0,1737652515.4342108,2466c2055d64ad2a_Ch2,2224.5692381858826,False
1737652518.8604069,2025-01-23 18:15:18,PREREACTION-BASELINE,FIRESTING-START,96.0,47.739,0.993134,0.86072,0.427372,,27.914,288.73,0.177,990.782,14.156,0.0,0.086872,,,True,0.0,1737652518.480385,2466c2055d64ad2a_Ch1,32.0,41.985,,,,,27.882,365.151,0.209,990.728,14.156,0.0,,23.795,,True,0.0,1737652518.7113984,2466c2055d64ad2a_Ch2,2227.8464257717133,False
1737652522.0695903,2025-01-23 18:15:22,PREREACTION-BASELINE,FIRESTING-START,96.0,47.716,1.003959,0.870243,0.432133,,27.906,288.744,0.231,990.728,14.166,0.0,0.087838,,,True,0.0,1737652521.6895685,2466c2055d64ad2a_Ch1,32.0,41.982,,,,,27.875,365.307,0.139,990.728,14.144,0.0,,23.81,,True,0.0,1737652521.9215817,2466c2055d64ad2a_Ch2,2231.055609226227,False
1737652525.263773,2025-01-23 18:15:25,PREREACTION-BASELINE,FIRESTING-START,96.0,47.672,1.024995,0.888694,0.441294,,27.906,288.538,0.062,990.755,14.166,0.0,0.089698,,,True,0.0,1737652524.8847513,2466c2055d64ad2a_Ch1,32.0,41.981,,,,,27.875,365.227,0.343,990.746,14.156,0.0,,23.815,,True,0.0,1737652525.1157644,2466c2055d64ad2a_Ch2,2234.2497918605804,False
1737652528.5029583,2025-01-23 18:15:28,PREREACTION-BASELINE,FIRESTING-START,96.0,47.615,1.053398,0.913394,0.453568,,27.906,288.288,0.3,990.746,14.144,0.0,0.092192,,,True,0.0,1737652528.1239364,2466c2055d64ad2a_Ch1,32.0,41.983,,,,,27.875,365.227,-0.059,990.782,14.144,0.0,,23.805,,True,0.0,1737652528.35495,2466c2055d64ad2a_Ch2,2237.4889771938324,False
1737652531.6841402,2025-01-23 18:15:31,PREREACTION-BASELINE,FIRESTING-START,96.0,47.564,1.079995,0.936305,0.464905,,27.906,287.997,0.29,990.81,14.144,0.0,0.094498,,,True,0.0,1737652531.3041186,2466c2055d64ad2a_Ch1,32.0,41.977,,,,,27.875,365.303,0.182,990.755,14.156,0.0,,23.835,,True,0.0,1737652531.5361319,2466c2055d64ad2a_Ch2,2240.670159101486,False
1737652534.844321,2025-01-23 18:15:34,PREREACTION-BASELINE,FIRESTING-START,96.0,47.498,1.111135,0.963771,0.478601,,27.906,287.626,0.22,990.746,14.166,0.0,0.097277,,,True,0.0,1737652534.4642992,2466c2055d64ad2a_Ch1,32.0,41.982,,,,,27.875,365.107,0.242,990.765,14.156,0.0,,23.81,,True,0.0,1737652534.6953125,2466c2055d64ad2a_Ch2,2243.8303399086,False
1737652538.0165026,2025-01-23 18:15:38,PREREACTION-BASELINE,FIRESTING-START,96.0,47.444,1.140593,0.98892,0.491058,,27.906,287.343,0.234,990.765,14.144,0.0,0.099813,,,True,0.0,1737652537.6374807,2466c2055d64ad2a_Ch1,32.0,41.982,,,,,27.875,365.039,0.224,990.791,14.167,0.0,,23.81,,True,0.0,1737652537.869494,2466c2055d64ad2a_Ch2,2247.0025215148926,False
1737652541.2866895,2025-01-23 18:15:41,PREREACTION-BASELINE,FIRESTING-START,96.0,47.393,1.166615,1.011482,0.502252,,27.906,287.173,0.025,990.782,14.156,0.0,0.102089,,,True,0.0,1737652540.9076676,2466c2055d64ad2a_Ch1,32.0,41.98,,,,,27.867,365.043,0.091,990.738,14.178,0.0,,23.82,,True,0.0,1737652541.1386812,2466c2055d64ad2a_Ch2,2250.272708415985,False
1737652544.4848723,2025-01-23 18:15:44,PREREACTION-BASELINE,FIRESTING-START,96.0,47.32,1.203145,1.043324,0.518083,,27.906,286.914,0.192,990.765,14.144,0.0,0.105304,,,True,0.0,1737652544.08985,2466c2055d64ad2a_Ch1,32.0,41.972,,,,,27.875,365.11,0.229,990.819,14.156,0.0,,23.86,,True,0.0,1737652544.320863,2466c2055d64ad2a_Ch2,2253.470891237259,False
1737652547.7010565,2025-01-23 18:15:47,PREREACTION-BASELINE,FIRESTING-START,96.0,47.24,1.240896,1.076759,0.534729,,27.898,286.43,0.173,990.757,14.155,0.0,0.10868,,,True,0.0,1737652547.3220346,2466c2055d64ad2a_Ch1,32.0,41.975,,,,,27.867,365.082,-0.014,990.819,14.156,0.0,,23.845,,True,0.0,1737652547.553048,2466c2055d64ad2a_Ch2,2256.6870753765106,False
1737652550.9112399,2025-01-23 18:15:50,PREREACTION-BASELINE,FIRESTING-START,96.0,47.165,1.280739,1.111062,0.551714,,27.898,286.03,0.098,990.819,14.156,0.0,0.112135,,,True,0.0,1737652550.5312183,2466c2055d64ad2a_Ch1,32.0,41.977,,,,,27.867,364.987,0.116,990.837,14.144,0.0,,23.835,,True,0.0,1737652550.7622316,2466c2055d64ad2a_Ch2,2259.897258758545,False
1737652554.0894217,2025-01-23 18:15:54,PREREACTION-BASELINE,FIRESTING-START,96.0,47.117,1.306361,1.133105,0.562681,,27.898,285.952,0.249,990.765,14.166,0.0,0.114366,,,True,0.0,1737652553.7104,2466c2055d64ad2a_Ch1,32.0,41.974,,,,,27.859,365.054,0.302,990.765,14.156,0.0,,23.85,,True,0.0,1737652553.9414134,2466c2055d64ad2a_Ch2,2263.075440645218,False
1737652557.3196065,2025-01-23 18:15:57,PREREACTION-BASELINE,FIRESTING-START,96.0,47.044,1.342866,1.165053,0.57854,,27.898,285.429,0.148,990.801,14.19,0.0,0.117587,,,True,0.0,1737652556.9395847,2466c2055d64ad2a_Ch1,32.0,41.971,,,,,27.867,364.934,0.109,990.792,14.156,0.0,,23.864,,True,0.0,1737652557.1705978,2466c2055d64ad2a_Ch2,2266.30562543869,False
1737652560.5757928,2025-01-23 18:16:00,PREREACTION-BASELINE,FIRESTING-START,96.0,46.983,1.373318,1.191743,0.591798,,27.89,285.158,0.242,990.819,14.156,0.0,0.120278,,,True,0.0,1737652560.195771,2466c2055d64ad2a_Ch1,32.0,41.974,,,,,27.867,364.93,0.101,990.828,14.144,0.0,,23.85,,True,0.0,1737652560.4277842,2466c2055d64ad2a_Ch2,2269.561811685562,False
1737652563.8389792,2025-01-23 18:16:03,PREREACTION-BASELINE,FIRESTING-START,96.0,46.928,1.403157,1.21736,0.604531,,27.898,284.927,0.021,990.774,14.156,0.0,0.122869,,,True,0.0,1737652563.458958,2466c2055d64ad2a_Ch1,32.0,41.975,,,,,27.859,364.982,0.262,990.765,14.156,0.0,,23.845,,True,0.0,1737652563.690971,2466c2055d64ad2a_Ch2,2272.824998140335,False
1737652567.0421627,2025-01-23 18:16:07,PREREACTION-BASELINE,FIRESTING-START,96.0,46.875,1.431247,1.24163,0.616584,,27.898,284.765,0.217,990.765,14.166,0.0,0.12532,,,True,0.0,1737652566.6621408,2466c2055d64ad2a_Ch1,32.0,41.969,,,,,27.867,364.93,0.169,990.801,14.166,0.0,,23.874,,True,0.0,1737652566.8941543,2466c2055d64ad2a_Ch2,2276.028181552887,False
1737652570.229345,2025-01-23 18:16:10,PREREACTION-BASELINE,FIRESTING-START,96.0,46.813,1.461099,1.268123,0.629833,,27.89,284.326,0.264,990.675,14.166,0.0,0.128006,,,True,0.0,1737652569.848323,2466c2055d64ad2a_Ch1,32.0,41.962,,,,,27.859,364.925,0.209,990.757,14.178,0.0,,23.909,,True,0.0,1737652570.0803363,2466c2055d64ad2a_Ch2,2279.2153639793396,False
1737652573.410527,2025-01-23 18:16:13,PREREACTION-BASELINE,FIRESTING-START,96.0,46.769,1.481017,1.286141,0.638757,,27.898,284.296,0.173,990.774,14.156,0.0,0.129811,,,True,0.0,1737652573.0305052,2466c2055d64ad2a_Ch1,32.0,41.966,,,,,27.859,364.762,0.049,990.775,14.143,0.0,,23.889,,True,0.0,1737652573.2615182,2466c2055d64ad2a_Ch2,2282.3965458869934,False
1737652576.7447176,2025-01-23 18:16:16,PREREACTION-BASELINE,FIRESTING-START,96.0,46.699,1.519574,1.319196,0.655131,,27.89,283.928,0.134,990.802,14.166,0.0,0.133144,,,True,0.0,1737652576.365696,2466c2055d64ad2a_Ch1,32.0,41.957,,,,,27.867,364.773,0.124,990.802,14.166,0.0,,23.934,,True,0.0,1737652576.596709,2466c2055d64ad2a_Ch2,2285.7307364940643,False
1737652579.9278996,2025-01-23 18:16:19,PREREACTION-BASELINE,FIRESTING-START,96.0,46.644,1.544418,1.341743,0.666402,,27.89,283.666,0.186,990.775,14.155,0.0,0.135423,,,True,0.0,1737652579.5488782,2466c2055d64ad2a_Ch1,32.0,41.957,,,,,27.867,364.885,0.071,990.811,14.178,0.0,,23.934,,True,0.0,1737652579.7808912,2466c2055d64ad2a_Ch2,2288.913918495178,False
1737652583.1660848,2025-01-23 18:16:23,PREREACTION-BASELINE,FIRESTING-START,96.0,46.568,1.584516,1.376579,0.683711,,27.89,283.298,0.231,990.765,14.166,0.0,0.138941,,,True,0.0,1737652582.7860632,2466c2055d64ad2a_Ch1,32.0,41.955,,,,,27.859,364.861,0.121,990.819,14.156,0.0,,23.944,,True,0.0,1737652583.0180764,2466c2055d64ad2a_Ch2,2292.152103662491,False
1737652586.348267,2025-01-23 18:16:26,PREREACTION-BASELINE,FIRESTING-START,96.0,46.503,1.617987,1.405885,0.69824,,27.89,283.007,0.217,990.819,14.156,0.0,0.141891,,,True,0.0,1737652585.968245,2466c2055d64ad2a_Ch1,32.0,41.951,,,,,27.859,364.832,0.307,990.748,14.166,0.0,,23.964,,True,0.0,1737652586.2002583,2466c2055d64ad2a_Ch2,2295.3342859745026,False
1737652589.5044475,2025-01-23 18:16:29,PREREACTION-BASELINE,FIRESTING-START,96.0,46.432,1.653779,1.43745,0.71395,,27.89,282.676,0.23,990.811,14.166,0.0,0.145078,,,True,0.0,1737652589.1244256,2466c2055d64ad2a_Ch1,32.0,41.952,,,,,27.859,364.644,0.184,990.811,14.166,0.0,,23.959,,True,0.0,1737652589.3564389,2466c2055d64ad2a_Ch2,2298.4904663562775,False
1737652592.7066305,2025-01-23 18:16:32,PREREACTION-BASELINE,FIRESTING-START,96.0,46.367,1.688852,1.467817,0.729038,,27.89,282.285,0.403,990.794,14.166,0.0,0.148145,,,True,0.0,1737652592.326609,2466c2055d64ad2a_Ch1,32.0,41.954,,,,,27.851,364.625,0.204,990.74,14.166,0.0,,23.949,,True,0.0,1737652592.557622,2466c2055d64ad2a_Ch2,2301.6926493644714,False
1737652595.8888125,2025-01-23 18:16:35,PREREACTION-BASELINE,FIRESTING-START,96.0,46.308,1.721315,1.495789,0.742932,,27.89,282.062,0.084,990.775,14.166,0.0,0.150971,,,True,0.0,1737652595.5077908,2466c2055d64ad2a_Ch1,32.0,41.951,,,,,27.859,364.724,0.179,990.819,14.166,0.0,,23.964,,True,0.0,1737652595.7408042,2466c2055d64ad2a_Ch2,2304.8748314380646,False
1737652599.0529935,2025-01-23 18:16:39,PREREACTION-BASELINE,FIRESTING-START,96.0,46.246,1.753051,1.523737,0.756828,,27.882,281.651,0.21,990.784,14.155,0.0,0.153791,,,True,0.0,1737652598.673972,2466c2055d64ad2a_Ch1,32.0,41.95,,,,,27.859,364.692,0.111,990.721,14.178,0.0,,23.969,,True,0.0,1737652598.9049852,2466c2055d64ad2a_Ch2,2308.0390124320984,False
1737652602.2371757,2025-01-23 18:16:42,PREREACTION-BASELINE,FIRESTING-START,96.0,46.171,1.792832,1.55844,0.774013,,27.882,281.316,0.304,990.857,14.166,0.0,0.157282,,,True,0.0,1737652601.857154,2466c2055d64ad2a_Ch1,32.0,41.951,,,,,27.859,364.644,0.267,990.775,14.166,0.0,,23.964,,True,0.0,1737652602.089167,2466c2055d64ad2a_Ch2,2311.2231945991516,False
1737652605.4083571,2025-01-23 18:16:45,PREREACTION-BASELINE,FIRESTING-START,96.0,46.094,1.834819,1.594809,0.7921,,27.882,281.036,0.201,990.819,14.166,0.0,0.160958,,,True,0.0,1737652605.0283353,2466c2055d64ad2a_Ch1,32.0,41.947,,,,,27.859,364.688,0.096,990.819,14.166,0.0,,23.984,,True,0.0,1737652605.2593484,2466c2055d64ad2a_Ch2,2314.394376039505,False
1737652608.6425421,2025-01-23 18:16:48,PREREACTION-BASELINE,FIRESTING-START,96.0,46.025,1.870108,1.626009,0.80767,,27.882,280.629,0.074,990.767,14.166,0.0,0.164116,,,True,0.0,1737652608.2625203,2466c2055d64ad2a_Ch1,32.0,41.946,,,,,27.851,364.536,0.229,990.821,14.166,0.0,,23.989,,True,0.0,1737652608.4975338,2466c2055d64ad2a_Ch2,2317.6285610198975,False
1737652611.9387305,2025-01-23 18:16:51,PREREACTION-BASELINE,FIRESTING-START,96.0,45.953,1.908641,1.659646,0.824362,,27.882,280.39,0.107,990.794,14.166,0.0,0.167506,,,True,0.0,1737652611.5597088,2466c2055d64ad2a_Ch1,32.0,41.946,,,,,27.851,364.632,-0.019,990.848,14.166,0.0,,23.989,,True,0.0,1737652611.7917223,2466c2055d64ad2a_Ch2,2320.9247493743896,False
1737652615.143914,2025-01-23 18:16:55,PREREACTION-BASELINE,FIRESTING-START,96.0,45.882,1.947265,1.693231,0.841037,,27.882,279.814,0.107,990.802,14.178,0.0,0.170895,,,True,0.0,1737652614.7638922,2466c2055d64ad2a_Ch1,32.0,41.943,,,,,27.859,364.512,0.079,990.748,14.166,0.0,,24.004,,True,0.0,1737652614.9959052,2466c2055d64ad2a_Ch2,2324.1299328804016,False
1737652618.346097,2025-01-23 18:16:58,PREREACTION-BASELINE,FIRESTING-START,96.0,45.806,1.987188,1.728365,0.858513,,27.882,279.531,0.072,990.802,14.166,0.0,0.174441,,,True,0.0,1737652617.9660754,2466c2055d64ad2a_Ch1,32.0,41.946,,,,,27.851,364.544,0.016,990.775,14.166,0.0,,23.989,,True,0.0,1737652618.1980886,2466c2055d64ad2a_Ch2,2327.3321158885956,False
1737652621.5382798,2025-01-23 18:17:01,PREREACTION-BASELINE,FIRESTING-START,96.0,45.74,2.024905,1.760742,0.874586,,27.882,279.296,0.284,990.785,14.166,0.0,0.177711,,,True,0.0,1737652621.158258,2466c2055d64ad2a_Ch1,32.0,41.943,,,,,27.851,364.492,0.099,990.758,14.166,0.0,,24.004,,True,0.0,1737652621.389271,2466c2055d64ad2a_Ch2,2330.5242986679077,False
1737652624.849469,2025-01-23 18:17:04,PREREACTION-BASELINE,FIRESTING-START,96.0,45.655,2.070028,1.800416,0.894302,,27.882,278.768,-0.087,990.802,14.166,0.0,0.181713,,,True,0.0,1737652624.4714472,2466c2055d64ad2a_Ch1,32.0,41.943,,,,,27.851,364.472,0.257,990.704,14.178,0.0,,24.004,,True,0.0,1737652624.7024608,2466c2055d64ad2a_Ch2,2333.83548784256,False
1737652628.0596526,2025-01-23 18:17:08,PREREACTION-BASELINE,FIRESTING-START,96.0,45.563,2.120794,1.844569,0.916216,,27.882,278.451,0.244,990.821,14.166,0.0,0.186165,,,True,0.0,1737652627.6796308,2466c2055d64ad2a_Ch1,32.0,41.937,,,,,27.851,364.495,0.222,990.848,14.178,0.0,,24.033,,True,0.0,1737652627.9106443,2466c2055d64ad2a_Ch2,2337.0456714630127,False
1737652631.2348342,2025-01-23 18:17:11,PREREACTION-BASELINE,FIRESTING-START,96.0,45.485,2.160832,1.880274,0.93402,,27.882,277.98,0.323,990.802,14.166,0.0,0.189772,,,True,0.0,1737652630.8558125,2466c2055d64ad2a_Ch1,32.0,41.94,,,,,27.843,364.431,0.292,990.785,14.166,0.0,,24.019,,True,0.0,1737652631.0868256,2466c2055d64ad2a_Ch2,2340.2208530902863,False
1737652634.4460177,2025-01-23 18:17:14,PREREACTION-BASELINE,FIRESTING-START,96.0,45.417,2.20016,1.914062,0.95076,,27.875,277.669,0.139,990.821,14.166,0.0,0.193179,,,True,0.0,1737652634.0659962,2466c2055d64ad2a_Ch1,32.0,41.938,,,,,27.843,364.367,0.164,990.785,14.178,0.0,,24.029,,True,0.0,1737652634.2970095,2466c2055d64ad2a_Ch2,2343.43203663826,False
1737652637.6312,2025-01-23 18:17:17,PREREACTION-BASELINE,FIRESTING-START,96.0,45.35,2.2364,1.945905,0.966568,,27.875,277.306,0.139,990.848,14.178,0.0,0.196387,,,True,0.0,1737652637.2521784,2466c2055d64ad2a_Ch1,32.0,41.938,,,,,27.843,364.375,0.127,990.767,14.178,0.0,,24.029,,True,0.0,1737652637.4841917,2466c2055d64ad2a_Ch2,2346.6172189712524,False
1737652640.95039,2025-01-23 18:17:20,PREREACTION-BASELINE,FIRESTING-START,96.0,45.264,2.284514,1.987769,0.987446,,27.875,277.006,0.141,990.767,14.189,0.0,0.200629,,,True,0.0,1737652640.5703683,2466c2055d64ad2a_Ch1,32.0,41.935,,,,,27.843,364.443,0.159,990.767,14.166,0.0,,24.043,,True,0.0,1737652640.8023815,2466c2055d64ad2a_Ch2,2349.936408996582,False
1737652644.1465728,2025-01-23 18:17:24,PREREACTION-BASELINE,FIRESTING-START,96.0,45.19,2.324477,2.022999,1.004888,,27.882,276.566,0.18,990.848,14.178,0.0,0.204168,,,True,0.0,1737652643.766551,2466c2055d64ad2a_Ch1,32.0,41.938,,,,,27.843,364.223,0.134,990.794,14.178,0.0,,24.029,,True,0.0,1737652643.997564,2466c2055d64ad2a_Ch2,2353.1325917243958,False
1737652647.4447613,2025-01-23 18:17:27,PREREACTION-BASELINE,FIRESTING-START,96.0,45.111,2.370609,2.062681,1.02461,,27.875,276.179,0.09,990.813,14.178,0.0,0.20818,,,True,0.0,1737652647.0647395,2466c2055d64ad2a_Ch1,32.0,41.932,,,,,27.835,364.379,0.237,990.785,14.178,0.0,,24.058,,True,0.0,1737652647.295753,2466c2055d64ad2a_Ch2,2356.430780172348,False
1737652650.6089423,2025-01-23 18:17:30,PREREACTION-BASELINE,FIRESTING-START,96.0,45.04,2.407392,2.095668,1.041092,,27.875,275.784,0.27,990.777,14.177,0.0,0.211517,,,True,0.0,1737652650.2289205,2466c2055d64ad2a_Ch1,32.0,41.929,,,,,27.843,364.23,0.046,990.813,14.166,0.0,,24.073,,True,0.0,1737652650.4599338,2466c2055d64ad2a_Ch2,2359.594961166382,False
1737652653.8221262,2025-01-23 18:17:33,PREREACTION-BASELINE,FIRESTING-START,96.0,44.956,2.453288,2.136139,1.061247,,27.867,275.384,0.062,990.758,14.178,0.0,0.215606,,,True,0.0,1737652653.4421043,2466c2055d64ad2a_Ch1,32.0,41.931,,,,,27.843,364.199,0.099,990.74,14.189,0.0,,24.063,,True,0.0,1737652653.6731176,2466c2055d64ad2a_Ch2,2362.808145046234,False
1737652657.2023196,2025-01-23 18:17:37,PREREACTION-BASELINE,FIRESTING-START,96.0,44.879,2.498328,2.175005,1.080444,,27.875,274.952,0.224,990.84,14.189,0.0,0.219511,,,True,0.0,1737652656.8222978,2466c2055d64ad2a_Ch1,32.0,41.926,,,,,27.843,364.258,0.209,990.777,14.177,0.0,,24.088,,True,0.0,1737652657.0543108,2466c2055d64ad2a_Ch2,2366.1883385181427,False
1737652660.3735008,2025-01-23 18:17:40,PREREACTION-BASELINE,FIRESTING-START,96.0,44.796,2.542774,2.214592,1.100254,,27.875,274.492,0.173,990.758,14.166,0.0,0.223525,,,True,0.0,1737652659.9944792,2466c2055d64ad2a_Ch1,32.0,41.926,,,,,27.843,364.142,0.142,990.813,14.178,0.0,,24.088,,True,0.0,1737652660.2254925,2466c2055d64ad2a_Ch2,2369.3595197200775,False
1737652663.5886848,2025-01-23 18:17:43,PREREACTION-BASELINE,FIRESTING-START,96.0,44.708,2.59327,2.258571,1.121997,,27.875,274.052,0.255,990.85,14.177,0.0,0.227942,,,True,0.0,1737652663.208663,2466c2055d64ad2a_Ch1,32.0,41.924,,,,,27.843,364.114,0.285,990.823,14.177,0.0,,24.098,,True,0.0,1737652663.439676,2466c2055d64ad2a_Ch2,2372.57470369339,False
1737652666.8058689,2025-01-23 18:17:46,PREREACTION-BASELINE,FIRESTING-START,96.0,44.634,2.634671,2.294999,1.140192,,27.867,273.621,0.269,990.785,14.178,0.0,0.231634,,,True,0.0,1737652666.426847,2466c2055d64ad2a_Ch1,32.0,41.924,,,,,27.835,364.142,0.197,990.768,14.177,0.0,,24.098,,True,0.0,1737652666.6598604,2466c2055d64ad2a_Ch2,2375.7918877601624,False
1737652670.0600548,2025-01-23 18:17:50,PREREACTION-BASELINE,FIRESTING-START,96.0,44.559,2.678028,2.332767,1.158976,,27.867,273.378,-0.06,990.768,14.201,0.0,0.23545,,,True,0.0,1737652669.6800332,2466c2055d64ad2a_Ch1,32.0,41.928,,,,,27.835,364.038,0.232,990.813,14.201,0.0,,24.078,,True,0.0,1737652669.9110465,2466c2055d64ad2a_Ch2,2379.0460736751556,False
1737652673.4522488,2025-01-23 18:17:53,PREREACTION-BASELINE,FIRESTING-START,96.0,44.461,2.73745,2.383758,1.184254,,27.867,272.897,0.195,990.777,14.189,0.0,0.240594,,,True,0.0,1737652673.0732272,2466c2055d64ad2a_Ch1,32.0,41.926,,,,,27.835,364.002,0.212,990.813,14.178,0.0,,24.088,,True,0.0,1737652673.3042405,2466c2055d64ad2a_Ch2,2382.4382677078247,False
1737652676.6284306,2025-01-23 18:17:56,PREREACTION-BASELINE,FIRESTING-START,96.0,44.371,2.788698,2.428776,1.206629,,27.867,272.481,0.254,990.787,14.177,0.0,0.245136,,,True,0.0,1737652676.2484088,2466c2055d64ad2a_Ch1,32.0,41.922,,,,,27.835,364.03,0.036,990.749,14.189,0.0,,24.108,,True,0.0,1737652676.4804223,2466c2055d64ad2a_Ch2,2385.6144495010376,False
1737652679.829614,2025-01-23 18:17:59,PREREACTION-BASELINE,FIRESTING-START,96.0,44.282,2.838268,2.472747,1.228474,,27.867,271.949,0.202,990.823,14.177,0.0,0.249565,,,True,0.0,1737652679.450592,2466c2055d64ad2a_Ch1,32.0,41.924,,,,,27.835,363.91,0.302,990.85,14.189,0.0,,24.098,,True,0.0,1737652679.681605,2466c2055d64ad2a_Ch2,2388.8156328201294,False
1737652683.1448033,2025-01-23 18:18:03,PREREACTION-BASELINE,FIRESTING-START,96.0,44.186,2.896066,2.522694,1.253276,,27.875,271.373,0.382,990.814,14.177,0.0,0.254608,,,True,0.0,1737652682.7647815,2466c2055d64ad2a_Ch1,32.0,41.918,,,,,27.828,363.906,0.207,990.831,14.189,0.0,,24.128,,True,0.0,1737652682.996795,2466c2055d64ad2a_Ch2,2392.1308221817017,False
1737652686.3649874,2025-01-23 18:18:06,PREREACTION-BASELINE,FIRESTING-START,96.0,44.108,2.938207,2.560642,1.272117,,27.867,271.045,0.348,990.877,14.189,0.0,0.258421,,,True,0.0,1737652685.9849658,2466c2055d64ad2a_Ch1,32.0,41.914,,,,,27.828,363.877,0.222,990.823,14.177,0.0,,24.148,,True,0.0,1737652686.215979,2466c2055d64ad2a_Ch2,2395.351006269455,False
1737652689.7421806,2025-01-23 18:18:09,PREREACTION-BASELINE,FIRESTING-START,96.0,44.033,2.980006,2.597907,1.290691,,27.867,270.654,0.165,990.868,14.177,0.0,0.262185,,,True,0.0,1737652689.3621588,2466c2055d64ad2a_Ch1,32.0,41.915,,,,,27.835,363.769,0.322,990.777,14.189,0.0,,24.143,,True,0.0,1737652689.5931723,2466c2055d64ad2a_Ch2,2398.728199481964,False
1737652692.9563646,2025-01-23 18:18:12,PREREACTION-BASELINE,FIRESTING-START,96.0,43.971,3.017551,2.630426,1.306934,,27.867,270.303,0.186,990.795,14.189,0.0,0.265486,,,True,0.0,1737652692.5763428,2466c2055d64ad2a_Ch1,32.0,41.916,,,,,27.835,363.873,0.111,990.831,14.201,0.0,,24.138,,True,0.0,1737652692.8073559,2466c2055d64ad2a_Ch2,2401.9423835277557,False
1737652696.1485472,2025-01-23 18:18:16,PREREACTION-BASELINE,FIRESTING-START,96.0,43.875,3.075552,2.68077,1.331935,,27.859,269.903,0.308,990.795,14.177,0.0,0.270567,,,True,0.0,1737652695.7685254,2466c2055d64ad2a_Ch1,32.0,41.911,,,,,27.828,363.813,0.3,990.823,14.189,0.0,,24.163,,True,0.0,1737652695.9995387,2466c2055d64ad2a_Ch2,2405.1345660686493,False
1737652699.329729,2025-01-23 18:18:19,PREREACTION-BASELINE,FIRESTING-START,96.0,43.799,3.117699,2.718603,1.350769,,27.867,269.432,0.337,990.814,14.189,0.0,0.27438,,,True,0.0,1737652698.9497073,2466c2055d64ad2a_Ch1,32.0,41.915,,,,,27.828,363.845,0.139,990.814,14.189,0.0,,24.143,,True,0.0,1737652699.1817205,2466c2055d64ad2a_Ch2,2408.315747976303,False
1737652702.5349126,2025-01-23 18:18:22,PREREACTION-BASELINE,FIRESTING-START,96.0,43.715,3.171029,2.764215,1.373431,,27.867,268.936,0.225,990.778,14.189,0.0,0.278994,,,True,0.0,1737652702.1548905,2466c2055d64ad2a_Ch1,32.0,41.912,,,,,27.828,363.749,0.129,990.823,14.166,0.0,,24.158,,True,0.0,1737652702.3869038,2466c2055d64ad2a_Ch2,2411.520931482315,False
1737652705.8761034,2025-01-23 18:18:25,PREREACTION-BASELINE,FIRESTING-START,96.0,43.617,3.228199,2.814731,1.398529,,27.859,268.552,0.117,990.806,14.2,0.0,0.284085,,,True,0.0,1737652705.4950817,2466c2055d64ad2a_Ch1,32.0,41.907,,,,,27.828,363.741,0.207,990.823,14.201,0.0,,24.183,,True,0.0,1737652705.727095,2466c2055d64ad2a_Ch2,2414.862122297287,False
1737652709.081287,2025-01-23 18:18:29,PREREACTION-BASELINE,FIRESTING-START,96.0,43.547,3.267163,2.849852,1.416046,,27.867,268.088,0.175,990.806,14.189,0.0,0.287629,,,True,0.0,1737652708.701265,2466c2055d64ad2a_Ch1,32.0,41.911,,,,,27.828,363.753,0.061,990.86,14.166,0.0,,24.163,,True,0.0,1737652708.9322782,2466c2055d64ad2a_Ch2,2418.067305803299,False
1737652712.2854702,2025-01-23 18:18:32,PREREACTION-BASELINE,FIRESTING-START,96.0,43.46,3.323043,2.89766,1.439641,,27.859,267.777,0.208,990.877,14.189,0.0,0.292433,,,True,0.0,1737652711.9054482,2466c2055d64ad2a_Ch1,32.0,41.906,,,,,27.82,363.732,0.24,990.814,14.189,0.0,,24.188,,True,0.0,1737652712.1364615,2466c2055d64ad2a_Ch2,2421.2714891433716,False
1737652715.5046542,2025-01-23 18:18:35,PREREACTION-BASELINE,FIRESTING-START,96.0,43.373,3.372692,2.942139,1.462,,27.859,267.301,0.225,990.751,14.189,0.0,0.29696,,,True,0.0,1737652715.1246326,2466c2055d64ad2a_Ch1,32.0,41.905,,,,,27.828,363.632,0.154,990.806,14.189,0.0,,24.193,,True,0.0,1737652715.3566456,2466c2055d64ad2a_Ch2,2424.4906730651855,False
1737652718.806843,2025-01-23 18:18:38,PREREACTION-BASELINE,FIRESTING-START,96.0,43.295,3.419891,2.983554,1.482508,,27.859,266.877,0.239,990.806,14.2,0.0,0.301123,,,True,0.0,1737652718.4268215,2466c2055d64ad2a_Ch1,32.0,41.901,,,,,27.828,363.588,0.245,990.833,14.177,0.0,,24.213,,True,0.0,1737652718.6578345,2466c2055d64ad2a_Ch2,2427.7928619384766,False
1737652722.113032,2025-01-23 18:18:42,PREREACTION-BASELINE,FIRESTING-START,96.0,43.214,3.466912,3.02555,1.50339,,27.859,266.366,0.082,990.833,14.2,0.0,0.305354,,,True,0.0,1737652721.7330105,2466c2055d64ad2a_Ch1,32.0,41.905,,,,,27.828,363.592,0.345,990.841,14.189,0.0,,24.193,,True,0.0,1737652721.9640236,2466c2055d64ad2a_Ch2,2431.0990509986877,False
1737652725.328216,2025-01-23 18:18:45,PREREACTION-BASELINE,FIRESTING-START,96.0,43.115,3.531227,3.080684,1.530745,,27.859,265.913,0.2,990.823,14.189,0.0,0.310921,,,True,0.0,1737652724.9481943,2466c2055d64ad2a_Ch1,32.0,41.903,,,,,27.828,363.48,0.207,990.877,14.189,0.0,,24.203,,True,0.0,1737652725.1792073,2466c2055d64ad2a_Ch2,2434.314234972,False
1737652728.5163984,2025-01-23 18:18:48,PREREACTION-BASELINE,FIRESTING-START,96.0,43.032,3.581411,3.124968,1.552718,,27.859,265.566,0.246,990.86,14.2,0.0,0.315379,,,True,0.0,1737652728.1363766,2466c2055d64ad2a_Ch1,32.0,41.9,,,,,27.828,363.592,0.199,990.841,14.2,0.0,,24.218,,True,0.0,1737652728.36739,2466c2055d64ad2a_Ch2,2437.5024173259735,False
1737652731.7195816,2025-01-23 18:18:51,PREREACTION-BASELINE,FIRESTING-START,96.0,42.94,3.636661,3.173943,1.577037,,27.859,264.866,0.119,990.897,14.2,0.0,0.32031,,,True,0.0,1737652731.34056,2466c2055d64ad2a_Ch1,32.0,41.897,,,,,27.828,363.396,0.114,990.806,14.189,0.0,,24.233,,True,0.0,1737652731.5715733,2466c2055d64ad2a_Ch2,2440.705600500107,False
1737652734.8837626,2025-01-23 18:18:54,PREREACTION-BASELINE,FIRESTING-START,96.0,42.853,3.688993,3.220394,1.600329,,27.851,264.454,0.069,990.797,14.2,0.0,0.32503,,,True,0.0,1737652734.5057411,2466c2055d64ad2a_Ch1,32.0,41.897,,,,,27.828,363.38,0.167,990.86,14.189,0.0,,24.233,,True,0.0,1737652734.7367542,2466c2055d64ad2a_Ch2,2443.8697814941406,False
1737652738.213953,2025-01-23 18:18:58,PREREACTION-BASELINE,FIRESTING-START,96.0,42.774,3.73881,3.263883,1.621862,,27.851,264.078,0.19,990.843,14.2,0.0,0.329404,,,True,0.0,1737652737.8339314,2466c2055d64ad2a_Ch1,32.0,41.896,,,,,27.828,363.5,0.162,990.86,14.2,0.0,,24.238,,True,0.0,1737652738.0649447,2466c2055d64ad2a_Ch2,2447.1999719142914,False
1737652741.4081357,2025-01-23 18:19:01,PREREACTION-BASELINE,FIRESTING-START,96.0,42.679,3.798202,3.315997,1.647945,,27.859,263.666,0.17,990.743,14.2,0.0,0.334698,,,True,0.0,1737652741.028114,2466c2055d64ad2a_Ch1,32.0,41.897,,,,,27.82,363.384,0.272,990.806,14.2,0.0,,24.233,,True,0.0,1737652741.2601273,2466c2055d64ad2a_Ch2,2450.394154548645,False
1737652744.6053185,2025-01-23 18:19:04,PREREACTION-BASELINE,FIRESTING-START,96.0,42.594,3.853086,3.363643,1.671404,,27.851,263.087,0.226,990.86,14.2,0.0,0.339467,,,True,0.0,1737652744.225297,2466c2055d64ad2a_Ch1,32.0,41.896,,,,,27.82,363.404,0.327,990.841,14.2,0.0,,24.238,,True,0.0,1737652744.4573102,2466c2055d64ad2a_Ch2,2453.591337442398,False
1737652747.809502,2025-01-23 18:19:07,PREREACTION-BASELINE,FIRESTING-START,96.0,42.517,3.901503,3.406184,1.692478,,27.851,262.783,0.139,990.906,14.2,0.0,0.343744,,,True,0.0,1737652747.4304802,2466c2055d64ad2a_Ch1,32.0,41.895,,,,,27.82,363.32,0.056,990.86,14.189,0.0,,24.243,,True,0.0,1737652747.6614935,2466c2055d64ad2a_Ch2,2456.7955207824707,False
1737652751.0056849,2025-01-23 18:19:11,PREREACTION-BASELINE,FIRESTING-START,96.0,42.427,3.958469,3.456196,1.717443,,27.851,262.243,0.24,990.851,14.189,0.0,0.34881,,,True,0.0,1737652750.6266632,2466c2055d64ad2a_Ch1,32.0,41.895,,,,,27.82,363.26,0.169,990.851,14.211,0.0,,24.243,,True,0.0,1737652750.8586762,2466c2055d64ad2a_Ch2,2459.991703748703,False
1737652754.4598823,2025-01-23 18:19:14,PREREACTION-BASELINE,FIRESTING-START,96.0,42.32,4.027505,3.516472,1.74733,,27.851,261.711,0.18,990.887,14.2,0.0,0.354881,,,True,0.0,1737652754.0798604,2466c2055d64ad2a_Ch1,32.0,41.889,,,,,27.82,363.375,0.059,990.86,14.2,0.0,,24.272,,True,0.0,1737652754.3108737,2466c2055d64ad2a_Ch2,2463.445901155472,False
1737652757.7000675,2025-01-23 18:19:17,PREREACTION-BASELINE,FIRESTING-START,96.0,42.245,4.071335,3.556399,1.767467,,27.843,261.319,0.29,990.778,14.2,0.0,0.35895,,,True,0.0,1737652757.3190458,2466c2055d64ad2a_Ch1,32.0,41.893,,,,,27.812,363.143,0.152,990.887,14.2,0.0,,24.253,,True,0.0,1737652757.5510592,2466c2055d64ad2a_Ch2,2466.6860864162445,False
1737652760.9042509,2025-01-23 18:19:20,PREREACTION-BASELINE,FIRESTING-START,96.0,42.171,4.12263,3.600107,1.789139,,27.851,260.88,0.108,990.77,14.189,0.0,0.363364,,,True,0.0,1737652760.524229,2466c2055d64ad2a_Ch1,32.0,41.887,,,,,27.812,363.227,0.001,990.815,14.188,0.0,,24.282,,True,0.0,1737652760.7562425,2466c2055d64ad2a_Ch2,2469.890269756317,False
1737652764.0834327,2025-01-23 18:19:24,PREREACTION-BASELINE,FIRESTING-START,96.0,42.08,4.177226,3.649483,1.813624,,27.851,260.416,0.235,990.851,14.223,0.0,0.368318,,,True,0.0,1737652763.702411,2466c2055d64ad2a_Ch1,32.0,41.889,,,,,27.812,363.235,0.094,990.833,14.2,0.0,,24.272,,True,0.0,1737652763.9354243,2466c2055d64ad2a_Ch2,2473.069451570511,False
1737652767.2726152,2025-01-23 18:19:27,PREREACTION-BASELINE,FIRESTING-START,96.0,41.991,4.237334,3.701402,1.839443,,27.843,259.793,0.343,990.824,14.2,0.0,0.373568,,,True,0.0,1737652766.8925934,2466c2055d64ad2a_Ch1,32.0,41.885,,,,,27.82,363.179,0.114,990.851,14.2,0.0,,24.292,,True,0.0,1737652767.1236064,2466c2055d64ad2a_Ch2,2476.2586340904236,False
1737652770.659809,2025-01-23 18:19:30,PREREACTION-BASELINE,FIRESTING-START,96.0,41.922,4.279392,3.739343,1.858227,,27.843,259.506,0.171,990.897,14.2,0.0,0.377369,,,True,0.0,1737652770.2797873,2466c2055d64ad2a_Ch1,32.0,41.886,,,,,27.812,363.195,0.074,990.843,14.2,0.0,,24.287,,True,0.0,1737652770.5108004,2466c2055d64ad2a_Ch2,2479.6458280086517,False
1737652773.8919938,2025-01-23 18:19:33,PREREACTION-BASELINE,FIRESTING-START,96.0,41.844,4.331849,3.784876,1.880889,,27.851,259.026,0.221,990.87,14.2,0.0,0.381975,,,True,0.0,1737652773.5119722,2466c2055d64ad2a_Ch1,32.0,41.885,,,,,27.812,363.155,-0.049,990.87,14.2,0.0,,24.292,,True,0.0,1737652773.7429852,2466c2055d64ad2a_Ch2,2482.8780126571655,False
1737652777.1031775,2025-01-23 18:19:37,PREREACTION-BASELINE,FIRESTING-START,96.0,41.747,4.395455,3.840759,1.908823,,27.843,258.462,0.187,990.797,14.2,0.0,0.387643,,,True,0.0,1737652776.7241557,2466c2055d64ad2a_Ch1,32.0,41.887,,,,,27.804,363.079,0.287,990.797,14.2,0.0,,24.282,,True,0.0,1737652776.955169,2466c2055d64ad2a_Ch2,2486.0891964435577,False
1737652780.275359,2025-01-23 18:19:40,PREREACTION-BASELINE,FIRESTING-START,96.0,41.656,4.45802,3.894802,1.935571,,27.843,258.058,0.171,990.834,14.211,0.0,0.393083,,,True,0.0,1737652779.8963373,2466c2055d64ad2a_Ch1,32.0,41.888,,,,,27.812,363.067,0.247,990.826,14.222,0.0,,24.277,,True,0.0,1737652780.1273503,2466c2055d64ad2a_Ch2,2489.261377811432,False
1737652783.4695415,2025-01-23 18:19:43,PREREACTION-BASELINE,FIRESTING-START,96.0,41.553,4.528107,3.955718,1.965845,,27.843,257.498,0.163,990.824,14.211,0.0,0.399235,,,True,0.0,1737652783.09052,2466c2055d64ad2a_Ch1,32.0,41.882,,,,,27.812,362.902,0.174,990.86,14.211,0.0,,24.307,,True,0.0,1737652783.3215332,2466c2055d64ad2a_Ch2,2492.4555604457855,False
1737652786.7327282,2025-01-23 18:19:46,PREREACTION-BASELINE,FIRESTING-START,96.0,41.461,4.584835,4.007206,1.991621,,27.843,257.022,0.24,990.788,14.2,0.0,0.404446,,,True,0.0,1737652786.3527067,2466c2055d64ad2a_Ch1,32.0,41.884,,,,,27.804,363.071,0.227,990.797,14.211,0.0,,24.297,,True,0.0,1737652786.5837197,2466c2055d64ad2a_Ch2,2495.718747138977,False
1737652790.030917,2025-01-23 18:19:50,PREREACTION-BASELINE,FIRESTING-START,96.0,41.369,4.64906,4.062686,2.019003,,27.835,256.53,0.005,990.861,14.2,0.0,0.410015,,,True,0.0,1737652789.6518953,2466c2055d64ad2a_Ch1,32.0,41.882,,,,,27.812,363.026,0.076,990.879,14.2,0.0,,24.307,,True,0.0,1737652789.8829083,2466c2055d64ad2a_Ch2,2499.016935825348,False
1737652793.195098,2025-01-23 18:19:53,PREREACTION-BASELINE,FIRESTING-START,96.0,41.296,4.696982,4.105223,2.040219,,27.843,255.987,0.261,990.843,14.2,0.0,0.414316,,,True,0.0,1737652792.8160763,2466c2055d64ad2a_Ch1,32.0,41.881,,,,,27.804,362.926,0.199,990.815,14.188,0.0,,24.312,,True,0.0,1737652793.0470893,2466c2055d64ad2a_Ch2,2502.1811168193817,False
1737652796.3742797,2025-01-23 18:19:56,PREREACTION-BASELINE,FIRESTING-START,96.0,41.22,4.74805,4.150191,2.062686,,27.843,255.664,0.176,990.797,14.2,0.0,0.418874,,,True,0.0,1737652795.995258,2466c2055d64ad2a_Ch1,32.0,41.876,,,,,27.812,362.958,-0.007,990.824,14.211,0.0,,24.337,,True,0.0,1737652796.2262712,2466c2055d64ad2a_Ch2,2505.3602986335754,False
1737652799.5904634,2025-01-23 18:19:59,PREREACTION-BASELINE,FIRESTING-START,96.0,41.124,4.809364,4.205472,2.090317,,27.843,255.172,0.298,990.771,14.188,0.0,0.424464,,,True,0.0,1737652799.211442,2466c2055d64ad2a_Ch1,32.0,41.879,,,,,27.804,362.886,0.149,990.734,14.2,0.0,,24.322,,True,0.0,1737652799.4424553,2466c2055d64ad2a_Ch2,2508.57648229599,False
1737652802.9146538,2025-01-23 18:20:02,PREREACTION-BASELINE,FIRESTING-START,96.0,41.038,4.871563,4.258836,2.116605,,27.835,254.588,0.157,990.851,14.211,0.0,0.429815,,,True,0.0,1737652802.533632,2466c2055d64ad2a_Ch1,32.0,41.877,,,,,27.804,362.754,0.292,990.879,14.211,0.0,,24.332,,True,0.0,1737652802.7656453,2466c2055d64ad2a_Ch2,2511.900672674179,False
1737652806.1318376,2025-01-23 18:20:06,PREREACTION-BASELINE,FIRESTING-START,96.0,40.95,4.930731,4.311254,2.142715,,27.835,254.108,0.242,990.843,14.211,0.0,0.435109,,,True,0.0,1737652805.751816,2466c2055d64ad2a_Ch1,32.0,41.881,,,,,27.804,362.798,0.204,990.815,14.2,0.0,,24.312,,True,0.0,1737652805.9828293,2466c2055d64ad2a_Ch2,2515.117856502533,False
1737652809.3410213,2025-01-23 18:20:09,PREREACTION-BASELINE,FIRESTING-START,96.0,40.865,4.993837,4.365029,2.169422,,27.835,253.537,0.264,990.815,14.211,0.0,0.440549,,,True,0.0,1737652808.9599996,2466c2055d64ad2a_Ch1,32.0,41.874,,,,,27.812,362.598,0.32,990.826,14.2,0.0,,24.347,,True,0.0,1737652809.1920128,2466c2055d64ad2a_Ch2,2518.327040195465,False
1737652812.518203,2025-01-23 18:20:12,PREREACTION-BASELINE,FIRESTING-START,96.0,40.768,5.055043,4.421013,2.197328,,27.843,253.157,0.261,990.843,14.211,0.0,0.446187,,,True,0.0,1737652812.1381814,2466c2055d64ad2a_Ch1,32.0,41.874,,,,,27.804,362.65,0.189,990.834,14.211,0.0,,24.347,,True,0.0,1737652812.3711946,2466c2055d64ad2a_Ch2,2521.5042219161987,False
1737652815.6923845,2025-01-23 18:20:15,PREREACTION-BASELINE,FIRESTING-START,96.0,40.679,5.11771,4.47582,2.224545,,27.843,252.649,0.24,990.853,14.211,0.0,0.451713,,,True,0.0,1737652815.312363,2466c2055d64ad2a_Ch1,32.0,41.869,,,,,27.812,362.729,0.3,990.788,14.2,0.0,,24.372,,True,0.0,1737652815.5433762,2466c2055d64ad2a_Ch2,2524.678403377533,False
1737652819.0325758,2025-01-23 18:20:19,PREREACTION-BASELINE,FIRESTING-START,96.0,40.608,5.162988,4.517231,2.245341,,27.835,252.194,0.165,990.807,14.222,0.0,0.455914,,,True,0.0,1737652818.652554,2466c2055d64ad2a_Ch1,32.0,41.872,,,,,27.804,362.538,0.222,990.826,14.211,0.0,,24.357,,True,0.0,1737652818.883567,2466c2055d64ad2a_Ch2,2528.0185947418213,False
1737652822.2317586,2025-01-23 18:20:22,PREREACTION-BASELINE,FIRESTING-START,96.0,40.513,5.233441,4.57777,2.275453,,27.828,251.694,0.249,990.771,14.211,0.0,0.462041,,,True,0.0,1737652821.8517368,2466c2055d64ad2a_Ch1,32.0,41.87,,,,,27.796,362.693,0.227,990.788,14.211,0.0,,24.367,,True,0.0,1737652822.0837502,2466c2055d64ad2a_Ch2,2531.217777490616,False
1737652825.5329475,2025-01-23 18:20:25,PREREACTION-BASELINE,FIRESTING-START,96.0,40.408,5.306439,4.642367,2.307495,,27.828,251.198,0.247,990.817,14.211,0.0,0.468539,,,True,0.0,1737652825.1529257,2466c2055d64ad2a_Ch1,32.0,41.868,,,,,27.804,362.621,0.139,990.763,14.2,0.0,,24.377,,True,0.0,1737652825.384939,2466c2055d64ad2a_Ch2,2534.518966436386,False
1737652828.7221298,2025-01-23 18:20:28,PREREACTION-BASELINE,FIRESTING-START,96.0,40.332,5.35897,4.689076,2.330691,,27.828,250.746,0.247,990.844,14.211,0.0,0.47324,,,True,0.0,1737652828.3431082,2466c2055d64ad2a_Ch1,32.0,41.867,,,,,27.812,362.653,0.189,990.843,14.188,0.0,,24.382,,True,0.0,1737652828.5741215,2466c2055d64ad2a_Ch2,2537.7081487178802,False
1737652831.904312,2025-01-23 18:20:31,PREREACTION-BASELINE,FIRESTING-START,96.0,40.226,5.434414,4.755471,2.363781,,27.835,250.126,0.358,990.817,14.211,0.0,0.479954,,,True,0.0,1737652831.5252903,2466c2055d64ad2a_Ch1,32.0,41.867,,,,,27.796,362.477,0.041,990.826,14.211,0.0,,24.382,,True,0.0,1737652831.7573035,2466c2055d64ad2a_Ch2,2540.8903307914734,False
1737652835.178499,2025-01-23 18:20:35,PREREACTION-BASELINE,FIRESTING-START,96.0,40.13,5.504065,4.81642,2.394169,,27.835,249.634,0.139,990.78,14.2,0.0,0.486124,,,True,0.0,1737652834.7984774,2466c2055d64ad2a_Ch1,32.0,41.868,,,,,27.796,362.525,0.184,990.889,14.2,0.0,,24.377,,True,0.0,1737652835.0304906,2466c2055d64ad2a_Ch2,2544.164517879486,False
1737652838.393683,2025-01-23 18:20:38,PREREACTION-BASELINE,FIRESTING-START,96.0,40.056,5.55906,4.864154,2.417871,,27.828,249.067,0.046,990.781,14.222,0.0,0.490941,,,True,0.0,1737652838.0136611,2466c2055d64ad2a_Ch1,32.0,41.867,,,,,27.804,362.405,0.237,990.771,14.2,0.0,,24.382,,True,0.0,1737652838.2456746,2466c2055d64ad2a_Ch2,2547.3797018527985,False
1737652841.6398687,2025-01-23 18:20:41,PREREACTION-BASELINE,FIRESTING-START,96.0,39.97,5.621005,4.91875,2.444942,,27.828,248.675,0.137,990.817,14.211,0.0,0.496433,,,True,0.0,1737652841.259847,2466c2055d64ad2a_Ch1,32.0,41.865,,,,,27.804,362.533,0.292,990.889,14.211,0.0,,24.392,,True,0.0,1737652841.4908602,2466c2055d64ad2a_Ch2,2550.62588763237,False
1737652844.8460522,2025-01-23 18:20:44,PREREACTION-BASELINE,FIRESTING-START,96.0,39.861,5.699161,4.987941,2.479051,,27.828,248.111,0.262,990.945,14.21,0.0,0.503352,,,True,0.0,1737652844.4670305,2466c2055d64ad2a_Ch1,32.0,41.865,,,,,27.796,362.521,0.282,990.817,14.211,0.0,,24.392,,True,0.0,1737652844.6990435,2466c2055d64ad2a_Ch2,2553.8320710659027,False
1737652848.0482352,2025-01-23 18:20:48,PREREACTION-BASELINE,FIRESTING-START,96.0,39.774,5.763591,5.044331,2.507291,,27.828,247.583,0.229,990.863,14.222,0.0,0.509084,,,True,0.0,1737652847.6682136,2466c2055d64ad2a_Ch1,32.0,41.864,,,,,27.789,362.381,0.222,990.817,14.2,0.0,,24.397,,True,0.0,1737652847.9002268,2466c2055d64ad2a_Ch2,2557.0342540740967,False
1737652851.3764255,2025-01-23 18:20:51,PREREACTION-BASELINE,FIRESTING-START,96.0,39.688,5.826514,5.099811,2.534942,,27.828,247.008,0.296,990.844,14.222,0.0,0.514693,,,True,0.0,1737652850.9954038,2466c2055d64ad2a_Ch1,32.0,41.86,,,,,27.789,362.289,0.167,990.754,14.199,0.0,,24.417,,True,0.0,1737652851.2264168,2466c2055d64ad2a_Ch2,2560.3624444007874,False
1737652854.564608,2025-01-23 18:20:54,PREREACTION-BASELINE,FIRESTING-START,96.0,39.607,5.882717,5.150655,2.56036,,27.82,246.628,0.49,990.826,14.211,0.0,0.519834,,,True,0.0,1737652854.1845863,2466c2055d64ad2a_Ch1,32.0,41.862,,,,,27.796,362.385,0.275,990.809,14.21,0.0,,24.407,,True,0.0,1737652854.4155993,2466c2055d64ad2a_Ch2,2563.5506269931793,False
1737652857.7557907,2025-01-23 18:20:57,PREREACTION-BASELINE,FIRESTING-START,96.0,39.53,5.942737,5.202372,2.586116,,27.82,246.361,0.166,990.79,14.2,0.0,0.525073,,,True,0.0,1737652857.375769,2466c2055d64ad2a_Ch1,32.0,41.863,,,,,27.789,362.413,0.096,990.836,14.234,0.0,,24.402,,True,0.0,1737652857.607782,2466c2055d64ad2a_Ch2,2566.741809606552,False
1737652861.0389783,2025-01-23 18:21:01,PREREACTION-BASELINE,FIRESTING-START,96.0,39.444,6.008747,5.259736,2.614362,,27.828,245.826,0.236,990.88,14.222,0.0,0.530814,,,True,0.0,1737652860.6589565,2466c2055d64ad2a_Ch1,32.0,41.861,,,,,27.789,362.349,0.229,990.872,14.211,0.0,,24.412,,True,0.0,1737652860.8899698,2466c2055d64ad2a_Ch2,2570.0249972343445,False
1737652864.233161,2025-01-23 18:21:04,PREREACTION-BASELINE,FIRESTING-START,96.0,39.353,6.075548,5.319063,2.644022,,27.82,245.25,0.275,990.836,14.222,0.0,0.536825,,,True,0.0,1737652863.8531392,2466c2055d64ad2a_Ch1,32.0,41.86,,,,,27.789,362.353,0.194,990.763,14.211,0.0,,24.417,,True,0.0,1737652864.0841525,2466c2055d64ad2a_Ch2,2573.219179868698,False
1737652867.5523508,2025-01-23 18:21:07,PREREACTION-BASELINE,FIRESTING-START,96.0,39.257,6.147634,5.382605,2.675511,,27.828,244.63,0.219,990.88,14.211,0.0,0.543214,,,True,0.0,1737652867.1723292,2466c2055d64ad2a_Ch1,32.0,41.855,,,,,27.789,362.316,0.192,990.836,14.21,0.0,,24.442,,True,0.0,1737652867.4033422,2466c2055d64ad2a_Ch2,2576.538369655609,False
1737652870.7805355,2025-01-23 18:21:10,PREREACTION-BASELINE,FIRESTING-START,96.0,39.163,6.214015,5.442905,2.705661,,27.82,244.186,0.182,990.863,14.21,0.0,0.549309,,,True,0.0,1737652870.4015138,2466c2055d64ad2a_Ch1,32.0,41.855,,,,,27.789,362.304,0.187,990.817,14.222,0.0,,24.442,,True,0.0,1737652870.633527,2466c2055d64ad2a_Ch2,2579.7665543556213,False
1737652873.9817185,2025-01-23 18:21:13,PREREACTION-BASELINE,FIRESTING-START,96.0,39.067,6.287997,5.507706,2.737874,,27.82,243.615,0.311,990.863,14.222,0.0,0.555849,,,True,0.0,1737652873.6016967,2466c2055d64ad2a_Ch1,32.0,41.851,,,,,27.789,362.2,0.192,990.809,14.21,0.0,,24.462,,True,0.0,1737652873.8337102,2466c2055d64ad2a_Ch2,2582.9677374362946,False
1737652877.1829019,2025-01-23 18:21:17,PREREACTION-BASELINE,FIRESTING-START,96.0,38.966,6.36164,5.573995,2.770931,,27.82,242.994,0.26,990.863,14.21,0.0,0.562539,,,True,0.0,1737652876.80388,2466c2055d64ad2a_Ch1,32.0,41.856,,,,,27.789,362.328,0.207,990.89,14.222,0.0,,24.437,,True,0.0,1737652877.0348933,2466c2055d64ad2a_Ch2,2586.1689207553864,False
1737652880.4020858,2025-01-23 18:21:20,PREREACTION-BASELINE,FIRESTING-START,96.0,38.866,6.445451,5.645169,2.8061,,27.82,242.49,0.241,990.89,14.21,0.0,0.569706,,,True,0.0,1737652880.0220642,2466c2055d64ad2a_Ch1,32.0,41.854,,,,,27.789,362.252,0.177,990.89,14.21,0.0,,24.447,,True,0.0,1737652880.2540772,2466c2055d64ad2a_Ch2,2589.3881046772003,False
1737652883.6522715,2025-01-23 18:21:23,PREREACTION-BASELINE,FIRESTING-START,96.0,38.763,6.523908,5.714801,2.840687,,27.82,241.854,0.23,990.917,14.21,0.0,0.576718,,,True,0.0,1737652883.2722502,2466c2055d64ad2a_Ch1,32.0,41.85,,,,,27.781,362.168,0.157,990.872,14.222,0.0,,24.467,,True,0.0,1737652883.5042632,2466c2055d64ad2a_Ch2,2592.6382904052734,False
1737652886.8374538,2025-01-23 18:21:26,PREREACTION-BASELINE,FIRESTING-START,96.0,38.682,6.583024,5.768432,2.867697,,27.82,241.311,0.183,990.836,14.21,0.0,0.582178,,,True,0.0,1737652886.457432,2466c2055d64ad2a_Ch1,32.0,41.851,,,,,27.789,362.084,0.194,990.854,14.21,0.0,,24.462,,True,0.0,1737652886.6894453,2466c2055d64ad2a_Ch2,2595.823472738266,False
1737652890.058638,2025-01-23 18:21:30,PREREACTION-BASELINE,FIRESTING-START,96.0,38.618,6.634907,5.813429,2.889796,,27.82,240.94,0.281,990.917,14.234,0.0,0.586671,,,True,0.0,1737652889.6786163,2466c2055d64ad2a_Ch1,32.0,41.849,,,,,27.789,362.064,0.099,990.9,14.21,0.0,,24.472,,True,0.0,1737652889.9106297,2466c2055d64ad2a_Ch2,2599.0446569919586,False
1737652893.2148185,2025-01-23 18:21:33,PREREACTION-BASELINE,FIRESTING-START,96.0,38.529,6.703295,5.87429,2.920214,,27.82,240.553,0.261,990.881,14.21,0.0,0.592835,,,True,0.0,1737652892.834797,2466c2055d64ad2a_Ch1,32.0,41.846,,,,,27.781,362.263,0.25,990.892,14.222,0.0,,24.487,,True,0.0,1737652893.0668101,2466c2055d64ad2a_Ch2,2602.2008373737335,False
1737652896.4800053,2025-01-23 18:21:36,PREREACTION-BASELINE,FIRESTING-START,96.0,38.444,6.767596,5.932063,2.949074,,27.812,240.082,0.015,990.863,14.222,0.0,0.598676,,,True,0.0,1737652896.091983,2466c2055d64ad2a_Ch1,32.0,41.847,,,,,27.789,362.163,0.197,990.909,14.21,0.0,,24.482,,True,0.0,1737652896.3239963,2466c2055d64ad2a_Ch2,2605.466024160385,False
1737652899.6841886,2025-01-23 18:21:39,PREREACTION-BASELINE,FIRESTING-START,96.0,38.338,6.854052,6.007364,2.986509,,27.82,239.453,0.087,990.854,14.234,0.0,0.606281,,,True,0.0,1737652899.3051672,2466c2055d64ad2a_Ch1,32.0,41.849,,,,,27.781,362.152,0.189,990.892,14.21,0.0,,24.472,,True,0.0,1737652899.5361803,2466c2055d64ad2a_Ch2,2608.6702075004578,False
1737652902.8563702,2025-01-23 18:21:42,PREREACTION-BASELINE,FIRESTING-START,96.0,38.241,6.935024,6.07736,3.020998,,27.812,238.777,0.128,990.934,14.234,0.0,0.613296,,,True,0.0,1737652902.4763484,2466c2055d64ad2a_Ch1,32.0,41.846,,,,,27.781,362.027,0.154,990.863,14.21,0.0,,24.487,,True,0.0,1737652902.7083616,2466c2055d64ad2a_Ch2,2611.8423891067505,False
1737652906.0765543,2025-01-23 18:21:46,PREREACTION-BASELINE,FIRESTING-START,96.0,38.168,6.990647,6.127576,3.046186,,27.812,238.343,0.235,990.89,14.234,0.0,0.618391,,,True,0.0,1737652905.6955326,2466c2055d64ad2a_Ch1,32.0,41.848,,,,,27.789,361.979,0.094,990.917,14.222,0.0,,24.477,,True,0.0,1737652905.9275458,2466c2055d64ad2a_Ch2,2615.062573194504,False
1737652909.290738,2025-01-23 18:21:49,PREREACTION-BASELINE,FIRESTING-START,96.0,38.067,7.075753,6.201181,3.082484,,27.82,237.755,0.311,990.963,14.222,0.0,0.625773,,,True,0.0,1737652908.9007158,2466c2055d64ad2a_Ch1,32.0,41.84,,,,,27.789,361.871,0.111,990.881,14.222,0.0,,24.517,,True,0.0,1737652909.1427298,2466c2055d64ad2a_Ch2,2618.276757001877,False
1737652912.5319235,2025-01-23 18:21:52,PREREACTION-BASELINE,FIRESTING-START,96.0,37.977,7.139568,6.261114,3.112867,,27.82,237.179,0.118,990.854,14.21,0.0,0.63189,,,True,0.0,1737652912.1499019,2466c2055d64ad2a_Ch1,32.0,41.844,,,,,27.781,361.967,0.056,990.854,14.222,0.0,,24.497,,True,0.0,1737652912.380915,2466c2055d64ad2a_Ch2,2621.517942428589,False
1737652915.7641082,2025-01-23 18:21:55,PREREACTION-BASELINE,FIRESTING-START,96.0,37.908,7.201684,6.313567,3.138851,,27.812,236.72,0.134,990.846,14.21,0.0,0.637189,,,True,0.0,1737652915.3840866,2466c2055d64ad2a_Ch1,32.0,41.841,,,,,27.781,361.887,0.202,990.917,14.222,0.0,,24.512,,True,0.0,1737652915.6160998,2466c2055d64ad2a_Ch2,2624.7501270771027,False
1737652918.94129,2025-01-23 18:21:58,PREREACTION-BASELINE,FIRESTING-START,96.0,37.826,7.265865,6.371362,3.167616,,27.812,236.385,0.227,990.864,14.199,0.0,0.64301,,,True,0.0,1737652918.5612686,2466c2055d64ad2a_Ch1,32.0,41.839,,,,,27.781,361.903,0.069,990.927,14.222,0.0,,24.522,,True,0.0,1737652918.7922816,2466c2055d64ad2a_Ch2,2627.9273087978363,False
1737652922.1454732,2025-01-23 18:22:02,PREREACTION-BASELINE,FIRESTING-START,96.0,37.749,7.327461,6.426403,3.195012,,27.812,235.79,0.162,990.873,14.21,0.0,0.648559,,,True,0.0,1737652921.7654514,2466c2055d64ad2a_Ch1,32.0,41.837,,,,,27.781,361.827,0.018,990.9,14.222,0.0,,24.532,,True,0.0,1737652921.996465,2466c2055d64ad2a_Ch2,2631.131492137909,False
1737652925.300654,2025-01-23 18:22:05,PREREACTION-BASELINE,FIRESTING-START,96.0,37.654,7.404447,6.494959,3.229158,,27.812,235.31,0.155,990.873,14.222,0.0,0.655478,,,True,0.0,1737652924.9206321,2466c2055d64ad2a_Ch1,32.0,41.838,,,,,27.781,361.811,0.104,990.9,14.222,0.0,,24.527,,True,0.0,1737652925.1526453,2466c2055d64ad2a_Ch2,2634.2866728305817,False
1737652928.503837,2025-01-23 18:22:08,PREREACTION-BASELINE,FIRESTING-START,96.0,37.551,7.492607,6.571765,3.267006,,27.804,234.594,-0.03,990.963,14.222,0.0,0.663169,,,True,0.0,1737652928.1248155,2466c2055d64ad2a_Ch1,32.0,41.836,,,,,27.781,361.774,0.041,990.963,14.222,0.0,,24.537,,True,0.0,1737652928.3558285,2466c2055d64ad2a_Ch2,2637.489856004715,False
1737652931.8370275,2025-01-23 18:22:11,PREREACTION-BASELINE,FIRESTING-START,96.0,37.457,7.56967,6.640419,3.301416,,27.812,234.091,0.271,990.9,14.245,0.0,0.67014,,,True,0.0,1737652931.458006,2466c2055d64ad2a_Ch1,32.0,41.838,,,,,27.773,361.739,0.28,990.9,14.222,0.0,,24.527,,True,0.0,1737652931.6890192,2466c2055d64ad2a_Ch2,2640.8230464458466,False
1737652935.0322104,2025-01-23 18:22:15,PREREACTION-BASELINE,FIRESTING-START,96.0,37.352,7.661995,6.720336,3.341084,,27.812,233.431,0.193,990.9,14.233,0.0,0.678205,,,True,0.0,1737652934.6521888,2466c2055d64ad2a_Ch1,32.0,41.833,,,,,27.773,361.73,0.169,990.955,14.233,0.0,,24.552,,True,0.0,1737652934.884202,2466c2055d64ad2a_Ch2,2644.0182292461395,False
1737652938.2433941,2025-01-23 18:22:18,PREREACTION-BASELINE,FIRESTING-START,96.0,37.27,7.725596,6.778828,3.370386,,27.804,232.931,0.137,990.883,14.222,0.0,0.68412,,,True,0.0,1737652937.8633723,2466c2055d64ad2a_Ch1,32.0,41.836,,,,,27.773,361.718,0.267,990.927,14.222,0.0,,24.537,,True,0.0,1737652938.0953856,2466c2055d64ad2a_Ch2,2647.2294130325317,False
1737652941.5035806,2025-01-23 18:22:21,PREREACTION-BASELINE,FIRESTING-START,96.0,37.191,7.797855,6.840593,3.400936,,27.804,232.42,0.288,990.9,14.222,0.0,0.690341,,,True,0.0,1737652941.123559,2466c2055d64ad2a_Ch1,32.0,41.835,,,,,27.773,361.566,0.297,990.9,14.222,0.0,,24.542,,True,0.0,1737652941.3555722,2466c2055d64ad2a_Ch2,2650.489599466324,False
1737652944.7177644,2025-01-23 18:22:24,PREREACTION-BASELINE,FIRESTING-START,96.0,37.126,7.852826,6.889365,3.425375,,27.804,232.066,0.252,990.856,14.233,0.0,0.695294,,,True,0.0,1737652944.3387427,2466c2055d64ad2a_Ch1,32.0,41.832,,,,,27.773,361.662,0.159,990.873,14.21,0.0,,24.557,,True,0.0,1737652944.5707562,2466c2055d64ad2a_Ch2,2653.703783273697,False
1737652947.932948,2025-01-23 18:22:27,PREREACTION-BASELINE,FIRESTING-START,96.0,37.064,7.902618,6.934711,3.447765,,27.804,231.639,0.216,990.927,14.233,0.0,0.69982,,,True,0.0,1737652947.5529268,2466c2055d64ad2a_Ch1,32.0,41.829,,,,,27.773,361.57,0.24,990.927,14.222,0.0,,24.572,,True,0.0,1737652947.7849398,2466c2055d64ad2a_Ch2,2656.9189670085907,False
1737652951.160133,2025-01-23 18:22:31,PREREACTION-BASELINE,FIRESTING-START,96.0,36.982,7.970084,6.995589,3.47823,,27.804,231.192,0.043,990.9,14.222,0.0,0.705983,,,True,0.0,1737652950.780111,2466c2055d64ad2a_Ch1,32.0,41.831,,,,,27.773,361.526,0.069,990.927,14.21,0.0,,24.562,,True,0.0,1737652951.0121243,2466c2055d64ad2a_Ch2,2660.146151781082,False
1737652954.3653162,2025-01-23 18:22:34,PREREACTION-BASELINE,FIRESTING-START,96.0,36.901,8.044025,7.059362,3.509732,,27.804,230.673,0.102,990.938,14.233,0.0,0.712392,,,True,0.0,1737652953.9852946,2466c2055d64ad2a_Ch1,32.0,41.829,,,,,27.773,361.43,0.287,990.856,14.222,0.0,,24.572,,True,0.0,1737652954.2173078,2466c2055d64ad2a_Ch2,2663.3513350486755,False
1737652957.5524983,2025-01-23 18:22:37,PREREACTION-BASELINE,FIRESTING-START,96.0,36.799,8.131304,7.137097,3.548651,,27.796,230.105,0.217,990.883,14.222,0.0,0.720276,,,True,0.0,1737652957.172477,2466c2055d64ad2a_Ch1,32.0,41.827,,,,,27.773,361.494,0.121,990.91,14.233,0.0,,24.582,,True,0.0,1737652957.40449,2466c2055d64ad2a_Ch2,2666.5385172367096,False
1737652960.777683,2025-01-23 18:22:40,PREREACTION-BASELINE,FIRESTING-START,96.0,36.718,8.20041,7.198902,3.57938,,27.804,229.574,0.064,990.902,14.209,0.0,0.7265,,,True,0.0,1737652960.3986614,2466c2055d64ad2a_Ch1,32.0,41.827,,,,,27.765,361.546,0.039,990.883,14.222,0.0,,24.582,,True,0.0,1737652960.6316745,2466c2055d64ad2a_Ch2,2669.763701915741,False
1737652963.9838665,2025-01-23 18:22:43,PREREACTION-BASELINE,FIRESTING-START,96.0,36.631,8.278103,7.267107,3.613498,,27.796,229.115,0.147,990.847,14.221,0.0,0.733423,,,True,0.0,1737652963.6048448,2466c2055d64ad2a_Ch1,32.0,41.827,,,,,27.773,361.53,0.217,990.919,14.222,0.0,,24.582,,True,0.0,1737652963.836858,2466c2055d64ad2a_Ch2,2672.9698853492737,False
1737652967.2410526,2025-01-23 18:22:47,PREREACTION-BASELINE,FIRESTING-START,96.0,36.542,8.358047,7.337288,3.648258,,27.804,228.475,0.093,990.883,14.245,0.0,0.740479,,,True,0.0,1737652966.8620312,2466c2055d64ad2a_Ch1,32.0,41.823,,,,,27.765,361.393,0.292,990.883,14.245,0.0,,24.602,,True,0.0,1737652967.0930443,2466c2055d64ad2a_Ch2,2676.2270715236664,False
1737652970.4042337,2025-01-23 18:22:50,PREREACTION-BASELINE,FIRESTING-START,96.0,36.453,8.432589,7.405089,3.682074,,27.804,228.004,0.176,990.893,14.233,0.0,0.747314,,,True,0.0,1737652970.0252118,2466c2055d64ad2a_Ch1,32.0,41.825,,,,,27.773,361.39,0.169,990.938,14.245,0.0,,24.592,,True,0.0,1737652970.2572253,2466c2055d64ad2a_Ch2,2679.3902525901794,False
1737652973.6024163,2025-01-23 18:22:53,PREREACTION-BASELINE,FIRESTING-START,96.0,36.371,8.509994,7.47187,3.715034,,27.804,227.437,0.246,990.938,14.21,0.0,0.75402,,,True,0.0,1737652973.2233949,2466c2055d64ad2a_Ch1,32.0,41.824,,,,,27.765,361.477,0.209,990.91,14.245,0.0,,24.597,,True,0.0,1737652973.4544082,2466c2055d64ad2a_Ch2,2682.5884351730347,False
1737652976.918606,2025-01-23 18:22:56,PREREACTION-BASELINE,FIRESTING-START,96.0,36.308,8.566,7.521644,3.740099,,27.796,227.123,0.25,990.866,14.233,0.0,0.759098,,,True,0.0,1737652976.5385845,2466c2055d64ad2a_Ch1,32.0,41.822,,,,,27.765,361.389,0.287,990.892,14.233,0.0,,24.607,,True,0.0,1737652976.7695978,2466c2055d64ad2a_Ch2,2685.904624938965,False
1737652980.149791,2025-01-23 18:23:00,PREREACTION-BASELINE,FIRESTING-START,96.0,36.237,8.628074,7.577359,3.767628,,27.796,226.632,0.173,990.929,14.233,0.0,0.764672,,,True,0.0,1737652979.7707694,2466c2055d64ad2a_Ch1,32.0,41.819,,,,,27.765,361.429,0.202,990.91,14.233,0.0,,24.622,,True,0.0,1737652980.0017824,2466c2055d64ad2a_Ch2,2689.1358098983765,False
1737652983.3879762,2025-01-23 18:23:03,PREREACTION-BASELINE,FIRESTING-START,96.0,36.159,8.695375,7.638293,3.798142,,27.796,226.149,0.172,990.902,14.233,0.0,0.770842,,,True,0.0,1737652983.0099545,2466c2055d64ad2a_Ch1,32.0,41.819,,,,,27.765,361.289,0.282,990.885,14.233,0.0,,24.622,,True,0.0,1737652983.2409678,2466c2055d64ad2a_Ch2,2692.373995065689,False
1737652986.6581633,2025-01-23 18:23:06,PREREACTION-BASELINE,FIRESTING-START,96.0,36.071,8.776804,7.709821,3.833602,,27.796,225.666,0.315,990.929,14.233,0.0,0.778039,,,True,0.0,1737652986.2781417,2466c2055d64ad2a_Ch1,32.0,41.817,,,,,27.765,361.225,0.189,990.883,14.233,0.0,,24.632,,True,0.0,1737652986.5091548,2466c2055d64ad2a_Ch2,2695.6441822052,False
1737652989.8593464,2025-01-23 18:23:09,PREREACTION-BASELINE,FIRESTING-START,96.0,35.967,8.870586,7.793447,3.875258,,27.789,225.114,0.014,990.929,14.233,0.0,0.786478,,,True,0.0,1737652989.4793246,2466c2055d64ad2a_Ch1,32.0,41.816,,,,,27.765,361.341,0.295,990.883,14.222,0.0,,24.637,,True,0.0,1737652989.7103379,2466c2055d64ad2a_Ch2,2698.8453652858734,False
1737652993.2045376,2025-01-23 18:23:13,PREREACTION-BASELINE,FIRESTING-START,96.0,35.867,8.962769,7.875063,3.915842,,27.796,224.466,0.075,990.938,14.245,0.0,0.794708,,,True,0.0,1737652992.824516,2466c2055d64ad2a_Ch1,32.0,41.815,,,,,27.765,361.325,0.204,990.893,14.233,0.0,,24.642,,True,0.0,1737652993.055529,2466c2055d64ad2a_Ch2,2702.190556526184,False
1737652996.4307222,2025-01-23 18:23:16,PREREACTION-BASELINE,FIRESTING-START,96.0,35.799,9.025302,7.93064,3.943812,,27.796,223.987,0.074,990.866,14.233,0.0,0.800374,,,True,0.0,1737652996.0507004,2466c2055d64ad2a_Ch1,32.0,41.818,,,,,27.765,361.185,0.182,990.883,14.233,0.0,,24.627,,True,0.0,1737652996.2817137,2466c2055d64ad2a_Ch2,2705.416741132736,False
1737652999.6569068,2025-01-23 18:23:19,PREREACTION-BASELINE,FIRESTING-START,96.0,35.704,9.120008,8.011943,3.984089,,27.796,223.48,0.136,990.875,14.256,0.0,0.808572,,,True,0.0,1737652999.2778852,2466c2055d64ad2a_Ch1,32.0,41.815,,,,,27.765,361.193,0.024,990.866,14.245,0.0,,24.642,,True,0.0,1737652999.5088983,2466c2055d64ad2a_Ch2,2708.6429257392883,False
1737653002.9680963,2025-01-23 18:23:22,PREREACTION-BASELINE,FIRESTING-START,96.0,35.611,9.203973,8.087641,4.021999,,27.796,222.776,0.005,990.839,14.233,0.0,0.816241,,,True,0.0,1737653002.5880744,2466c2055d64ad2a_Ch1,32.0,41.814,,,,,27.757,361.229,-0.095,990.829,14.233,0.0,,24.647,,True,0.0,1737653002.8190875,2466c2055d64ad2a_Ch2,2711.954115152359,False
1737653006.1862803,2025-01-23 18:23:26,PREREACTION-BASELINE,FIRESTING-START,96.0,35.524,9.285837,8.160226,4.057835,,27.796,222.349,-0.156,990.91,14.245,0.0,0.823508,,,True,0.0,1737653005.8072586,2466c2055d64ad2a_Ch1,32.0,41.811,,,,,27.757,361.18,-0.16,990.912,14.245,0.0,,24.662,,True,0.0,1737653006.0382717,2466c2055d64ad2a_Ch2,2715.172299146652,False
1737653009.5274713,2025-01-23 18:23:29,PREREACTION-BASELINE,FIRESTING-START,96.0,35.458,9.344658,8.213881,4.084626,,27.796,221.955,-0.043,990.912,14.255,0.0,0.828921,,,True,0.0,1737653009.14845,2466c2055d64ad2a_Ch1,32.0,41.811,,,,,27.765,361.236,0.056,990.929,14.233,0.0,,24.662,,True,0.0,1737653009.380463,2466c2055d64ad2a_Ch2,2718.5134902000427,False
1737653012.755656,2025-01-23 18:23:32,PREREACTION-BASELINE,FIRESTING-START,96.0,35.37,9.4299,8.288808,4.121735,,27.789,221.367,0.08,990.947,14.233,0.0,0.836453,,,True,0.0,1737653012.3756342,2466c2055d64ad2a_Ch1,32.0,41.81,,,,,27.757,361.144,-0.024,990.929,14.233,0.0,,24.667,,True,0.0,1737653012.6076474,2466c2055d64ad2a_Ch2,2721.741674900055,False
1737653015.9698398,2025-01-23 18:23:35,PREREACTION-BASELINE,FIRESTING-START,96.0,35.293,9.503283,8.353975,4.154298,,27.789,220.949,0.103,990.92,14.221,0.0,0.843052,,,True,0.0,1737653015.589818,2466c2055d64ad2a_Ch1,32.0,41.804,,,,,27.765,361.02,0.003,990.929,14.233,0.0,,24.697,,True,0.0,1737653015.8208313,2466c2055d64ad2a_Ch2,2724.955858707428,False
1737653019.1760232,2025-01-23 18:23:39,PREREACTION-BASELINE,FIRESTING-START,96.0,35.21,9.574759,8.420832,4.187586,,27.789,220.386,-0.057,990.966,14.245,0.0,0.849759,,,True,0.0,1737653018.7960014,2466c2055d64ad2a_Ch1,32.0,41.802,,,,,27.757,361.152,0.013,990.947,14.245,0.0,,24.707,,True,0.0,1737653019.0280147,2466c2055d64ad2a_Ch2,2728.1620421409607,False
1737653022.3772063,2025-01-23 18:23:42,PREREACTION-BASELINE,FIRESTING-START,96.0,35.13,9.650176,8.48851,4.221241,,27.789,219.779,0.175,990.985,14.244,0.0,0.856573,,,True,0.0,1737653021.9971845,2466c2055d64ad2a_Ch1,32.0,41.807,,,,,27.757,360.98,0.127,990.947,14.245,0.0,,24.682,,True,0.0,1737653022.2291977,2466c2055d64ad2a_Ch2,2731.363225221634,False
1737653025.7153971,2025-01-23 18:23:45,PREREACTION-BASELINE,FIRESTING-START,96.0,35.053,9.734595,8.55936,4.256675,,27.789,219.296,0.214,990.893,14.245,0.0,0.863802,,,True,0.0,1737653025.3353755,2466c2055d64ad2a_Ch1,32.0,41.807,,,,,27.75,360.9,0.214,990.929,14.233,0.0,,24.682,,True,0.0,1737653025.5673888,2466c2055d64ad2a_Ch2,2734.701416015625,False
1737653028.9375815,2025-01-23 18:23:48,PREREACTION-BASELINE,FIRESTING-START,96.0,34.941,9.846152,8.657448,4.305335,,27.789,218.652,0.259,990.92,14.245,0.0,0.873677,,,True,0.0,1737653028.5575597,2466c2055d64ad2a_Ch1,32.0,41.803,,,,,27.757,360.888,0.194,990.92,14.245,0.0,,24.702,,True,0.0,1737653028.7895732,2466c2055d64ad2a_Ch2,2737.923600435257,False
1737653032.1537654,2025-01-23 18:23:52,PREREACTION-BASELINE,FIRESTING-START,96.0,34.861,9.919631,8.724834,4.338806,,27.789,218.101,0.225,990.966,14.255,0.0,0.880437,,,True,0.0,1737653031.7737439,2466c2055d64ad2a_Ch1,32.0,41.801,,,,,27.75,360.899,0.177,991.021,14.245,0.0,,24.712,,True,0.0,1737653032.0057569,2466c2055d64ad2a_Ch2,2741.13978433609,False
1737653035.3549485,2025-01-23 18:23:55,PREREACTION-BASELINE,FIRESTING-START,96.0,34.767,10.011001,8.806601,4.379265,,27.789,217.561,0.157,991.029,14.233,0.0,0.888631,,,True,0.0,1737653034.974927,2466c2055d64ad2a_Ch1,32.0,41.802,,,,,27.757,360.844,0.039,991.029,14.245,0.0,,24.707,,True,0.0,1737653035.2069402,2466c2055d64ad2a_Ch2,2744.3409674167633,False
1737653038.6811388,2025-01-23 18:23:58,PREREACTION-BASELINE,FIRESTING-START,96.0,34.688,10.092804,8.877856,4.414407,,27.789,217.054,0.157,991.083,14.255,0.0,0.895773,,,True,0.0,1737653038.302117,2466c2055d64ad2a_Ch1,32.0,41.8,,,,,27.757,360.795,0.212,991.029,14.233,0.0,,24.717,,True,0.0,1737653038.5331304,2466c2055d64ad2a_Ch2,2747.667157649994,False
1737653042.0023289,2025-01-23 18:24:02,PREREACTION-BASELINE,FIRESTING-START,96.0,34.597,10.182185,8.957904,4.454876,,27.781,216.475,0.232,990.958,14.244,0.0,0.903964,,,True,0.0,1737653041.623307,2466c2055d64ad2a_Ch1,32.0,41.8,,,,,27.75,360.823,0.162,990.912,14.267,0.0,,24.717,,True,0.0,1737653041.8553202,2466c2055d64ad2a_Ch2,2750.9883477687836,False
1737653045.1625097,2025-01-23 18:24:05,PREREACTION-BASELINE,FIRESTING-START,96.0,34.509,10.272484,9.037345,4.494383,,27.781,215.924,0.215,990.958,14.255,0.0,0.91198,,,True,0.0,1737653044.784488,2466c2055d64ad2a_Ch1,32.0,41.8,,,,,27.75,360.855,0.177,990.912,14.245,0.0,,24.717,,True,0.0,1737653045.015501,2466c2055d64ad2a_Ch2,2754.148528575897,False
1737653048.3716931,2025-01-23 18:24:08,PREREACTION-BASELINE,FIRESTING-START,96.0,34.443,10.340575,9.097249,4.524307,,27.781,215.554,0.21,990.93,14.255,0.0,0.918051,,,True,0.0,1737653047.9916713,2466c2055d64ad2a_Ch1,32.0,41.796,,,,,27.75,360.851,0.149,991.021,14.245,0.0,,24.737,,True,0.0,1737653048.2226846,2466c2055d64ad2a_Ch2,2757.3577120304108,False
1737653051.5648758,2025-01-23 18:24:11,PREREACTION-BASELINE,FIRESTING-START,96.0,34.373,10.406117,9.157825,4.554567,,27.789,215.063,0.257,990.939,14.245,0.0,0.924156,,,True,0.0,1737653051.1858542,2466c2055d64ad2a_Ch1,32.0,41.798,,,,,27.757,360.787,0.084,990.958,14.244,0.0,,24.727,,True,0.0,1737653051.4168673,2466c2055d64ad2a_Ch2,2760.5508947372437,False
1737653054.78606,2025-01-23 18:24:14,PREREACTION-BASELINE,FIRESTING-START,96.0,34.302,10.483576,9.224524,4.587908,,27.781,214.625,0.208,990.885,14.245,0.0,0.930937,,,True,0.0,1737653054.4070382,2466c2055d64ad2a_Ch1,32.0,41.799,,,,,27.757,360.739,0.129,990.939,14.245,0.0,,24.722,,True,0.0,1737653054.6380515,2466c2055d64ad2a_Ch2,2763.7720789909363,False
1737653058.177254,2025-01-23 18:24:18,PREREACTION-BASELINE,FIRESTING-START,96.0,34.22,10.571212,9.300896,4.62589,,27.773,214.182,0.235,990.876,14.244,0.0,0.938653,,,True,0.0,1737653057.7972322,2466c2055d64ad2a_Ch1,32.0,41.798,,,,,27.75,360.659,0.159,990.912,14.245,0.0,,24.727,,True,0.0,1737653058.0282454,2466c2055d64ad2a_Ch2,2767.163272857666,False
1737653061.338435,2025-01-23 18:24:21,PREREACTION-BASELINE,FIRESTING-START,96.0,34.166,10.626255,9.350067,4.650392,,27.781,213.768,0.251,990.876,14.255,0.0,0.943616,,,True,0.0,1737653060.9584131,2466c2055d64ad2a_Ch1,32.0,41.797,,,,,27.75,360.739,0.164,990.912,14.245,0.0,,24.732,,True,0.0,1737653061.1894262,2466c2055d64ad2a_Ch2,2770.324453830719,False
1737653064.57562,2025-01-23 18:24:24,PREREACTION-BASELINE,FIRESTING-START,96.0,34.103,10.691018,9.407802,4.679059,,27.781,213.389,0.284,990.895,14.255,0.0,0.949424,,,True,0.0,1737653064.1965983,2466c2055d64ad2a_Ch1,32.0,41.8,,,,,27.75,360.707,0.071,990.922,14.255,0.0,,24.717,,True,0.0,1737653064.4276114,2466c2055d64ad2a_Ch2,2773.5616388320923,False
1737653067.7678027,2025-01-23 18:24:27,PREREACTION-BASELINE,FIRESTING-START,96.0,34.038,10.765426,9.471017,4.710496,,27.781,213.027,0.206,990.868,14.232,0.0,0.95583,,,True,0.0,1737653067.387781,2466c2055d64ad2a_Ch1,32.0,41.797,,,,,27.75,360.767,0.134,990.939,14.255,0.0,,24.732,,True,0.0,1737653067.618794,2466c2055d64ad2a_Ch2,2776.7538216114044,False
1737653070.9699855,2025-01-23 18:24:30,PREREACTION-BASELINE,FIRESTING-START,96.0,33.965,10.837848,9.537007,4.743054,,27.773,212.6,0.029,990.949,14.267,0.0,0.962411,,,True,0.0,1737653070.5889637,2466c2055d64ad2a_Ch1,32.0,41.799,,,,,27.742,360.675,0.242,990.941,14.244,0.0,,24.722,,True,0.0,1737653070.8209772,2466c2055d64ad2a_Ch2,2779.95600438118,False
1737653074.4171827,2025-01-23 18:24:34,PREREACTION-BASELINE,FIRESTING-START,96.0,33.849,10.966071,9.648305,4.798493,,27.781,211.788,0.21,990.913,14.267,0.0,0.973678,,,True,0.0,1737653074.037161,2466c2055d64ad2a_Ch1,32.0,41.793,,,,,27.742,360.619,0.25,990.895,14.267,0.0,,24.752,,True,0.0,1737653074.2691743,2466c2055d64ad2a_Ch2,2783.4032015800476,False
1737653077.640367,2025-01-23 18:24:37,PREREACTION-BASELINE,FIRESTING-START,96.0,33.742,11.070789,9.745089,4.846682,,27.789,211.085,0.221,990.958,14.255,0.0,0.9834,,,True,0.0,1737653077.2603455,2466c2055d64ad2a_Ch1,32.0,41.796,,,,,27.742,360.651,0.24,990.895,14.232,0.0,,24.737,,True,0.0,1737653077.4913588,2466c2055d64ad2a_Ch2,2786.6263859272003,False
1737653080.8615513,2025-01-23 18:24:40,PREREACTION-BASELINE,FIRESTING-START,96.0,33.682,11.141669,9.805142,4.876454,,27.773,210.71,0.262,990.949,14.255,0.0,0.98947,,,True,0.0,1737653080.4815297,2466c2055d64ad2a_Ch1,32.0,41.792,,,,,27.75,360.547,0.257,990.93,14.255,0.0,,24.757,,True,0.0,1737653080.712543,2466c2055d64ad2a_Ch2,2789.847570180893,False
1737653084.0847356,2025-01-23 18:24:44,PREREACTION-BASELINE,FIRESTING-START,96.0,33.596,11.228282,9.884509,4.916214,,27.773,210.279,0.033,990.93,14.244,0.0,0.997498,,,True,0.0,1737653083.7057142,2466c2055d64ad2a_Ch1,32.0,41.792,,,,,27.734,360.483,-0.027,990.941,14.244,0.0,,24.757,,True,0.0,1737653083.9377275,2466c2055d64ad2a_Ch2,2793.0707545280457,False
1737653087.30592,2025-01-23 18:24:47,PREREACTION-BASELINE,FIRESTING-START,96.0,33.531,11.299767,9.947439,4.947513,,27.773,209.661,0.175,990.93,14.244,0.0,1.003848,,,True,0.0,1737653086.9258983,2466c2055d64ad2a_Ch1,32.0,41.789,,,,,27.734,360.326,0.149,990.886,14.255,0.0,,24.772,,True,0.0,1737653087.1579115,2466c2055d64ad2a_Ch2,2796.2919387817383,False
1737653090.6351104,2025-01-23 18:24:50,PREREACTION-BASELINE,FIRESTING-START,96.0,33.444,11.39028,10.02951,4.988467,,27.773,209.226,0.167,990.932,14.244,0.0,1.012129,,,True,0.0,1737653090.2560887,2466c2055d64ad2a_Ch1,32.0,41.79,,,,,27.734,360.446,0.121,990.895,14.267,0.0,,24.767,,True,0.0,1737653090.487102,2466c2055d64ad2a_Ch2,2799.6211292743683,False
1737653093.8482943,2025-01-23 18:24:53,PREREACTION-BASELINE,FIRESTING-START,96.0,33.379,11.464437,10.094007,5.020408,,27.773,208.812,0.254,990.949,14.255,0.0,1.01862,,,True,0.0,1737653093.4692726,2466c2055d64ad2a_Ch1,32.0,41.792,,,,,27.734,360.439,0.29,990.913,14.255,0.0,,24.757,,True,0.0,1737653093.7002857,2466c2055d64ad2a_Ch2,2802.8343131542206,False
1737653097.0674782,2025-01-23 18:24:57,PREREACTION-BASELINE,FIRESTING-START,96.0,33.314,11.540884,10.159699,5.053173,,27.773,208.285,0.256,990.913,14.244,0.0,1.025286,,,True,0.0,1737653096.6884568,2466c2055d64ad2a_Ch1,32.0,41.784,,,,,27.734,360.454,0.325,990.895,14.255,0.0,,24.797,,True,0.0,1737653096.92047,2466c2055d64ad2a_Ch2,2806.0534970760345,False
1737653100.313664,2025-01-23 18:25:00,PREREACTION-BASELINE,FIRESTING-START,96.0,33.227,11.623155,10.238632,5.093019,,27.765,207.726,0.106,990.877,14.267,0.0,1.033289,,,True,0.0,1737653099.9336421,2466c2055d64ad2a_Ch1,32.0,41.785,,,,,27.742,360.45,0.099,990.958,14.255,0.0,,24.792,,True,0.0,1737653100.1646557,2466c2055d64ad2a_Ch2,2809.299682855606,False
1737653103.5208476,2025-01-23 18:25:03,PREREACTION-BASELINE,FIRESTING-START,96.0,33.154,11.707501,10.312114,5.129238,,27.773,207.352,0.279,990.93,14.232,0.0,1.04065,,,True,0.0,1737653103.1418257,2466c2055d64ad2a_Ch1,32.0,41.785,,,,,27.734,360.346,0.184,990.93,14.267,0.0,,24.792,,True,0.0,1737653103.372839,2466c2055d64ad2a_Ch2,2812.506866455078,False
1737653106.782034,2025-01-23 18:25:06,PREREACTION-BASELINE,FIRESTING-START,96.0,33.095,11.774433,10.371067,5.158653,,27.773,206.858,0.284,990.913,14.255,0.0,1.046617,,,True,0.0,1737653106.4030123,2466c2055d64ad2a_Ch1,32.0,41.785,,,,,27.734,360.374,0.114,990.959,14.255,0.0,,24.792,,True,0.0,1737653106.6350257,2466c2055d64ad2a_Ch2,2815.768052816391,False
1737653110.1172247,2025-01-23 18:25:10,PREREACTION-BASELINE,FIRESTING-START,96.0,33.017,11.863376,10.449409,5.197469,,27.773,206.415,0.149,990.941,14.267,0.0,1.054493,,,True,0.0,1737653109.736203,2466c2055d64ad2a_Ch1,32.0,41.783,,,,,27.742,360.19,0.29,990.949,14.255,0.0,,24.802,,True,0.0,1737653109.9692163,2466c2055d64ad2a_Ch2,2819.1032435894012,False
1737653113.3654106,2025-01-23 18:25:13,PREREACTION-BASELINE,FIRESTING-START,96.0,32.943,11.944265,10.522328,5.233546,,27.765,205.917,0.128,990.995,14.255,0.0,1.061794,,,True,0.0,1737653112.9853888,2466c2055d64ad2a_Ch1,32.0,41.784,,,,,27.734,360.27,0.295,990.949,14.255,0.0,,24.797,,True,0.0,1737653113.2174022,2466c2055d64ad2a_Ch2,2822.351429462433,False
1737653116.5655935,2025-01-23 18:25:16,PREREACTION-BASELINE,FIRESTING-START,96.0,32.873,12.026931,10.594313,5.269594,,27.773,205.502,0.177,990.941,14.232,0.0,1.069116,,,True,0.0,1737653116.185572,2466c2055d64ad2a_Ch1,32.0,41.782,,,,,27.726,360.27,0.327,991.003,14.244,0.0,,24.807,,True,0.0,1737653116.4175851,2466c2055d64ad2a_Ch2,2825.5516123771667,False
1737653119.805779,2025-01-23 18:25:19,PREREACTION-BASELINE,FIRESTING-START,96.0,32.784,12.126106,10.683371,5.313951,,27.765,204.967,0.201,990.949,14.244,0.0,1.078095,,,True,0.0,1737653119.426757,2466c2055d64ad2a_Ch1,32.0,41.782,,,,,27.726,360.314,0.245,990.905,14.255,0.0,,24.807,,True,0.0,1737653119.6597707,2466c2055d64ad2a_Ch2,2828.791797876358,False
1737653123.1849723,2025-01-23 18:25:23,PREREACTION-BASELINE,FIRESTING-START,96.0,32.709,12.213577,10.760434,5.352176,,27.765,204.465,-0.006,990.968,14.255,0.0,1.08585,,,True,0.0,1737653122.8049505,2466c2055d64ad2a_Ch1,32.0,41.776,,,,,27.734,360.125,-0.022,990.995,14.255,0.0,,24.837,,True,0.0,1737653123.0369637,2466c2055d64ad2a_Ch2,2832.1709911823273,False
1737653126.4461586,2025-01-23 18:25:26,PREREACTION-BASELINE,FIRESTING-START,96.0,32.626,12.298754,10.840641,5.392386,,27.765,203.926,0.191,990.968,14.255,0.0,1.093944,,,True,0.0,1737653126.067137,2466c2055d64ad2a_Ch1,32.0,41.779,,,,,27.726,360.206,0.209,990.923,14.255,0.0,,24.822,,True,0.0,1737653126.29815,2466c2055d64ad2a_Ch2,2835.43217754364,False
1737653129.649342,2025-01-23 18:25:29,PREREACTION-BASELINE,FIRESTING-START,96.0,32.552,12.392141,10.920354,5.432031,,27.765,203.503,0.212,990.941,14.244,0.0,1.102018,,,True,0.0,1737653129.2703202,2466c2055d64ad2a_Ch1,32.0,41.775,,,,,27.726,360.133,0.227,990.923,14.232,0.0,,24.842,,True,0.0,1737653129.5013335,2466c2055d64ad2a_Ch2,2838.635360956192,False
1737653132.8785267,2025-01-23 18:25:32,PREREACTION-BASELINE,FIRESTING-START,96.0,32.48,12.469309,10.991846,5.467806,,27.765,202.981,0.197,990.941,14.255,0.0,1.109233,,,True,0.0,1737653132.4995048,2466c2055d64ad2a_Ch1,32.0,41.777,,,,,27.726,360.093,0.189,990.932,14.278,0.0,,24.832,,True,0.0,1737653132.730518,2466c2055d64ad2a_Ch2,2841.864545583725,False
1737653136.104711,2025-01-23 18:25:36,PREREACTION-BASELINE,FIRESTING-START,96.0,32.401,12.567626,11.076757,5.510086,,27.765,202.506,0.224,990.915,14.244,0.0,1.117831,,,True,0.0,1737653135.7246895,2466c2055d64ad2a_Ch1,32.0,41.776,,,,,27.726,360.069,0.332,990.978,14.255,0.0,,24.837,,True,0.0,1737653135.9567027,2466c2055d64ad2a_Ch2,2845.0907299518585,False
1737653139.4169006,2025-01-23 18:25:39,PREREACTION-BASELINE,FIRESTING-START,96.0,32.339,12.639874,11.141318,5.54221,,27.765,202.12,0.182,990.923,14.255,0.0,1.124337,,,True,0.0,1737653139.0368788,2466c2055d64ad2a_Ch1,32.0,41.774,,,,,27.718,360.113,0.044,990.951,14.255,0.0,,24.847,,True,0.0,1737653139.2678921,2466c2055d64ad2a_Ch2,2848.4029195308685,False
1737653142.6640863,2025-01-23 18:25:42,PREREACTION-BASELINE,FIRESTING-START,96.0,32.28,12.706745,11.202039,5.572257,,27.765,201.678,0.139,990.969,14.255,0.0,1.130412,,,True,0.0,1737653142.2840645,2466c2055d64ad2a_Ch1,32.0,41.775,,,,,27.726,360.157,0.187,990.923,14.255,0.0,,24.842,,True,0.0,1737653142.5160778,2466c2055d64ad2a_Ch2,2851.650105237961,False
1737653145.9942768,2025-01-23 18:25:45,PREREACTION-BASELINE,FIRESTING-START,96.0,32.196,12.810527,11.292635,5.617214,,27.765,201.143,0.192,990.978,14.266,0.0,1.139544,,,True,0.0,1737653145.6142552,2466c2055d64ad2a_Ch1,32.0,41.772,,,,,27.726,360.177,0.184,990.932,14.255,0.0,,24.857,,True,0.0,1737653145.8462684,2466c2055d64ad2a_Ch2,2854.9802956581116,False
1737653149.2084606,2025-01-23 18:25:49,PREREACTION-BASELINE,FIRESTING-START,96.0,32.133,12.880872,11.357348,5.649681,,27.757,200.701,0.316,990.959,14.267,0.0,1.146096,,,True,0.0,1737653148.8284388,2466c2055d64ad2a_Ch1,32.0,41.771,,,,,27.726,360.029,0.285,990.923,14.266,0.0,,24.862,,True,0.0,1737653149.060452,2466c2055d64ad2a_Ch2,2858.1944794654846,False
1737653152.4436457,2025-01-23 18:25:52,PREREACTION-BASELINE,FIRESTING-START,96.0,32.071,12.954553,11.423221,5.682345,,27.757,200.251,0.222,990.986,14.267,0.0,1.152712,,,True,0.0,1737653152.063624,2466c2055d64ad2a_Ch1,32.0,41.775,,,,,27.726,360.009,0.317,990.951,14.266,0.0,,24.842,,True,0.0,1737653152.2956371,2466c2055d64ad2a_Ch2,2861.4296646118164,False
1737653155.7408342,2025-01-23 18:25:55,PREREACTION-BASELINE,FIRESTING-START,96.0,31.985,13.06887,11.520367,5.730493,,27.757,199.832,0.296,990.978,14.255,0.0,1.162525,,,True,0.0,1737653155.3598125,2466c2055d64ad2a_Ch1,32.0,41.772,,,,,27.726,360.029,0.142,990.951,14.266,0.0,,24.857,,True,0.0,1737653155.5918257,2466c2055d64ad2a_Ch2,2864.726853132248,False
1737653158.951018,2025-01-23 18:25:58,PREREACTION-BASELINE,FIRESTING-START,96.0,31.921,13.141588,11.587228,5.764034,,27.757,199.298,0.144,990.959,14.267,0.0,1.169294,,,True,0.0,1737653158.5709963,2466c2055d64ad2a_Ch1,32.0,41.772,,,,,27.718,359.993,0.209,990.923,14.255,0.0,,24.857,,True,0.0,1737653158.8030093,2466c2055d64ad2a_Ch2,2867.9370369911194,False
1737653162.2062042,2025-01-23 18:26:02,PREREACTION-BASELINE,FIRESTING-START,96.0,31.829,13.256058,11.688157,5.814018,,27.757,198.775,0.087,990.996,14.255,0.0,1.179435,,,True,0.0,1737653161.8271823,2466c2055d64ad2a_Ch1,32.0,41.772,,,,,27.718,359.913,0.202,990.923,14.266,0.0,,24.857,,True,0.0,1737653162.0591958,2466c2055d64ad2a_Ch2,2871.192223072052,False
1737653165.4273884,2025-01-23 18:26:05,PREREACTION-BASELINE,FIRESTING-START,96.0,31.763,13.338686,11.761012,5.850703,,27.757,198.432,0.178,990.923,14.266,0.0,1.186874,,,True,0.0,1737653165.037366,2466c2055d64ad2a_Ch1,32.0,41.768,,,,,27.718,360.001,0.121,990.915,14.255,0.0,,24.877,,True,0.0,1737653165.2793796,2466c2055d64ad2a_Ch2,2874.4134073257446,False
1737653168.6655734,2025-01-23 18:26:08,PREREACTION-BASELINE,FIRESTING-START,96.0,31.693,13.417995,11.834696,5.887305,,27.757,197.974,0.095,990.969,14.266,0.0,1.194254,,,True,0.0,1737653168.2845516,2466c2055d64ad2a_Ch1,32.0,41.772,,,,,27.718,359.985,0.26,990.951,14.255,0.0,,24.857,,True,0.0,1737653168.516565,2466c2055d64ad2a_Ch2,2877.6515922546387,False
1737653171.9197595,2025-01-23 18:26:11,PREREACTION-BASELINE,FIRESTING-START,96.0,31.622,13.516631,11.917911,5.928581,,27.757,197.532,0.148,990.951,14.266,0.0,1.202674,,,True,0.0,1737653171.540738,2466c2055d64ad2a_Ch1,32.0,41.771,,,,,27.718,359.985,-0.072,990.951,14.255,0.0,,24.862,,True,0.0,1737653171.7717512,2466c2055d64ad2a_Ch2,2880.9057784080505,False
1737653175.1309433,2025-01-23 18:26:15,PREREACTION-BASELINE,FIRESTING-START,96.0,31.552,13.603474,11.995434,5.966924,,27.757,197.049,0.2,990.996,14.244,0.0,1.210442,,,True,0.0,1737653174.7519217,2466c2055d64ad2a_Ch1,32.0,41.771,,,,,27.718,359.937,0.194,990.988,14.254,0.0,,24.862,,True,0.0,1737653174.9839349,2466c2055d64ad2a_Ch2,2884.1169621944427,False
1737653178.377129,2025-01-23 18:26:18,PREREACTION-BASELINE,FIRESTING-START,96.0,31.468,13.710984,12.090237,6.013856,,27.757,196.503,0.102,991.032,14.266,0.0,1.219964,,,True,0.0,1737653177.9981074,2466c2055d64ad2a_Ch1,32.0,41.772,,,,,27.718,359.913,0.094,990.978,14.244,0.0,,24.857,,True,0.0,1737653178.2291205,2466c2055d64ad2a_Ch2,2887.3631479740143,False
1737653181.700319,2025-01-23 18:26:21,PREREACTION-BASELINE,FIRESTING-START,96.0,31.411,13.786597,12.155945,6.046929,,27.757,196.057,0.421,990.961,14.254,0.0,1.226682,,,True,0.0,1737653181.3212974,2466c2055d64ad2a_Ch1,32.0,41.768,,,,,27.718,359.817,0.079,990.951,14.266,0.0,,24.877,,True,0.0,1737653181.5523105,2466c2055d64ad2a_Ch2,2890.6863379478455,False
1737653185.0285094,2025-01-23 18:26:25,PREREACTION-BASELINE,FIRESTING-START,96.0,31.34,13.86939,12.232827,6.085361,,27.75,195.65,0.031,990.969,14.255,0.0,1.23443,,,True,0.0,1737653184.6494877,2466c2055d64ad2a_Ch1,32.0,41.767,,,,,27.718,359.773,-0.12,990.969,14.255,0.0,,24.882,,True,0.0,1737653184.880501,2466c2055d64ad2a_Ch2,2894.014528274536,False
1737653188.2656946,2025-01-23 18:26:28,PREREACTION-BASELINE,FIRESTING-START,96.0,31.276,13.950306,12.305171,6.121345,,27.75,195.232,0.105,990.979,14.243,0.0,1.241718,,,True,0.0,1737653187.8846729,2466c2055d64ad2a_Ch1,32.0,41.766,,,,,27.718,359.788,0.024,990.961,14.243,0.0,,24.887,,True,0.0,1737653188.116686,2466c2055d64ad2a_Ch2,2897.251713514328,False
1737653191.4448762,2025-01-23 18:26:31,PREREACTION-BASELINE,FIRESTING-START,96.0,31.183,14.069634,12.41141,6.174319,,27.75,194.561,-0.127,990.969,14.255,0.0,1.252451,,,True,0.0,1737653191.0658548,2466c2055d64ad2a_Ch1,32.0,41.764,,,,,27.718,359.744,-0.029,990.923,14.266,0.0,,24.897,,True,0.0,1737653191.296868,2466c2055d64ad2a_Ch2,2900.430895090103,False
1737653194.6780612,2025-01-23 18:26:34,PREREACTION-BASELINE,FIRESTING-START,96.0,31.123,14.143956,12.478951,6.208091,,27.75,194.167,0.013,990.961,14.254,0.0,1.259277,,,True,0.0,1737653194.2980394,2466c2055d64ad2a_Ch1,32.0,41.765,,,,,27.718,359.82,-0.092,990.934,14.254,0.0,,24.892,,True,0.0,1737653194.530053,2466c2055d64ad2a_Ch2,2903.664080142975,False
1737653197.8392422,2025-01-23 18:26:37,PREREACTION-BASELINE,FIRESTING-START,96.0,31.043,14.252069,12.57334,6.254936,,27.757,193.681,0.178,990.969,14.255,0.0,1.268792,,,True,0.0,1737653197.4592204,2466c2055d64ad2a_Ch1,32.0,41.764,,,,,27.71,359.82,0.006,990.961,14.254,0.0,,24.897,,True,0.0,1737653197.6902337,2466c2055d64ad2a_Ch2,2906.825261116028,False
1737653201.1124294,2025-01-23 18:26:41,PREREACTION-BASELINE,FIRESTING-START,96.0,30.967,14.350888,12.661522,6.298978,,27.742,193.294,0.01,990.952,14.254,0.0,1.277713,,,True,0.0,1737653200.7324076,2466c2055d64ad2a_Ch1,32.0,41.761,,,,,27.71,359.748,0.262,990.915,14.255,0.0,,24.912,,True,0.0,1737653200.9644208,2466c2055d64ad2a_Ch2,2910.09844827652,False
1737653204.3296132,2025-01-23 18:26:44,PREREACTION-BASELINE,FIRESTING-START,96.0,30.892,14.444243,12.746919,6.341701,,27.75,192.72,0.128,990.944,14.266,0.0,1.286341,,,True,0.0,1737653203.9505918,2466c2055d64ad2a_Ch1,32.0,41.763,,,,,27.71,359.76,0.114,991.015,14.243,0.0,,24.902,,True,0.0,1737653204.1816049,2466c2055d64ad2a_Ch2,2913.3156321048737,False
1737653207.559798,2025-01-23 18:26:47,PREREACTION-BASELINE,FIRESTING-START,96.0,30.842,14.516203,12.808393,6.372352,,27.75,192.366,0.286,990.915,14.255,0.0,1.292582,,,True,0.0,1737653207.1797764,2466c2055d64ad2a_Ch1,32.0,41.761,,,,,27.718,359.656,0.237,990.961,14.254,0.0,,24.912,,True,0.0,1737653207.4107897,2466c2055d64ad2a_Ch2,2916.545816898346,False
1737653210.7649815,2025-01-23 18:26:50,PREREACTION-BASELINE,FIRESTING-START,96.0,30.774,14.603371,12.887348,6.411873,,27.75,191.88,0.113,990.898,14.266,0.0,1.300572,,,True,0.0,1737653210.3839598,2466c2055d64ad2a_Ch1,32.0,41.759,,,,,27.71,359.512,-0.034,990.915,14.255,0.0,,24.922,,True,0.0,1737653210.6159728,2466c2055d64ad2a_Ch2,2919.751000404358,False
1737653213.938163,2025-01-23 18:26:53,PREREACTION-BASELINE,FIRESTING-START,96.0,30.707,14.689632,12.965528,6.451266,,27.75,191.478,0.234,990.843,14.278,0.0,1.308535,,,True,0.0,1737653213.5591414,2466c2055d64ad2a_Ch1,32.0,41.757,,,,,27.718,359.684,0.079,990.961,14.266,0.0,,24.932,,True,0.0,1737653213.7901545,2466c2055d64ad2a_Ch2,2922.9241819381714,False
1737653217.4123616,2025-01-23 18:26:57,PREREACTION-BASELINE,FIRESTING-START,96.0,30.639,14.777709,13.045333,6.490675,,27.742,190.983,0.195,990.906,14.278,0.0,1.316505,,,True,0.0,1737653217.03234,2466c2055d64ad2a_Ch1,32.0,41.759,,,,,27.71,359.644,0.184,990.969,14.266,0.0,,24.922,,True,0.0,1737653217.263353,2466c2055d64ad2a_Ch2,2926.3983805179596,False
1737653220.616545,2025-01-23 18:27:00,PREREACTION-BASELINE,FIRESTING-START,96.0,30.557,14.895161,13.146934,6.541037,,27.742,190.401,0.175,990.915,14.278,0.0,1.326746,,,True,0.0,1737653220.2365232,2466c2055d64ad2a_Ch1,32.0,41.756,,,,,27.71,359.608,0.177,990.906,14.266,0.0,,24.937,,True,0.0,1737653220.4685366,2466c2055d64ad2a_Ch2,2929.602563858032,False
1737653223.8517299,2025-01-23 18:27:03,PREREACTION-BASELINE,FIRESTING-START,96.0,30.481,14.992973,13.236411,6.585618,,27.742,190.054,-0.011,990.934,14.266,0.0,1.33575,,,True,0.0,1737653223.4727085,2466c2055d64ad2a_Ch1,32.0,41.756,,,,,27.71,359.468,0.189,990.917,14.266,0.0,,24.937,,True,0.0,1737653223.7047217,2466c2055d64ad2a_Ch2,2932.8377487659454,False
1737653227.121917,2025-01-23 18:27:07,PREREACTION-BASELINE,FIRESTING-START,96.0,30.407,15.09588,13.32726,6.63075,,27.742,189.508,0.251,990.944,14.266,0.0,1.344905,,,True,0.0,1737653226.7428954,2466c2055d64ad2a_Ch1,32.0,41.757,,,,,27.703,359.456,0.282,990.879,14.266,0.0,,24.932,,True,0.0,1737653226.9739084,2466c2055d64ad2a_Ch2,2936.1079359054565,False
1737653230.3271005,2025-01-23 18:27:10,PREREACTION-BASELINE,FIRESTING-START,96.0,30.341,15.190648,13.409864,6.672291,,27.75,189.018,0.207,990.871,14.254,0.0,1.353341,,,True,0.0,1737653229.9480786,2466c2055d64ad2a_Ch1,32.0,41.756,,,,,27.71,359.432,0.134,990.898,14.278,0.0,,24.937,,True,0.0,1737653230.179092,2466c2055d64ad2a_Ch2,2939.3131194114685,False
1737653233.689293,2025-01-23 18:27:13,PREREACTION-BASELINE,FIRESTING-START,96.0,30.265,15.295107,13.503147,6.718329,,27.742,188.511,0.029,990.934,14.266,0.0,1.362668,,,True,0.0,1737653233.308271,2466c2055d64ad2a_Ch1,32.0,41.751,,,,,27.71,359.399,0.104,990.898,14.266,0.0,,24.962,,True,0.0,1737653233.5392842,2466c2055d64ad2a_Ch2,2942.6753118038177,False
1737653236.8924758,2025-01-23 18:27:16,PREREACTION-BASELINE,FIRESTING-START,96.0,30.207,15.364741,13.569993,6.751912,,27.742,188.106,0.105,990.935,14.277,0.0,1.369413,,,True,0.0,1737653236.5134542,2466c2055d64ad2a_Ch1,32.0,41.754,,,,,27.703,359.367,-0.039,990.917,14.266,0.0,,24.947,,True,0.0,1737653236.7444675,2466c2055d64ad2a_Ch2,2945.8784947395325,False
1737653240.145662,2025-01-23 18:27:20,PREREACTION-BASELINE,FIRESTING-START,96.0,30.113,15.505951,13.691455,6.811906,,27.734,187.531,0.0,990.969,14.255,0.0,1.381622,,,True,0.0,1737653239.7656403,2466c2055d64ad2a_Ch1,32.0,41.755,,,,,27.71,359.347,0.212,990.925,14.266,0.0,,24.942,,True,0.0,1737653239.9966533,2466c2055d64ad2a_Ch2,2949.1316809654236,False
1737653243.3238435,2025-01-23 18:27:23,PREREACTION-BASELINE,FIRESTING-START,96.0,30.05,15.598702,13.772262,6.85267,,27.734,187.121,0.02,990.881,14.254,0.0,1.3899,,,True,0.0,1737653242.9438221,2466c2055d64ad2a_Ch1,32.0,41.753,,,,,27.703,359.287,-0.087,990.998,14.254,0.0,,24.952,,True,0.0,1737653243.1748352,2466c2055d64ad2a_Ch2,2952.3098623752594,False
1737653246.4820244,2025-01-23 18:27:26,PREREACTION-BASELINE,FIRESTING-START,96.0,29.981,15.69302,13.85773,6.894807,,27.742,186.69,-0.046,990.954,14.277,0.0,1.398423,,,True,0.0,1737653246.1010025,2466c2055d64ad2a_Ch1,32.0,41.751,,,,,27.703,359.367,-0.095,990.944,14.254,0.0,,24.962,,True,0.0,1737653246.333016,2466c2055d64ad2a_Ch2,2955.4680433273315,False
1737653249.8052144,2025-01-23 18:27:29,PREREACTION-BASELINE,FIRESTING-START,96.0,29.942,15.744357,13.905265,6.918666,,27.75,186.385,-0.149,990.944,14.278,0.0,1.403234,,,True,0.0,1737653249.4251926,2466c2055d64ad2a_Ch1,32.0,41.75,,,,,27.703,359.419,-0.16,990.835,14.254,0.0,,24.967,,True,0.0,1737653249.657206,2466c2055d64ad2a_Ch2,2958.7912333011627,False
1737653253.1324048,2025-01-23 18:27:33,PREREACTION-BASELINE,FIRESTING-START,96.0,29.888,15.820194,13.97335,6.952806,,27.734,186.035,-0.119,990.917,14.266,0.0,1.410143,,,True,0.0,1737653252.752383,2466c2055d64ad2a_Ch1,32.0,41.745,,,,,27.703,359.407,-0.155,990.889,14.266,0.0,,24.992,,True,0.0,1737653252.983396,2466c2055d64ad2a_Ch2,2962.1184237003326,False
1737653256.3065863,2025-01-23 18:27:36,PREREACTION-BASELINE,FIRESTING-START,96.0,29.818,15.909502,14.057792,6.994969,,27.734,185.621,0.181,990.944,14.266,0.0,1.418626,,,True,0.0,1737653255.9275646,2466c2055d64ad2a_Ch1,32.0,41.751,,,,,27.703,359.155,0.177,990.944,14.278,0.0,,24.962,,True,0.0,1737653256.158578,2466c2055d64ad2a_Ch2,2965.292605161667,False
1737653261.7798994,2025-01-23 18:27:41,REACTION,LAMP-ON,96.0,29.718,16.071825,14.194483,7.063105,,27.734,184.942,0.085,990.871,14.266,0.0,1.432525,,,True,0.0,1737653261.3998775,2466c2055d64ad2a_Ch1,32.0,41.748,,,,,27.703,359.403,0.242,990.917,14.266,0.0,,24.977,,True,0.0,1737653261.631891,2466c2055d64ad2a_Ch2,2970.7659182548523,False
1737653265.0450861,2025-01-23 18:27:45,REACTION,LAMP-ON,96.0,29.671,16.133535,14.252367,7.09171,,27.734,184.381,22.073,990.926,14.254,0.0,1.438287,,,True,0.0,1737653264.6640642,2466c2055d64ad2a_Ch1,32.0,41.747,,,,,27.703,359.243,7.432,990.889,14.266,0.0,,24.982,,True,0.0,1737653264.8970776,2466c2055d64ad2a_Ch2,2974.031105041504,True
1737653268.278271,2025-01-23 18:27:48,REACTION,LAMP-ON,96.0,29.58,16.26619,14.370692,7.150247,,27.734,183.982,20.344,990.981,14.265,0.0,1.450148,,,True,0.0,1737653267.8982491,2466c2055d64ad2a_Ch1,32.0,41.743,,,,,27.703,359.106,6.851,990.952,14.266,0.0,,25.002,,True,0.0,1737653268.1292627,2466c2055d64ad2a_Ch2,2977.264289855957,False
1737653271.5084558,2025-01-23 18:27:51,REACTION,LAMP-ON,96.0,29.488,16.393463,14.487717,7.209238,,27.726,183.395,20.675,990.917,14.278,0.0,1.462051,,,True,0.0,1737653271.127434,2466c2055d64ad2a_Ch1,32.0,41.739,,,,,27.695,359.154,5.636,990.935,14.265,0.0,,25.022,,True,0.0,1737653271.3594472,2466c2055d64ad2a_Ch2,2980.4944746494293,False
1737653274.7406409,2025-01-23 18:27:54,REACTION,LAMP-ON,96.0,29.477,16.399475,14.497611,7.214378,,27.726,183.263,23.07,990.926,14.277,0.0,1.463036,,,True,0.0,1737653274.359619,2466c2055d64ad2a_Ch1,32.0,41.738,,,,,27.695,359.318,7.221,990.926,14.254,0.0,,25.027,,True,0.0,1737653274.5916321,2466c2055d64ad2a_Ch2,2983.7266597747803,False
1737653277.981826,2025-01-23 18:27:57,REACTION,LAMP-ON,96.0,29.377,16.547781,14.629876,7.2802,,27.726,182.823,20.722,990.935,14.277,0.0,1.47637,,,True,0.0,1737653277.6008043,2466c2055d64ad2a_Ch1,32.0,41.73,,,,,27.687,359.257,6.676,990.926,14.277,0.0,,25.067,,True,0.0,1737653277.8328173,2466c2055d64ad2a_Ch2,2986.9678449630737,False
1737653281.3780203,2025-01-23 18:28:01,REACTION,LAMP-ON,96.0,29.34,16.582687,14.670005,7.300813,,27.718,182.274,22.834,990.926,14.277,0.0,1.480434,,,True,0.0,1737653280.9969983,2466c2055d64ad2a_Ch1,32.0,41.729,,,,,27.687,359.377,7.63,990.944,14.278,0.0,,25.072,,True,0.0,1737653281.2290118,2466c2055d64ad2a_Ch2,2990.364039182663,False
1737653284.5672028,2025-01-23 18:28:04,REACTION,LAMP-ON,96.0,29.257,16.706524,14.780725,7.356195,,27.718,181.88,20.721,990.899,14.277,0.0,1.491648,,,True,0.0,1737653284.187181,2466c2055d64ad2a_Ch1,32.0,41.728,,,,,27.695,359.141,5.932,990.872,14.277,0.0,,25.077,,True,0.0,1737653284.4181943,2466c2055d64ad2a_Ch2,2993.5532217025757,False
1737653287.7843869,2025-01-23 18:28:07,REACTION,LAMP-ON,96.0,29.187,16.811212,14.874519,7.403157,,27.718,181.365,20.834,990.872,14.277,0.0,1.501154,,,True,0.0,1737653287.4063652,2466c2055d64ad2a_Ch1,32.0,41.728,,,,,27.695,359.097,7.459,990.899,14.265,0.0,,25.077,,True,0.0,1737653287.6383784,2466c2055d64ad2a_Ch2,2996.770405769348,False
1737653291.1245778,2025-01-23 18:28:11,REACTION,LAMP-ON,96.0,29.11,16.930062,14.979676,7.455494,,27.718,180.831,20.068,990.872,14.277,0.0,1.511767,,,True,0.0,1737653290.743556,2466c2055d64ad2a_Ch1,32.0,41.72,,,,,27.687,359.165,6.362,990.954,14.254,0.0,,25.117,,True,0.0,1737653290.9755692,2466c2055d64ad2a_Ch2,3000.1105966567993,False
1737653294.3697634,2025-01-23 18:28:14,REACTION,LAMP-ON,96.0,29.027,17.037254,15.084042,7.507608,,27.718,180.249,21.679,990.926,14.265,0.0,1.522216,,,True,0.0,1737653293.9887416,2466c2055d64ad2a_Ch1,32.0,41.717,,,,,27.687,359.236,7.354,990.845,14.254,0.0,,25.133,,True,0.0,1737653294.2207549,2466c2055d64ad2a_Ch2,3003.3557822704315,False
1737653297.791959,2025-01-23 18:28:17,REACTION,LAMP-ON,96.0,28.948,17.151986,15.189447,7.56095,,27.718,179.778,26.506,990.845,14.265,0.0,1.532979,,,True,0.0,1737653297.4119372,2466c2055d64ad2a_Ch1,32.0,41.719,,,,,27.679,359.124,7.638,990.872,14.265,0.0,,25.122,,True,0.0,1737653297.6429508,2466c2055d64ad2a_Ch2,3006.7779779434204,False
1737653301.0111432,2025-01-23 18:28:21,REACTION,LAMP-ON,96.0,28.889,17.250774,15.274283,7.602585,,27.71,179.412,20.303,990.899,14.265,0.0,1.541457,,,True,0.0,1737653300.6311214,2466c2055d64ad2a_Ch1,32.0,41.714,,,,,27.687,359.252,7.826,990.836,14.265,0.0,,25.148,,True,0.0,1737653300.8621347,2466c2055d64ad2a_Ch2,3009.997162103653,False
1737653304.2603292,2025-01-23 18:28:24,REACTION,LAMP-ON,96.0,28.841,17.312228,15.334981,7.633038,,27.71,178.871,22.497,990.918,14.277,0.0,1.547553,,,True,0.0,1737653303.8803074,2466c2055d64ad2a_Ch1,32.0,41.71,,,,,27.687,359.152,5.93,990.864,14.265,0.0,,25.168,,True,0.0,1737653304.1113205,2466c2055d64ad2a_Ch2,3013.246348142624,False
1737653307.508515,2025-01-23 18:28:27,REACTION,LAMP-ON,96.0,28.777,17.402634,15.419921,7.675838,,27.71,178.549,20.91,990.891,14.265,0.0,1.556167,,,True,0.0,1737653307.1274931,2466c2055d64ad2a_Ch1,32.0,41.712,,,,,27.679,359.132,6.949,990.964,14.277,0.0,,25.158,,True,0.0,1737653307.3595064,2466c2055d64ad2a_Ch2,3016.494533777237,False
1737653310.7136984,2025-01-23 18:28:30,REACTION,LAMP-ON,96.0,28.699,17.532622,15.532652,7.732018,,27.703,178.107,20.864,990.864,14.253,0.0,1.567586,,,True,0.0,1737653310.3336766,2466c2055d64ad2a_Ch1,32.0,41.707,,,,,27.671,359.256,7.359,990.935,14.289,0.0,,25.183,,True,0.0,1737653310.5646896,2466c2055d64ad2a_Ch2,3019.699717283249,False
1737653314.06689,2025-01-23 18:28:34,REACTION,LAMP-ON,96.0,28.644,17.60686,15.604568,7.767838,,27.703,177.721,22.433,990.909,14.277,0.0,1.574773,,,True,0.0,1737653313.6868682,2466c2055d64ad2a_Ch1,32.0,41.709,,,,,27.671,359.232,7.946,990.899,14.265,0.0,,25.173,,True,0.0,1737653313.9178815,2466c2055d64ad2a_Ch2,3023.0529088974,False
1737653317.3430774,2025-01-23 18:28:37,REACTION,LAMP-ON,96.0,28.572,17.7286,15.709988,7.82038,,27.703,177.127,23.431,990.882,14.277,0.0,1.585454,,,True,0.0,1737653316.9630556,2466c2055d64ad2a_Ch1,32.0,41.704,,,,,27.679,359.199,7.65,990.918,14.289,0.0,,25.198,,True,0.0,1737653317.1950688,2466c2055d64ad2a_Ch2,3026.3290963172913,False
1737653320.5212593,2025-01-23 18:28:40,REACTION,LAMP-ON,96.0,28.512,17.811766,15.7899,7.860772,,27.703,176.777,20.558,990.855,14.265,0.0,1.593563,,,True,0.0,1737653320.1402373,2466c2055d64ad2a_Ch1,32.0,41.698,,,,,27.679,359.247,6.193,990.908,14.265,0.0,,25.228,,True,0.0,1737653320.3712506,2466c2055d64ad2a_Ch2,3029.5072782039642,False
1737653323.7404435,2025-01-23 18:28:43,REACTION,LAMP-ON,96.0,28.475,17.854958,15.835665,7.884026,,27.703,176.456,22.089,990.855,14.277,0.0,1.598182,,,True,0.0,1737653323.3614216,2466c2055d64ad2a_Ch1,32.0,41.7,,,,,27.671,359.251,7.236,990.918,14.277,0.0,,25.218,,True,0.0,1737653323.5924346,2466c2055d64ad2a_Ch2,3032.726462364197,False
1737653327.0366318,2025-01-23 18:28:47,REACTION,LAMP-ON,96.0,28.396,17.989842,15.952783,7.942177,,27.71,175.857,20.686,990.855,14.289,0.0,1.610001,,,True,0.0,1737653326.65761,2466c2055d64ad2a_Ch1,32.0,41.7,,,,,27.671,359.255,7.349,990.847,14.265,0.0,,25.218,,True,0.0,1737653326.8896234,2466c2055d64ad2a_Ch2,3036.022650718689,False
1737653330.3548217,2025-01-23 18:28:50,REACTION,LAMP-ON,96.0,28.311,18.129862,16.076948,8.003467,,27.703,175.427,19.302,990.918,14.265,0.0,1.622429,,,True,0.0,1737653329.9737997,2466c2055d64ad2a_Ch1,32.0,41.693,,,,,27.671,359.07,6.304,990.838,14.299,0.0,,25.253,,True,0.0,1737653330.206813,2466c2055d64ad2a_Ch2,3039.340840578079,False
1737653333.6060076,2025-01-23 18:28:53,REACTION,LAMP-ON,96.0,28.28,18.161002,16.11343,8.022405,,27.703,175.142,19.468,990.892,14.265,0.0,1.626154,,,True,0.0,1737653333.2249858,2466c2055d64ad2a_Ch1,32.0,41.691,,,,,27.671,359.078,7.562,990.865,14.265,0.0,,25.263,,True,0.0,1737653333.4569988,2466c2055d64ad2a_Ch2,3042.5920264720917,False
1737653336.814191,2025-01-23 18:28:56,REACTION,LAMP-ON,96.0,28.206,18.278178,16.219946,8.075539,,27.703,174.764,19.394,990.899,14.265,0.0,1.636892,,,True,0.0,1737653336.4351692,2466c2055d64ad2a_Ch1,32.0,41.692,,,,,27.664,359.206,7.376,990.882,14.265,0.0,,25.258,,True,0.0,1737653336.6661828,2466c2055d64ad2a_Ch2,3045.8002099990845,False
1737653340.0133739,2025-01-23 18:29:00,REACTION,LAMP-ON,96.0,28.142,18.388074,16.316185,8.122899,,27.695,174.354,20.843,990.955,14.277,0.0,1.646511,,,True,0.0,1737653339.6333523,2466c2055d64ad2a_Ch1,32.0,41.688,,,,,27.664,359.166,7.155,990.901,14.265,0.0,,25.278,,True,0.0,1737653339.8653655,2466c2055d64ad2a_Ch2,3048.999392747879,False
1737653343.2385585,2025-01-23 18:29:03,REACTION,LAMP-ON,96.0,28.098,18.450288,16.376537,8.153729,,27.695,174.032,18.803,990.901,14.277,0.0,1.652691,,,True,0.0,1737653342.8575368,2466c2055d64ad2a_Ch1,32.0,41.683,,,,,27.664,359.265,6.887,990.855,14.277,0.0,,25.303,,True,0.0,1737653343.08955,2466c2055d64ad2a_Ch2,3052.2245774269104,False
1737653346.5477479,2025-01-23 18:29:06,REACTION,LAMP-ON,96.0,28.051,18.51485,16.440298,8.185884,,27.687,173.643,22.464,990.901,14.289,0.0,1.659126,,,True,0.0,1737653346.167726,2466c2055d64ad2a_Ch1,32.0,41.689,,,,,27.664,359.19,6.148,990.882,14.277,0.0,,25.273,,True,0.0,1737653346.3997395,2466c2055d64ad2a_Ch2,3055.533766746521,False
1737653349.783933,2025-01-23 18:29:09,REACTION,LAMP-ON,96.0,27.981,18.651094,16.553473,8.241355,,27.695,173.177,18.545,990.946,14.277,0.0,1.670471,,,True,0.0,1737653349.403911,2466c2055d64ad2a_Ch1,32.0,41.682,,,,,27.664,359.261,7.605,990.901,14.277,0.0,,25.308,,True,0.0,1737653349.6349242,2466c2055d64ad2a_Ch2,3058.7699518203735,False
1737653353.001117,2025-01-23 18:29:13,REACTION,LAMP-ON,96.0,27.917,18.739448,16.641039,8.286317,,27.695,172.671,18.965,990.855,14.277,0.0,1.679462,,,True,0.0,1737653352.6210952,2466c2055d64ad2a_Ch1,32.0,41.686,,,,,27.664,359.178,6.927,990.856,14.276,0.0,,25.288,,True,0.0,1737653352.8521082,2466c2055d64ad2a_Ch2,3061.987135887146,False
1737653356.2323017,2025-01-23 18:29:16,REACTION,LAMP-ON,96.0,27.856,18.855864,16.739157,8.33405,,27.695,172.293,18.636,990.946,14.277,0.0,1.689209,,,True,0.0,1737653355.8522801,2466c2055d64ad2a_Ch1,32.0,41.675,,,,,27.664,359.249,5.746,990.901,14.277,0.0,,25.343,,True,0.0,1737653356.0842934,2466c2055d64ad2a_Ch2,3065.218320608139,False
1737653359.4744873,2025-01-23 18:29:19,REACTION,LAMP-ON,96.0,27.792,18.933238,16.822364,8.376879,,27.695,171.975,22.108,990.891,14.289,0.0,1.6977,,,True,0.0,1737653359.0944653,2466c2055d64ad2a_Ch1,32.0,41.677,,,,,27.664,359.185,7.545,990.847,14.289,0.0,,25.333,,True,0.0,1737653359.3264785,2466c2055d64ad2a_Ch2,3068.4605062007904,False
1737653362.933685,2025-01-23 18:29:22,REACTION,LAMP-ON,96.0,27.714,19.07435,16.945086,8.438209,,27.687,171.465,18.482,990.847,14.277,0.0,1.710161,,,True,0.0,1737653362.5546634,2466c2055d64ad2a_Ch1,32.0,41.671,,,,,27.664,359.124,5.596,990.937,14.265,0.0,,25.363,,True,0.0,1737653362.7856765,2466c2055d64ad2a_Ch2,3071.9197039604187,False
1737653366.150869,2025-01-23 18:29:26,REACTION,LAMP-ON,96.0,27.675,19.124154,16.99733,8.464424,,27.687,171.108,19.423,990.882,14.277,0.0,1.715373,,,True,0.0,1737653365.7708473,2466c2055d64ad2a_Ch1,32.0,41.669,,,,,27.664,359.128,5.781,990.892,14.265,0.0,,25.374,,True,0.0,1737653366.0018606,2466c2055d64ad2a_Ch2,3075.1368877887726,False
1737653369.3810537,2025-01-23 18:29:29,REACTION,LAMP-ON,96.0,27.596,19.255674,17.117178,8.524686,,27.687,170.71,19.576,990.838,14.289,0.0,1.727545,,,True,0.0,1737653369.0010319,2466c2055d64ad2a_Ch1,32.0,41.663,,,,,27.656,359.112,7.381,990.901,14.277,0.0,,25.404,,True,0.0,1737653369.2320454,2466c2055d64ad2a_Ch2,3078.367072582245,False
1737653372.6162388,2025-01-23 18:29:32,REACTION,LAMP-ON,96.0,27.526,19.360616,17.218562,8.57513,,27.687,170.208,18.806,990.901,14.299,0.0,1.737667,,,True,0.0,1737653372.236217,2466c2055d64ad2a_Ch1,32.0,41.665,,,,,27.656,359.128,6.786,990.946,14.299,0.0,,25.394,,True,0.0,1737653372.4672303,2466c2055d64ad2a_Ch2,3081.6022577285767,False
1737653375.8664246,2025-01-23 18:29:35,REACTION,LAMP-ON,96.0,27.487,19.435704,17.28263,8.60743,,27.687,169.834,22.194,990.838,14.277,0.0,1.744243,,,True,0.0,1737653375.486403,2466c2055d64ad2a_Ch1,32.0,41.665,,,,,27.656,359.108,7.389,990.901,14.289,0.0,,25.394,,True,0.0,1737653375.7184165,2466c2055d64ad2a_Ch2,3084.85244345665,False
1737653379.2216167,2025-01-23 18:29:39,REACTION,LAMP-ON,96.0,27.434,19.529834,17.366334,8.648144,,27.687,169.449,19.743,990.946,14.277,0.0,1.7525,,,True,0.0,1737653378.841595,2466c2055d64ad2a_Ch1,32.0,41.66,,,,,27.656,359.004,7.087,990.865,14.299,0.0,,25.419,,True,0.0,1737653379.072608,2466c2055d64ad2a_Ch2,3088.207635641098,False
1737653382.4538014,2025-01-23 18:29:42,REACTION,LAMP-ON,96.0,27.369,19.630446,17.46264,8.69712,,27.687,168.995,18.252,990.882,14.289,0.0,1.762332,,,True,0.0,1737653382.07278,2466c2055d64ad2a_Ch1,32.0,41.658,,,,,27.656,359.083,7.454,990.892,14.299,0.0,,25.429,,True,0.0,1737653382.3047931,2466c2055d64ad2a_Ch2,3091.439820289612,False
1737653385.6549847,2025-01-23 18:29:45,REACTION,LAMP-ON,96.0,27.308,19.733716,17.557256,8.744328,,27.687,168.585,18.751,990.892,14.289,0.0,1.771863,,,True,0.0,1737653385.2739627,2466c2055d64ad2a_Ch1,32.0,41.657,,,,,27.648,359.167,7.261,990.892,14.289,0.0,,25.434,,True,0.0,1737653385.505976,2466c2055d64ad2a_Ch2,3094.6410036087036,False
1737653388.9121711,2025-01-23 18:29:48,REACTION,LAMP-ON,96.0,27.264,19.809932,17.626446,8.778381,,27.687,168.324,22.673,990.946,14.277,0.0,1.778749,,,True,0.0,1737653388.5321493,2466c2055d64ad2a_Ch1,32.0,41.649,,,,,27.648,359.015,5.545,990.901,14.289,0.0,,25.474,,True,0.0,1737653388.7631624,2466c2055d64ad2a_Ch2,3097.898190021515,False
1737653392.1273549,2025-01-23 18:29:52,REACTION,LAMP-ON,96.0,27.188,19.922636,17.73783,8.834564,,27.679,167.818,19.582,990.946,14.299,0.0,1.789989,,,True,0.0,1737653391.7343323,2466c2055d64ad2a_Ch1,32.0,41.647,,,,,27.648,359.034,7.346,990.901,14.299,0.0,,25.484,,True,0.0,1737653391.9653456,2466c2055d64ad2a_Ch2,3101.1133737564087,False
1737653395.419543,2025-01-23 18:29:55,REACTION,LAMP-ON,96.0,27.143,19.99829,17.80797,8.869845,,27.679,167.476,19.999,990.928,14.299,0.0,1.7971,,,True,0.0,1737653395.0395212,2466c2055d64ad2a_Ch1,32.0,41.641,,,,,27.656,359.182,7.198,990.892,14.289,0.0,,25.514,,True,0.0,1737653395.2705348,2466c2055d64ad2a_Ch2,3104.4055619239807,False
1737653398.7387328,2025-01-23 18:29:58,REACTION,LAMP-ON,96.0,27.085,20.08544,17.893968,8.913471,,27.679,167.083,17.57,990.901,14.277,0.0,1.805828,,,True,0.0,1737653398.3597112,2466c2055d64ad2a_Ch1,32.0,41.641,,,,,27.648,359.118,5.719,990.892,14.289,0.0,,25.514,,True,0.0,1737653398.5917246,2466c2055d64ad2a_Ch2,3107.7247517108917,False
1737653401.975918,2025-01-23 18:30:01,REACTION,LAMP-ON,96.0,27.026,20.193848,17.99055,8.961917,,27.679,166.589,19.711,990.865,14.299,0.0,1.81564,,,True,0.0,1737653401.5958962,2466c2055d64ad2a_Ch1,32.0,41.64,,,,,27.656,359.138,7.866,990.884,14.276,0.0,,25.519,,True,0.0,1737653401.8269098,2466c2055d64ad2a_Ch2,3110.9619369506836,False
1737653405.210103,2025-01-23 18:30:05,REACTION,LAMP-ON,96.0,26.914,20.39809,18.173926,9.052591,,27.687,166.118,18.965,990.946,14.289,0.0,1.833997,,,True,0.0,1737653404.8300812,2466c2055d64ad2a_Ch1,32.0,41.639,,,,,27.656,358.918,6.99,990.892,14.311,0.0,,25.524,,True,0.0,1737653405.0620947,2466c2055d64ad2a_Ch2,3114.196121931076,False
1737653408.4122863,2025-01-23 18:30:08,REACTION,LAMP-ON,96.0,26.882,20.454544,18.225648,9.078959,,27.679,165.733,18.453,990.892,14.289,0.0,1.839317,,,True,0.0,1737653408.0312645,2466c2055d64ad2a_Ch1,32.0,41.64,,,,,27.648,359.018,7.341,990.865,14.299,0.0,,25.519,,True,0.0,1737653408.2632778,2466c2055d64ad2a_Ch2,3117.3983051776886,False
1737653411.7544773,2025-01-23 18:30:11,REACTION,LAMP-ON,96.0,26.833,20.549456,18.308788,9.120881,,27.679,165.316,21.197,990.829,14.299,0.0,1.847825,,,True,0.0,1737653411.3734555,2466c2055d64ad2a_Ch1,32.0,41.636,,,,,27.648,359.01,7.793,990.847,14.289,0.0,,25.54,,True,0.0,1737653411.605469,2466c2055d64ad2a_Ch2,3120.7404961586,False
1737653414.9746616,2025-01-23 18:30:14,REACTION,LAMP-ON,96.0,26.779,20.637428,18.393202,9.163323,,27.679,164.958,17.683,990.829,14.288,0.0,1.856344,,,True,0.0,1737653414.5956397,2466c2055d64ad2a_Ch1,32.0,41.636,,,,,27.648,358.894,7.175,990.838,14.289,0.0,,25.54,,True,0.0,1737653414.8276532,2466c2055d64ad2a_Ch2,3123.9606804847717,False
1737653418.2198472,2025-01-23 18:30:18,REACTION,LAMP-ON,96.0,26.722,20.745118,18.48918,9.210369,,27.671,164.584,19.934,990.909,14.289,0.0,1.86588,,,True,0.0,1737653417.8398254,2466c2055d64ad2a_Ch1,32.0,41.633,,,,,27.648,359.009,7.218,990.884,14.276,0.0,,25.555,,True,0.0,1737653418.0718386,2466c2055d64ad2a_Ch2,3127.205866098404,False
1737653421.4310308,2025-01-23 18:30:21,REACTION,LAMP-ON,96.0,26.661,20.851214,18.588092,9.260088,,27.671,164.191,22.894,990.892,14.299,0.0,1.875894,,,True,0.0,1737653421.051009,2466c2055d64ad2a_Ch1,32.0,41.633,,,,,27.648,358.909,7.118,990.847,14.299,0.0,,25.555,,True,0.0,1737653421.2830224,2466c2055d64ad2a_Ch2,3130.4170496463776,False
1737653424.6452148,2025-01-23 18:30:24,REACTION,LAMP-ON,96.0,26.613,20.942838,18.669774,9.301042,,27.679,163.833,21.079,990.865,14.299,0.0,1.884189,,,True,0.0,1737653424.265193,2466c2055d64ad2a_Ch1,32.0,41.631,,,,,27.648,358.949,7.899,990.928,14.289,0.0,,25.565,,True,0.0,1737653424.4972062,2466c2055d64ad2a_Ch2,3133.631233692169,False
1737653427.9104016,2025-01-23 18:30:27,REACTION,LAMP-ON,96.0,26.544,21.068686,18.784894,9.358153,,27.679,163.455,18.851,990.909,14.277,0.0,1.895723,,,True,0.0,1737653427.5303798,2466c2055d64ad2a_Ch1,32.0,41.626,,,,,27.648,358.965,7.037,990.964,14.3,0.0,,25.59,,True,0.0,1737653427.762393,2466c2055d64ad2a_Ch2,3136.896420478821,False
1737653431.1595874,2025-01-23 18:30:31,REACTION,LAMP-ON,96.0,26.487,21.162184,18.875622,9.40373,,27.679,163.11,17.34,990.919,14.289,0.0,1.90486,,,True,0.0,1737653430.7805655,2466c2055d64ad2a_Ch1,32.0,41.624,,,,,27.64,358.933,7.359,990.884,14.288,0.0,,25.6,,True,0.0,1737653431.0115788,2466c2055d64ad2a_Ch2,3140.145606279373,False
1737653434.5417807,2025-01-23 18:30:34,REACTION,LAMP-ON,96.0,26.435,21.25637,18.962592,9.446983,,27.671,162.736,17.968,990.946,14.299,0.0,1.913584,,,True,0.0,1737653434.162759,2466c2055d64ad2a_Ch1,32.0,41.619,,,,,27.648,358.744,5.565,990.856,14.299,0.0,,25.625,,True,0.0,1737653434.3937724,2466c2055d64ad2a_Ch2,3143.5277996063232,False
1737653437.7509642,2025-01-23 18:30:37,REACTION,LAMP-ON,96.0,26.407,21.294228,19.00377,9.468781,,27.679,162.392,17.639,990.865,14.289,0.0,1.917897,,,True,0.0,1737653437.3709428,2466c2055d64ad2a_Ch1,32.0,41.619,,,,,27.64,358.78,6.455,990.855,14.289,0.0,,25.625,,True,0.0,1737653437.603956,2466c2055d64ad2a_Ch2,3146.736983060837,False
1737653441.0891554,2025-01-23 18:30:41,REACTION,LAMP-ON,96.0,26.32,21.464334,19.15558,9.544511,,27.679,161.985,17.291,990.856,14.288,0.0,1.933235,,,True,0.0,1737653440.7091336,2466c2055d64ad2a_Ch1,32.0,41.615,,,,,27.64,358.776,6.352,990.946,14.289,0.0,,25.645,,True,0.0,1737653440.9411469,2466c2055d64ad2a_Ch2,3150.075174331665,False
1737653444.302339,2025-01-23 18:30:44,REACTION,LAMP-ON,96.0,26.293,21.503986,19.196952,9.565064,,27.679,161.688,17.513,990.901,14.289,0.0,1.937323,,,True,0.0,1737653443.9233174,2466c2055d64ad2a_Ch1,32.0,41.615,,,,,27.648,358.772,5.894,990.855,14.289,0.0,,25.645,,True,0.0,1737653444.1553307,2466c2055d64ad2a_Ch2,3153.2883579730988,False
1737653447.5865269,2025-01-23 18:30:47,REACTION,LAMP-ON,96.0,26.219,21.650096,19.327386,9.630054,,27.679,161.314,17.727,990.901,14.289,0.0,1.950486,,,True,0.0,1737653447.2065053,2466c2055d64ad2a_Ch1,32.0,41.612,,,,,27.64,358.671,6.033,990.946,14.289,0.0,,25.66,,True,0.0,1737653447.4385183,2466c2055d64ad2a_Ch2,3156.5725457668304,False
1737653450.8367126,2025-01-23 18:30:50,REACTION,LAMP-ON,96.0,26.171,21.735266,19.407954,9.670039,,27.671,161.013,18.221,990.946,14.299,0.0,1.958527,,,True,0.0,1737653450.456691,2466c2055d64ad2a_Ch1,32.0,41.616,,,,,27.648,358.696,7.788,990.909,14.289,0.0,,25.64,,True,0.0,1737653450.6887043,2466c2055d64ad2a_Ch2,3159.8227314949036,False
1737653454.0628974,2025-01-23 18:30:54,REACTION,LAMP-ON,96.0,26.117,21.856616,19.51023,9.720603,,27.679,160.608,17.128,990.946,14.289,0.0,1.968849,,,True,0.0,1737653453.6828756,2466c2055d64ad2a_Ch1,32.0,41.611,,,,,27.648,358.835,6.412,990.901,14.299,0.0,,25.665,,True,0.0,1737653453.9138887,2466c2055d64ad2a_Ch2,3163.0489163398743,False
1737653457.4230895,2025-01-23 18:30:57,REACTION,LAMP-ON,96.0,26.06,21.953908,19.604712,9.768622,,27.671,160.182,17.786,990.902,14.311,0.0,1.978471,,,True,0.0,1737653457.043068,2466c2055d64ad2a_Ch1,32.0,41.606,,,,,27.648,358.691,6.118,990.892,14.299,0.0,,25.691,,True,0.0,1737653457.274081,2466c2055d64ad2a_Ch2,3166.409108400345,False
1737653460.6922765,2025-01-23 18:31:00,REACTION,LAMP-ON,96.0,26.003,22.050992,19.69938,9.816222,,27.671,159.732,18.662,990.911,14.276,0.0,1.988007,,,True,0.0,1737653460.3112547,2466c2055d64ad2a_Ch1,32.0,41.601,,,,,27.648,358.683,7.135,990.946,14.277,0.0,,25.716,,True,0.0,1737653460.5432682,2466c2055d64ad2a_Ch2,3169.6782953739166,False
1737653463.9624634,2025-01-23 18:31:03,REACTION,LAMP-ON,96.0,25.943,22.155342,19.800306,9.866667,,27.679,159.423,18.967,990.945,14.289,0.0,1.998123,,,True,0.0,1737653463.583442,2466c2055d64ad2a_Ch1,32.0,41.601,,,,,27.648,358.719,7.565,990.901,14.289,0.0,,25.716,,True,0.0,1737653463.815455,2466c2055d64ad2a_Ch2,3172.948482275009,False
1737653467.1896482,2025-01-23 18:31:07,REACTION,LAMP-ON,96.0,25.875,22.293916,19.92415,9.92837,,27.679,158.925,16.963,990.946,14.289,0.0,2.010619,,,True,0.0,1737653466.8096263,2466c2055d64ad2a_Ch1,32.0,41.599,,,,,27.64,358.63,6.414,990.892,14.299,0.0,,25.726,,True,0.0,1737653467.0406394,2466c2055d64ad2a_Ch2,3176.1756670475006,False
1737653470.529839,2025-01-23 18:31:10,REACTION,LAMP-ON,96.0,25.844,22.35044,19.977776,9.956241,,27.679,158.564,17.712,990.855,14.3,0.0,2.016216,,,True,0.0,1737653470.1498172,2466c2055d64ad2a_Ch1,32.0,41.596,,,,,27.648,358.622,7.713,990.882,14.3,0.0,,25.741,,True,0.0,1737653470.3818307,2466c2055d64ad2a_Ch2,3179.515857934952,False
1737653473.9120326,2025-01-23 18:31:13,REACTION,LAMP-ON,96.0,25.784,22.463338,20.083372,10.00861,,27.679,158.338,16.859,990.909,14.289,0.0,2.026762,,,True,0.0,1737653473.5250103,2466c2055d64ad2a_Ch1,32.0,41.593,,,,,27.648,358.67,6.181,990.901,14.299,0.0,,25.756,,True,0.0,1737653473.763024,2466c2055d64ad2a_Ch2,3182.8980515003204,False
1737653477.1572182,2025-01-23 18:31:17,REACTION,LAMP-ON,96.0,25.741,22.541658,20.158096,10.046618,,27.679,158.017,18.14,990.865,14.289,0.0,2.034393,,,True,0.0,1737653476.7761962,2466c2055d64ad2a_Ch1,32.0,41.59,,,,,27.648,358.542,7.391,990.909,14.3,0.0,,25.771,,True,0.0,1737653477.0082097,2466c2055d64ad2a_Ch2,3186.1432371139526,False
1737653480.3744023,2025-01-23 18:31:20,REACTION,LAMP-ON,96.0,25.694,22.628596,20.240554,10.086983,,27.679,157.648,18.79,990.964,14.3,0.0,2.042511,,,True,0.0,1737653479.9943805,2466c2055d64ad2a_Ch1,32.0,41.591,,,,,27.648,358.546,7.547,990.937,14.289,0.0,,25.766,,True,0.0,1737653480.226394,2466c2055d64ad2a_Ch2,3189.360421180725,False
1737653483.6205878,2025-01-23 18:31:23,REACTION,LAMP-ON,96.0,25.611,22.805308,20.397034,10.165529,,27.679,157.186,18.0,990.901,14.289,0.0,2.058433,,,True,0.0,1737653483.2385662,2466c2055d64ad2a_Ch1,32.0,41.585,,,,,27.64,358.409,5.319,990.909,14.289,0.0,,25.796,,True,0.0,1737653483.4705791,2466c2055d64ad2a_Ch2,3192.606606721878,False
1737653486.855773,2025-01-23 18:31:26,REACTION,LAMP-ON,96.0,25.604,22.79874,20.40067,10.167882,,27.679,156.961,18.381,990.909,14.3,0.0,2.058783,,,True,0.0,1737653486.4757512,2466c2055d64ad2a_Ch1,32.0,41.593,,,,,27.64,358.522,7.502,990.937,14.289,0.0,,25.756,,True,0.0,1737653486.7077644,2466c2055d64ad2a_Ch2,3195.84179186821,False
1737653490.1899638,2025-01-23 18:31:30,REACTION,LAMP-ON,96.0,25.54,22.961724,20.533742,10.23278,,27.679,156.624,18.815,990.964,14.289,0.0,2.072097,,,True,0.0,1737653489.810942,2466c2055d64ad2a_Ch1,32.0,41.588,,,,,27.648,358.618,6.618,990.945,14.277,0.0,,25.781,,True,0.0,1737653490.0419552,2466c2055d64ad2a_Ch2,3199.1759827136993,False
1737653493.4221487,2025-01-23 18:31:33,REACTION,LAMP-ON,96.0,25.473,23.085708,20.65264,10.293257,,27.687,156.186,17.302,990.899,14.289,0.0,2.084232,,,True,0.0,1737653493.0431268,2466c2055d64ad2a_Ch1,32.0,41.588,,,,,27.64,358.317,7.685,990.891,14.3,0.0,,25.781,,True,0.0,1737653493.27514,2466c2055d64ad2a_Ch2,3202.4081676006317,False
1737653496.683335,2025-01-23 18:31:36,REACTION,LAMP-ON,96.0,25.445,23.145238,20.705896,10.319014,,27.679,155.809,18.365,990.972,14.3,0.0,2.089453,,,True,0.0,1737653496.3033135,2466c2055d64ad2a_Ch1,32.0,41.582,,,,,27.64,358.385,7.776,990.972,14.289,0.0,,25.812,,True,0.0,1737653496.5343266,2466c2055d64ad2a_Ch2,3205.6693539619446,False
1737653499.9305208,2025-01-23 18:31:39,REACTION,LAMP-ON,96.0,25.386,23.248886,20.808632,10.370872,,27.679,155.476,16.45,990.972,14.3,0.0,2.09982,,,True,0.0,1737653499.551499,2466c2055d64ad2a_Ch1,32.0,41.583,,,,,27.648,358.505,6.914,990.954,14.3,0.0,,25.807,,True,0.0,1737653499.7825124,2466c2055d64ad2a_Ch2,3208.916539669037,False
1737653503.1537051,2025-01-23 18:31:43,REACTION,LAMP-ON,96.0,25.31,23.415758,20.956364,10.444983,,27.679,155.081,16.702,990.918,14.289,0.0,2.114843,,,True,0.0,1737653502.7746835,2466c2055d64ad2a_Ch1,32.0,41.572,,,,,27.648,358.432,5.824,990.989,14.289,0.0,,25.862,,True,0.0,1737653503.0056968,2466c2055d64ad2a_Ch2,3212.1397240161896,False
1737653506.6359043,2025-01-23 18:31:46,REACTION,LAMP-ON,96.0,25.265,23.473016,21.025544,10.479663,,27.679,154.62,17.25,991.008,14.3,0.0,2.121632,,,True,0.0,1737653506.2558825,2466c2055d64ad2a_Ch1,32.0,41.571,,,,,27.648,358.432,7.341,990.891,14.289,0.0,,25.867,,True,0.0,1737653506.4868958,2466c2055d64ad2a_Ch2,3215.6219232082367,False
1737653509.9030912,2025-01-23 18:31:49,REACTION,LAMP-ON,96.0,25.206,23.59735,21.13855,10.536494,,27.679,154.211,19.392,990.972,14.3,0.0,2.133112,,,True,0.0,1737653509.5230694,2466c2055d64ad2a_Ch1,32.0,41.574,,,,,27.64,358.352,7.643,990.935,14.3,0.0,,25.852,,True,0.0,1737653509.7550828,2466c2055d64ad2a_Ch2,3218.8891100883484,False
1737653513.152277,2025-01-23 18:31:53,REACTION,LAMP-ON,96.0,25.152,23.72614,21.248978,10.591718,,27.687,153.865,16.3,990.926,14.289,0.0,2.144355,,,True,0.0,1737653512.7722552,2466c2055d64ad2a_Ch1,32.0,41.568,,,,,27.648,358.236,6.221,990.926,14.289,0.0,,25.882,,True,0.0,1737653513.0042686,2466c2055d64ad2a_Ch2,3222.1382958889008,False
1737653516.3574605,2025-01-23 18:31:56,REACTION,LAMP-ON,96.0,25.131,23.750084,21.280322,10.607388,,27.671,153.709,16.983,990.981,14.289,0.0,2.147399,,,True,0.0,1737653515.9784386,2466c2055d64ad2a_Ch1,32.0,41.567,,,,,27.648,358.24,5.568,990.954,14.289,0.0,,25.887,,True,0.0,1737653516.2094517,2466c2055d64ad2a_Ch2,3225.3434793949127,False
1737653519.5756445,2025-01-23 18:31:59,REACTION,LAMP-ON,96.0,25.075,23.869426,21.38891,10.662237,,27.687,153.407,17.708,990.926,14.289,0.0,2.158477,,,True,0.0,1737653519.1956227,2466c2055d64ad2a_Ch1,32.0,41.556,,,,,27.648,358.215,6.12,990.989,14.3,0.0,,25.943,,True,0.0,1737653519.4266357,2466c2055d64ad2a_Ch2,3228.561663389206,False
1737653522.9078348,2025-01-23 18:32:02,REACTION,LAMP-ON,96.0,25.015,23.960534,21.489178,10.71346,,27.687,152.894,16.815,990.926,14.3,0.0,2.168595,,,True,0.0,1737653522.5268133,2466c2055d64ad2a_Ch1,32.0,41.559,,,,,27.648,358.255,6.226,990.989,14.3,0.0,,25.928,,True,0.0,1737653522.7598264,2466c2055d64ad2a_Ch2,3231.893853664398,False
1737653526.179022,2025-01-23 18:32:06,REACTION,LAMP-ON,96.0,24.949,24.118226,21.625584,10.781029,,27.687,152.496,17.432,990.935,14.3,0.0,2.182341,,,True,0.0,1737653525.7990003,2466c2055d64ad2a_Ch1,32.0,41.557,,,,,27.648,358.311,7.351,990.981,14.265,0.0,,25.938,,True,0.0,1737653526.0310137,2466c2055d64ad2a_Ch2,3235.1650409698486,False
1737653529.4512093,2025-01-23 18:32:09,REACTION,LAMP-ON,96.0,24.911,24.195604,21.698324,10.817301,,27.687,152.163,18.458,990.954,14.289,0.0,2.18964,,,True,0.0,1737653529.0701876,2466c2055d64ad2a_Ch1,32.0,41.555,,,,,27.648,358.311,7.617,990.935,14.289,0.0,,25.948,,True,0.0,1737653529.3022008,2466c2055d64ad2a_Ch2,3238.43722820282,False
1737653532.7093956,2025-01-23 18:32:12,REACTION,LAMP-ON,96.0,24.87,24.280002,21.77738,10.857154,,27.695,151.826,20.79,990.935,14.312,0.0,2.197659,,,True,0.0,1737653532.3293738,2466c2055d64ad2a_Ch1,32.0,41.557,,,,,27.656,358.319,6.972,990.935,14.289,0.0,,25.938,,True,0.0,1737653532.5603871,2466c2055d64ad2a_Ch2,3241.695414543152,False
1737653535.9575813,2025-01-23 18:32:15,REACTION,LAMP-ON,96.0,24.794,24.45885,21.934398,10.93449,,27.687,151.5,17.142,990.998,14.289,0.0,2.213364,,,True,0.0,1737653535.5765595,2466c2055d64ad2a_Ch1,32.0,41.55,,,,,27.656,358.374,6.364,990.998,14.278,0.0,,25.973,,True,0.0,1737653535.808573,2466c2055d64ad2a_Ch2,3244.943600177765,False
1737653539.3987782,2025-01-23 18:32:19,REACTION,LAMP-ON,96.0,24.774,24.477732,21.963226,10.950901,,27.687,151.339,16.266,990.889,14.3,0.0,2.216517,,,True,0.0,1737653539.0187566,2466c2055d64ad2a_Ch1,32.0,41.545,,,,,27.656,358.15,5.52,990.952,14.29,0.0,,25.998,,True,0.0,1737653539.2507699,2466c2055d64ad2a_Ch2,3248.3847970962524,False
1737653542.7479699,2025-01-23 18:32:22,REACTION,LAMP-ON,96.0,24.714,24.59514,22.077108,11.007413,,27.695,150.922,16.137,990.962,14.3,0.0,2.227846,,,True,0.0,1737653542.3689482,2466c2055d64ad2a_Ch1,32.0,41.545,,,,,27.656,358.282,6.151,990.979,14.29,0.0,,25.998,,True,0.0,1737653542.6009612,2466c2055d64ad2a_Ch2,3251.733988761902,False
1737653545.986155,2025-01-23 18:32:25,REACTION,LAMP-ON,96.0,24.681,24.670454,22.144706,11.040921,,27.695,150.573,17.593,990.979,14.29,0.0,2.234629,,,True,0.0,1737653545.6071332,2466c2055d64ad2a_Ch1,32.0,41.543,,,,,27.656,358.198,7.384,990.917,14.289,0.0,,26.008,,True,0.0,1737653545.8381464,2466c2055d64ad2a_Ch2,3254.9721739292145,False
1737653549.239341,2025-01-23 18:32:29,REACTION,LAMP-ON,96.0,24.616,24.811896,22.27511,11.106169,,27.687,150.147,15.899,990.979,14.29,0.0,2.247788,,,True,0.0,1737653548.8593192,2466c2055d64ad2a_Ch1,32.0,41.537,,,,,27.656,358.101,5.99,990.944,14.278,0.0,,26.039,,True,0.0,1737653549.0913327,2466c2055d64ad2a_Ch2,3258.225359916687,False
1737653552.5005276,2025-01-23 18:32:32,REACTION,LAMP-ON,96.0,24.553,24.933498,22.395004,11.166876,,27.695,149.781,17.748,990.961,14.29,0.0,2.259928,,,True,0.0,1737653552.1215057,2466c2055d64ad2a_Ch1,32.0,41.542,,,,,27.664,358.11,7.507,990.952,14.301,0.0,,26.013,,True,0.0,1737653552.3535192,2466c2055d64ad2a_Ch2,3261.4865465164185,False
1737653555.8427186,2025-01-23 18:32:35,REACTION,LAMP-ON,96.0,24.506,25.06252,22.50185,11.219969,,27.703,149.48,17.853,990.925,14.301,0.0,2.270792,,,True,0.0,1737653555.4636972,2466c2055d64ad2a_Ch1,32.0,41.542,,,,,27.664,358.014,7.429,990.961,14.301,0.0,,26.013,,True,0.0,1737653555.6957104,2466c2055d64ad2a_Ch2,3264.8287374973297,False
1737653559.096905,2025-01-23 18:32:39,REACTION,LAMP-ON,96.0,24.444,25.207234,22.631778,11.284755,,27.695,149.039,15.955,990.925,14.301,0.0,2.283904,,,True,0.0,1737653558.715883,2466c2055d64ad2a_Ch1,32.0,41.538,,,,,27.656,358.069,5.377,990.917,14.289,0.0,,26.034,,True,0.0,1737653558.9478962,2466c2055d64ad2a_Ch2,3268.08292388916,False
1737653562.3070884,2025-01-23 18:32:42,REACTION,LAMP-ON,96.0,24.386,25.327094,22.746768,11.342159,,27.703,148.749,17.985,990.961,14.301,0.0,2.295425,,,True,0.0,1737653561.9270668,2466c2055d64ad2a_Ch1,32.0,41.529,,,,,27.664,358.029,5.688,990.961,14.324,0.0,,26.079,,True,0.0,1737653562.15808,2466c2055d64ad2a_Ch2,3271.2931072711945,False
1737653565.5592744,2025-01-23 18:32:45,REACTION,LAMP-ON,96.0,24.359,25.35566,22.788252,11.363706,,27.703,148.408,16.349,990.978,14.29,0.0,2.299571,,,True,0.0,1737653565.1792526,2466c2055d64ad2a_Ch1,32.0,41.532,,,,,27.671,358.037,6.939,990.942,14.29,0.0,,26.064,,True,0.0,1737653565.411266,2466c2055d64ad2a_Ch2,3274.5452933311462,False
1737653568.823461,2025-01-23 18:32:48,REACTION,LAMP-ON,96.0,24.312,25.478476,22.893334,11.415631,,27.703,148.087,15.304,990.988,14.301,0.0,2.310152,,,True,0.0,1737653568.4424393,2466c2055d64ad2a_Ch1,32.0,41.529,,,,,27.671,357.997,6.952,990.988,14.301,0.0,,26.079,,True,0.0,1737653568.675453,2466c2055d64ad2a_Ch2,3277.8094799518585,False
1737653572.1036491,2025-01-23 18:32:52,REACTION,LAMP-ON,96.0,24.28,25.542688,22.956342,11.447636,,27.703,147.758,17.998,990.969,14.29,0.0,2.316555,,,True,0.0,1737653571.7226272,2466c2055d64ad2a_Ch1,32.0,41.533,,,,,27.664,357.925,7.474,990.915,14.29,0.0,,26.059,,True,0.0,1737653571.9546404,2466c2055d64ad2a_Ch2,3281.089668035507,False
1737653575.3668354,2025-01-23 18:32:55,REACTION,LAMP-ON,96.0,24.237,25.66089,23.055458,11.496582,,27.703,147.393,18.535,990.969,14.301,0.0,2.326557,,,True,0.0,1737653574.987814,2466c2055d64ad2a_Ch1,32.0,41.528,,,,,27.664,357.797,6.851,990.969,14.278,0.0,,26.084,,True,0.0,1737653575.218827,2466c2055d64ad2a_Ch2,3284.3528542518616,False
1737653578.7150269,2025-01-23 18:32:58,REACTION,LAMP-ON,96.0,24.171,25.799326,23.188786,11.563788,,27.703,147.032,17.703,990.959,14.278,0.0,2.340034,,,True,0.0,1737653578.3340054,2466c2055d64ad2a_Ch1,32.0,41.527,,,,,27.664,357.848,6.784,990.951,14.29,0.0,,26.089,,True,0.0,1737653578.5670185,2466c2055d64ad2a_Ch2,3287.7010457515717,False
1737653581.9692132,2025-01-23 18:33:01,REACTION,LAMP-ON,96.0,24.115,25.930388,23.308382,11.623221,,27.71,146.754,16.06,990.986,14.301,0.0,2.352039,,,True,0.0,1737653581.5901916,2466c2055d64ad2a_Ch1,32.0,41.527,,,,,27.671,357.868,6.934,990.978,14.29,0.0,,26.089,,True,0.0,1737653581.8222046,2466c2055d64ad2a_Ch2,3290.955232143402,False
1737653585.3494065,2025-01-23 18:33:05,REACTION,LAMP-ON,96.0,24.075,26.027314,23.395506,11.667558,,27.71,146.473,15.957,990.913,14.29,0.0,2.361005,,,True,0.0,1737653584.9693847,2466c2055d64ad2a_Ch1,32.0,41.522,,,,,27.671,358.036,6.281,990.941,14.29,0.0,,26.115,,True,0.0,1737653585.2003977,2466c2055d64ad2a_Ch2,3294.335425376892,False
1737653588.6165934,2025-01-23 18:33:08,REACTION,LAMP-ON,96.0,24.015,26.152618,23.517568,11.728271,,27.71,146.12,15.97,990.978,14.29,0.0,2.373167,,,True,0.0,1737653588.2355714,2466c2055d64ad2a_Ch1,32.0,41.518,,,,,27.671,357.74,6.218,990.941,14.278,0.0,,26.135,,True,0.0,1737653588.4675848,2466c2055d64ad2a_Ch2,3297.602612257004,False
1737653591.8407776,2025-01-23 18:33:11,REACTION,LAMP-ON,96.0,24.01,26.14879,23.521378,11.731225,,27.71,145.799,18.968,990.932,14.278,0.0,2.373662,,,True,0.0,1737653591.460756,2466c2055d64ad2a_Ch1,32.0,41.518,,,,,27.671,357.8,7.022,990.995,14.278,0.0,,26.135,,True,0.0,1737653591.6937692,2466c2055d64ad2a_Ch2,3300.8267965316772,False
1737653595.0639622,2025-01-23 18:33:15,REACTION,LAMP-ON,96.0,23.953,26.288398,23.646958,11.793082,,27.71,145.594,21.771,990.995,14.278,0.0,2.386183,,,True,0.0,1737653594.6839404,2466c2055d64ad2a_Ch1,32.0,41.517,,,,,27.679,357.836,7.552,990.959,14.301,0.0,,26.14,,True,0.0,1737653594.9149537,2466c2055d64ad2a_Ch2,3304.0499811172485,False
1737653598.3141482,2025-01-23 18:33:18,REACTION,LAMP-ON,96.0,23.905,26.402558,23.751474,11.845999,,27.71,145.261,15.768,990.941,14.29,0.0,2.39686,,,True,0.0,1737653597.9341264,2466c2055d64ad2a_Ch1,32.0,41.514,,,,,27.671,357.771,5.533,990.986,14.29,0.0,,26.155,,True,0.0,1737653598.1661394,2466c2055d64ad2a_Ch2,3307.3001670837402,False
1737653601.719343,2025-01-23 18:33:21,REACTION,LAMP-ON,96.0,23.857,26.509184,23.852906,11.896289,,27.71,145.008,16.146,990.995,14.29,0.0,2.406965,,,True,0.0,1737653601.340321,2466c2055d64ad2a_Ch1,32.0,41.514,,,,,27.671,357.551,7.399,990.968,14.301,0.0,,26.155,,True,0.0,1737653601.5723343,2466c2055d64ad2a_Ch2,3310.705361843109,False
1737653604.956528,2025-01-23 18:33:24,REACTION,LAMP-ON,96.0,23.814,26.616086,23.949096,11.945286,,27.726,144.582,15.74,990.913,14.29,0.0,2.416871,,,True,0.0,1737653604.5755062,2466c2055d64ad2a_Ch1,32.0,41.511,,,,,27.679,357.675,6.306,991.003,14.291,0.0,,26.17,,True,0.0,1737653604.8085194,2466c2055d64ad2a_Ch2,3313.9425468444824,False
1737653608.2237148,2025-01-23 18:33:28,REACTION,LAMP-ON,96.0,23.738,26.793912,24.114676,12.027685,,27.726,144.205,15.506,990.958,14.301,0.0,2.433471,,,True,0.0,1737653607.843693,2466c2055d64ad2a_Ch1,32.0,41.509,,,,,27.679,357.515,6.54,990.968,14.29,0.0,,26.18,,True,0.0,1737653608.074706,2466c2055d64ad2a_Ch2,3317.209733724594,False
1737653611.5469048,2025-01-23 18:33:31,REACTION,LAMP-ON,96.0,23.7,26.881296,24.197048,12.069137,,27.718,143.912,15.528,990.949,14.291,0.0,2.441805,,,True,0.0,1737653611.165883,2466c2055d64ad2a_Ch1,32.0,41.507,,,,,27.687,357.643,6.701,990.958,14.267,0.0,,26.19,,True,0.0,1737653611.3978965,2466c2055d64ad2a_Ch2,3320.5329236984253,False
1737653614.9350986,2025-01-23 18:33:34,REACTION,LAMP-ON,96.0,23.659,26.976618,24.286586,12.113937,,27.726,143.643,15.269,990.958,14.301,0.0,2.450819,,,True,0.0,1737653614.556077,2466c2055d64ad2a_Ch1,32.0,41.509,,,,,27.687,357.675,5.691,990.985,14.279,0.0,,26.18,,True,0.0,1737653614.78709,2466c2055d64ad2a_Ch2,3323.921117544174,False
1737653618.3282928,2025-01-23 18:33:38,REACTION,LAMP-ON,96.0,23.636,27.04316,24.342746,12.141124,,27.718,143.346,21.49,991.003,14.279,0.0,2.456374,,,True,0.0,1737653617.948271,2466c2055d64ad2a_Ch1,32.0,41.506,,,,,27.679,357.535,8.195,991.003,14.267,0.0,,26.195,,True,0.0,1737653618.1792843,2466c2055d64ad2a_Ch2,3327.3143117427826,False
1737653621.618481,2025-01-23 18:33:41,REACTION,LAMP-ON,96.0,23.565,27.211558,24.499982,12.219472,,27.726,142.94,17.672,991.039,14.291,0.0,2.472151,,,True,0.0,1737653621.238459,2466c2055d64ad2a_Ch1,32.0,41.506,,,,,27.687,357.511,7.982,990.993,14.291,0.0,,26.195,,True,0.0,1737653621.4704723,2466c2055d64ad2a_Ch2,3330.6044998168945,False
1737653624.854666,2025-01-23 18:33:44,REACTION,LAMP-ON,96.0,23.494,27.393732,24.664006,12.302911,,27.726,142.498,14.924,990.912,14.279,0.0,2.48902,,,True,0.0,1737653624.4756444,2466c2055d64ad2a_Ch1,32.0,41.497,,,,,27.687,357.47,6.485,990.975,14.267,0.0,,26.241,,True,0.0,1737653624.7066576,2466c2055d64ad2a_Ch2,3333.840684890747,False
1737653628.1318536,2025-01-23 18:33:48,REACTION,LAMP-ON,96.0,23.452,27.463564,24.74438,12.343847,,27.734,142.233,16.547,990.939,14.279,0.0,2.497064,,,True,0.0,1737653627.7518318,2466c2055d64ad2a_Ch1,32.0,41.502,,,,,27.687,357.446,6.568,990.975,14.267,0.0,,26.216,,True,0.0,1737653627.9828448,2466c2055d64ad2a_Ch2,3337.1178724765778,False
1737653631.4000404,2025-01-23 18:33:51,REACTION,LAMP-ON,96.0,23.423,27.559638,24.8214,12.381371,,27.734,141.893,17.735,990.958,14.291,0.0,2.504788,,,True,0.0,1737653631.0200186,2466c2055d64ad2a_Ch1,32.0,41.496,,,,,27.695,357.35,7.386,990.985,14.279,0.0,,26.246,,True,0.0,1737653631.252032,2466c2055d64ad2a_Ch2,3340.38605928421,False
1737653634.748232,2025-01-23 18:33:54,REACTION,LAMP-ON,96.0,23.385,27.633106,24.899048,12.420071,,27.734,141.628,18.334,991.021,14.291,0.0,2.512464,,,True,0.0,1737653634.36821,2466c2055d64ad2a_Ch1,32.0,41.499,,,,,27.695,357.234,7.479,991.011,14.268,0.0,,26.231,,True,0.0,1737653634.6002235,2466c2055d64ad2a_Ch2,3343.7342507839203,False
1737653637.9854171,2025-01-23 18:33:57,REACTION,LAMP-ON,96.0,23.322,27.810344,25.052974,12.496823,,27.734,141.334,15.088,990.993,14.291,0.0,2.528067,,,True,0.0,1737653637.6043952,2466c2055d64ad2a_Ch1,32.0,41.493,,,,,27.695,357.298,6.502,990.947,14.279,0.0,,26.261,,True,0.0,1737653637.8364086,2466c2055d64ad2a_Ch2,3346.971436023712,False
1737653641.2406034,2025-01-23 18:34:01,REACTION,LAMP-ON,96.0,23.306,27.826862,25.079414,12.510461,,27.742,141.022,16.644,991.019,14.28,0.0,2.530669,,,True,0.0,1737653640.8595815,2466c2055d64ad2a_Ch1,32.0,41.497,,,,,27.695,357.254,8.16,990.912,14.267,0.0,,26.241,,True,0.0,1737653641.0925946,2466c2055d64ad2a_Ch2,3350.2266223430634,False
1737653644.4817886,2025-01-23 18:34:04,REACTION,LAMP-ON,96.0,23.263,27.956992,25.188954,12.565401,,27.734,140.769,16.114,990.956,14.279,0.0,2.541884,,,True,0.0,1737653644.1017668,2466c2055d64ad2a_Ch1,32.0,41.491,,,,,27.695,357.177,5.827,991.019,14.28,0.0,,26.271,,True,0.0,1737653644.3337803,2466c2055d64ad2a_Ch2,3353.467807531357,False
1737653647.7219741,2025-01-23 18:34:07,REACTION,LAMP-ON,96.0,23.203,28.090082,25.320536,12.631112,,27.75,140.419,20.172,991.011,14.291,0.0,2.55502,,,True,0.0,1737653647.3419523,2466c2055d64ad2a_Ch1,32.0,41.49,,,,,27.695,357.197,7.962,990.992,14.28,0.0,,26.276,,True,0.0,1737653647.5739655,2466c2055d64ad2a_Ch2,3356.707993030548,False
1737653651.2521758,2025-01-23 18:34:11,REACTION,LAMP-ON,96.0,23.154,28.21611,25.43609,12.688306,,27.75,140.074,15.253,991.055,14.28,0.0,2.566567,,,True,0.0,1737653650.871154,2466c2055d64ad2a_Ch1,32.0,41.487,,,,,27.703,357.081,6.809,991.046,14.28,0.0,,26.292,,True,0.0,1737653651.1031675,2466c2055d64ad2a_Ch2,3360.238194704056,False
1737653654.5293632,2025-01-23 18:34:14,REACTION,LAMP-ON,96.0,23.118,28.2985,25.516636,12.729645,,27.75,139.721,15.062,991.0,14.268,0.0,2.574837,,,True,0.0,1737653654.1493416,2466c2055d64ad2a_Ch1,32.0,41.491,,,,,27.703,357.105,7.53,990.992,14.256,0.0,,26.271,,True,0.0,1737653654.380355,2466c2055d64ad2a_Ch2,3363.515382051468,False
1737653657.7845495,2025-01-23 18:34:17,REACTION,LAMP-ON,96.0,23.071,28.442788,25.638464,12.791302,,27.75,139.468,15.578,990.892,14.268,0.0,2.587412,,,True,0.0,1737653657.404528,2466c2055d64ad2a_Ch1,32.0,41.492,,,,,27.703,357.173,7.889,990.883,14.28,0.0,,26.266,,True,0.0,1737653657.6365411,2466c2055d64ad2a_Ch2,3366.770568370819,False
1737653661.0427358,2025-01-23 18:34:21,REACTION,LAMP-ON,96.0,23.033,28.549618,25.732786,12.835675,,27.757,139.147,15.505,991.082,14.28,0.0,2.596433,,,True,0.0,1737653660.662714,2466c2055d64ad2a_Ch1,32.0,41.491,,,,,27.703,357.017,6.125,991.009,14.268,0.0,,26.271,,True,0.0,1737653660.8937275,2466c2055d64ad2a_Ch2,3370.028754711151,False
1737653664.2749207,2025-01-23 18:34:24,REACTION,LAMP-ON,96.0,23.008,28.612936,25.79184,12.866248,,27.757,138.842,17.629,991.009,14.268,0.0,2.602584,,,True,0.0,1737653663.895899,2466c2055d64ad2a_Ch1,32.0,41.488,,,,,27.71,357.109,7.683,991.017,14.268,0.0,,26.286,,True,0.0,1737653664.1269124,2466c2055d64ad2a_Ch2,3373.2609395980835,False
1737653667.721118,2025-01-23 18:34:27,REACTION,LAMP-ON,96.0,22.932,28.806626,25.972416,12.957726,,27.757,138.493,16.698,990.936,14.291,0.0,2.620998,,,True,0.0,1737653667.3410962,2466c2055d64ad2a_Ch1,32.0,41.487,,,,,27.71,356.877,7.751,990.972,14.268,0.0,,26.292,,True,0.0,1737653667.5721092,2466c2055d64ad2a_Ch2,3376.7071368694305,False
1737653670.9723039,2025-01-23 18:34:30,REACTION,LAMP-ON,96.0,22.919,28.836894,26.0021,12.971602,,27.757,138.324,15.445,991.017,14.256,0.0,2.623779,,,True,0.0,1737653670.593282,2466c2055d64ad2a_Ch1,32.0,41.48,,,,,27.71,356.948,7.032,991.017,14.268,0.0,,26.327,,True,0.0,1737653670.8242955,2466c2055d64ad2a_Ch2,3379.958322763443,False
1737653674.2424908,2025-01-23 18:34:34,REACTION,LAMP-ON,96.0,22.888,28.89107,26.06495,13.004282,,27.757,138.139,14.93,990.99,14.268,0.0,2.630193,,,True,0.0,1737653673.8624692,2466c2055d64ad2a_Ch1,32.0,41.483,,,,,27.718,356.857,5.786,990.98,14.269,0.0,,26.312,,True,0.0,1737653674.0934823,2466c2055d64ad2a_Ch2,3383.2285096645355,False
1737653677.5076778,2025-01-23 18:34:37,REACTION,LAMP-ON,96.0,22.841,29.033518,26.187436,13.064611,,27.757,137.842,15.2,991.017,14.268,0.0,2.64248,,,True,0.0,1737653677.1236558,2466c2055d64ad2a_Ch1,32.0,41.48,,,,,27.718,356.976,6.547,990.963,14.268,0.0,,26.327,,True,0.0,1737653677.3546689,2466c2055d64ad2a_Ch2,3386.4936966896057,False
1737653680.7398624,2025-01-23 18:34:40,REACTION,LAMP-ON,96.0,22.805,29.119708,26.271222,13.107565,,27.765,137.533,17.149,990.963,14.234,0.0,2.65108,,,True,0.0,1737653680.3588405,2466c2055d64ad2a_Ch1,32.0,41.475,,,,,27.718,356.952,6.874,990.999,14.268,0.0,,26.352,,True,0.0,1737653680.590854,2466c2055d64ad2a_Ch2,3389.7258813381195,False
1737653684.0170498,2025-01-23 18:34:44,REACTION,LAMP-ON,96.0,22.763,29.214008,26.366406,13.155627,,27.773,137.284,15.619,990.972,14.257,0.0,2.660661,,,True,0.0,1737653683.637028,2466c2055d64ad2a_Ch1,32.0,41.473,,,,,27.718,356.876,6.846,990.953,14.269,0.0,,26.362,,True,0.0,1737653683.8700416,2466c2055d64ad2a_Ch2,3393.0030686855316,False
1737653687.408244,2025-01-23 18:34:47,REACTION,LAMP-ON,96.0,22.725,29.310908,26.457914,13.20133,,27.773,137.008,16.222,990.989,14.257,0.0,2.669849,,,True,0.0,1737653687.0282223,2466c2055d64ad2a_Ch1,32.0,41.476,,,,,27.726,356.84,7.876,991.008,14.257,0.0,,26.347,,True,0.0,1737653687.2602355,2466c2055d64ad2a_Ch2,3396.39426279068,False
1737653690.6654303,2025-01-23 18:34:50,REACTION,LAMP-ON,96.0,22.682,29.444548,26.572438,13.25869,,27.773,136.75,15.744,990.943,14.257,0.0,2.68153,,,True,0.0,1737653690.2854085,2466c2055d64ad2a_Ch1,32.0,41.473,,,,,27.718,356.832,6.043,990.953,14.281,0.0,,26.362,,True,0.0,1737653690.5164216,2466c2055d64ad2a_Ch2,3399.651449203491,False
1737653693.9356172,2025-01-23 18:34:53,REACTION,LAMP-ON,96.0,22.642,29.5435,26.66787,13.306214,,27.773,136.414,15.967,990.98,14.257,0.0,2.69106,,,True,0.0,1737653693.5555956,2466c2055d64ad2a_Ch1,32.0,41.467,,,,,27.726,356.755,6.168,990.98,14.269,0.0,,26.393,,True,0.0,1737653693.7876089,2466c2055d64ad2a_Ch2,3402.9216361045837,False
1737653697.2598076,2025-01-23 18:34:57,REACTION,LAMP-ON,96.0,22.625,29.563584,26.698678,13.322713,,27.781,136.149,16.005,990.962,14.257,0.0,2.694218,,,True,0.0,1737653696.8797855,2466c2055d64ad2a_Ch1,32.0,41.466,,,,,27.726,356.791,7.256,990.97,14.269,0.0,,26.398,,True,0.0,1737653697.112799,2466c2055d64ad2a_Ch2,3406.245826482773,False
1737653700.5459952,2025-01-23 18:35:00,REACTION,LAMP-ON,96.0,22.554,29.759966,26.878088,13.411496,,27.789,135.807,15.408,991.025,14.257,0.0,2.71215,,,True,0.0,1737653700.1659734,2466c2055d64ad2a_Ch1,32.0,41.471,,,,,27.734,356.592,6.573,991.033,14.257,0.0,,26.373,,True,0.0,1737653700.396987,2466c2055d64ad2a_Ch2,3409.532014131546,False
1737653703.8221827,2025-01-23 18:35:03,REACTION,LAMP-ON,96.0,22.513,29.89936,26.99364,13.468835,,27.781,135.514,15.408,990.997,14.257,0.0,2.723887,,,True,0.0,1737653703.441161,2466c2055d64ad2a_Ch1,32.0,41.468,,,,,27.734,356.671,6.904,991.033,14.257,0.0,,26.388,,True,0.0,1737653703.6741743,2466c2055d64ad2a_Ch2,3412.8082015514374,False
1737653707.1713743,2025-01-23 18:35:07,REACTION,LAMP-ON,96.0,22.493,29.942904,27.039166,13.49198,,27.789,135.322,17.379,990.997,14.269,0.0,2.728481,,,True,0.0,1737653706.7913525,2466c2055d64ad2a_Ch1,32.0,41.464,,,,,27.742,356.479,7.577,991.06,14.269,0.0,,26.408,,True,0.0,1737653707.023366,2466c2055d64ad2a_Ch2,3416.157393217087,False
1737653710.4655626,2025-01-23 18:35:10,REACTION,LAMP-ON,96.0,22.432,30.099766,27.189148,13.567265,,27.789,134.924,14.592,991.006,14.269,0.0,2.74359,,,True,0.0,1737653710.086541,2466c2055d64ad2a_Ch1,32.0,41.461,,,,,27.742,356.439,7.336,991.015,14.247,0.0,,26.423,,True,0.0,1737653710.3175542,2466c2055d64ad2a_Ch2,3419.451581478119,False
1737653713.91376,2025-01-23 18:35:13,REACTION,LAMP-ON,96.0,22.392,30.201462,27.287272,13.616533,,27.796,134.788,14.793,991.015,14.247,0.0,2.753466,,,True,0.0,1737653713.534738,2466c2055d64ad2a_Ch1,32.0,41.461,,,,,27.742,356.619,6.151,990.979,14.246,0.0,,26.423,,True,0.0,1737653713.7667515,2466c2055d64ad2a_Ch2,3422.899778842926,False
1737653717.150945,2025-01-23 18:35:17,REACTION,LAMP-ON,96.0,22.362,30.288326,27.365756,13.656213,,27.789,134.543,17.451,990.979,14.257,0.0,2.761487,,,True,0.0,1737653716.7709234,2466c2055d64ad2a_Ch1,32.0,41.457,,,,,27.742,356.554,8.092,990.996,14.258,0.0,,26.443,,True,0.0,1737653717.0029366,2466c2055d64ad2a_Ch2,3426.1369638442993,False
1737653720.3901305,2025-01-23 18:35:20,REACTION,LAMP-ON,96.0,22.305,30.435762,27.507386,13.727471,,27.789,134.209,14.414,990.979,14.269,0.0,2.775778,,,True,0.0,1737653720.0081086,2466c2055d64ad2a_Ch1,32.0,41.456,,,,,27.75,356.51,6.535,991.023,14.269,0.0,,26.449,,True,0.0,1737653720.2391217,2466c2055d64ad2a_Ch2,3429.37614941597,False
1737653723.8013256,2025-01-23 18:35:23,REACTION,LAMP-ON,96.0,22.251,30.58825,27.647738,13.79769,,27.796,133.78,16.417,990.979,14.269,0.0,2.789941,,,True,0.0,1737653723.4223037,2466c2055d64ad2a_Ch1,32.0,41.46,,,,,27.75,356.555,7.849,990.969,14.269,0.0,,26.428,,True,0.0,1737653723.6533172,2466c2055d64ad2a_Ch2,3432.787344455719,False
1737653727.0555115,2025-01-23 18:35:27,REACTION,LAMP-ON,96.0,22.216,30.710706,27.749504,13.8467,,27.804,133.451,14.748,991.059,14.247,0.0,2.799985,,,True,0.0,1737653726.67549,2466c2055d64ad2a_Ch1,32.0,41.451,,,,,27.757,356.494,5.799,991.086,14.247,0.0,,26.474,,True,0.0,1737653726.9075031,2466c2055d64ad2a_Ch2,3436.0415303707123,False
1737653730.4767072,2025-01-23 18:35:30,REACTION,LAMP-ON,96.0,22.185,30.75944,27.813102,13.880852,,27.796,133.195,15.101,990.986,14.258,0.0,2.806609,,,True,0.0,1737653730.0966856,2466c2055d64ad2a_Ch1,32.0,41.452,,,,,27.757,356.462,6.098,991.095,14.247,0.0,,26.469,,True,0.0,1737653730.3286989,2466c2055d64ad2a_Ch2,3439.4627261161804,False
1737653733.7298934,2025-01-23 18:35:33,REACTION,LAMP-ON,96.0,22.124,30.945016,27.97877,13.962595,,27.812,132.845,14.451,991.04,14.247,0.0,2.823172,,,True,0.0,1737653733.3498716,2466c2055d64ad2a_Ch1,32.0,41.449,,,,,27.757,356.354,7.211,991.04,14.258,0.0,,26.484,,True,0.0,1737653733.5818849,2466c2055d64ad2a_Ch2,3442.7159123420715,False
1737653736.9750788,2025-01-23 18:35:36,REACTION,LAMP-ON,96.0,22.095,31.017428,28.050664,13.998922,,27.804,132.713,15.515,991.04,14.247,0.0,2.830427,,,True,0.0,1737653736.5950572,2466c2055d64ad2a_Ch1,32.0,41.447,,,,,27.757,356.242,6.279,991.049,14.247,0.0,,26.494,,True,0.0,1737653736.8260705,2466c2055d64ad2a_Ch2,3445.961097717285,False
1737653740.2592669,2025-01-23 18:35:40,REACTION,LAMP-ON,96.0,22.072,31.076766,28.108628,14.027487,,27.812,132.456,18.265,991.085,14.248,0.0,2.836146,,,True,0.0,1737653739.879245,2466c2055d64ad2a_Ch1,32.0,41.449,,,,,27.757,356.13,7.406,990.994,14.258,0.0,,26.484,,True,0.0,1737653740.1112583,2466c2055d64ad2a_Ch2,3449.2452857494354,False
1737653743.5114527,2025-01-23 18:35:43,REACTION,LAMP-ON,96.0,22.015,31.25733,28.267626,14.107743,,27.812,132.063,14.288,991.003,14.248,0.0,2.852425,,,True,0.0,1737653743.132431,2466c2055d64ad2a_Ch1,32.0,41.447,,,,,27.765,356.11,6.362,991.021,14.247,0.0,,26.494,,True,0.0,1737653743.3634446,2466c2055d64ad2a_Ch2,3452.4974715709686,False
1737653746.9226477,2025-01-23 18:35:46,REACTION,LAMP-ON,96.0,21.988,31.329334,28.337072,14.142704,,27.812,131.95,15.812,991.003,14.258,0.0,2.859433,,,True,0.0,1737653746.5426264,2466c2055d64ad2a_Ch1,32.0,41.444,,,,,27.765,356.009,7.786,990.984,14.236,0.0,,26.509,,True,0.0,1737653746.7736394,2466c2055d64ad2a_Ch2,3455.908666610718,False
1737653750.191835,2025-01-23 18:35:50,REACTION,LAMP-ON,96.0,21.977,31.348382,28.360802,14.155281,,27.812,131.71,17.138,990.984,14.248,0.0,2.861883,,,True,0.0,1737653749.8108132,2466c2055d64ad2a_Ch1,32.0,41.443,,,,,27.773,356.093,7.766,991.001,14.236,0.0,,26.514,,True,0.0,1737653750.0428264,2466c2055d64ad2a_Ch2,3459.177853822708,False
1737653753.4430208,2025-01-23 18:35:53,REACTION,LAMP-ON,96.0,21.923,31.507412,28.506854,14.227793,,27.82,131.473,13.764,991.02,14.248,0.0,2.876516,,,True,0.0,1737653753.062999,2466c2055d64ad2a_Ch1,32.0,41.445,,,,,27.773,356.093,5.643,990.993,14.236,0.0,,26.504,,True,0.0,1737653753.2950122,2466c2055d64ad2a_Ch2,3462.4290397167206,False
1737653756.7422094,2025-01-23 18:35:56,REACTION,LAMP-ON,96.0,21.893,31.608386,28.59384,14.271845,,27.82,131.132,14.526,990.957,14.248,0.0,2.885477,,,True,0.0,1737653756.361188,2466c2055d64ad2a_Ch1,32.0,41.44,,,,,27.773,356.017,7.15,991.012,14.258,0.0,,26.53,,True,0.0,1737653756.5932012,2466c2055d64ad2a_Ch2,3465.728228330612,False
1737653760.1544046,2025-01-23 18:36:00,REACTION,LAMP-ON,96.0,21.836,31.75809,28.740678,14.344986,,27.828,130.75,14.058,991.02,14.248,0.0,2.90011,,,True,0.0,1737653759.775383,2466c2055d64ad2a_Ch1,32.0,41.434,,,,,27.781,355.837,5.789,991.028,14.236,0.0,,26.56,,True,0.0,1737653760.0063965,2466c2055d64ad2a_Ch2,3469.1404235363007,False
1737653763.5435987,2025-01-23 18:36:03,REACTION,LAMP-ON,96.0,21.808,31.815428,28.80576,14.378269,,27.828,130.494,14.694,991.028,14.248,0.0,2.906654,,,True,0.0,1737653763.164577,2466c2055d64ad2a_Ch1,32.0,41.434,,,,,27.781,355.868,7.889,991.073,14.236,0.0,,26.56,,True,0.0,1737653763.39659,2466c2055d64ad2a_Ch2,3472.529617547989,False
1737653766.8457873,2025-01-23 18:36:06,REACTION,LAMP-ON,96.0,21.743,32.016338,28.987662,14.468113,,27.828,130.176,13.865,991.091,14.236,0.0,2.924823,,,True,0.0,1737653766.4667659,2466c2055d64ad2a_Ch1,32.0,41.431,,,,,27.773,355.784,6.485,991.028,14.248,0.0,,26.575,,True,0.0,1737653766.698779,2466c2055d64ad2a_Ch2,3475.8318061828613,False
1737653770.1479762,2025-01-23 18:36:10,REACTION,LAMP-ON,96.0,21.697,32.144878,29.110704,14.530401,,27.828,129.943,14.184,991.064,14.248,0.0,2.937318,,,True,0.0,1737653769.7669544,2466c2055d64ad2a_Ch1,32.0,41.425,,,,,27.789,355.784,5.59,990.983,14.248,0.0,,26.606,,True,0.0,1737653769.998968,2466c2055d64ad2a_Ch2,3479.1339950561523,False
1737653773.4321642,2025-01-23 18:36:13,REACTION,LAMP-ON,96.0,21.682,32.161624,29.139644,14.546223,,27.835,129.679,13.982,991.037,14.225,0.0,2.940318,,,True,0.0,1737653773.0531425,2466c2055d64ad2a_Ch1,32.0,41.423,,,,,27.789,355.756,5.817,990.983,14.236,0.0,,26.616,,True,0.0,1737653773.2841556,2466c2055d64ad2a_Ch2,3482.4181830883026,False
1737653776.699351,2025-01-23 18:36:16,REACTION,LAMP-ON,96.0,21.65,32.251956,29.22594,14.589492,,27.835,129.518,14.179,991.045,14.248,0.0,2.949002,,,True,0.0,1737653776.3183293,2466c2055d64ad2a_Ch1,32.0,41.42,,,,,27.789,355.739,6.495,991.037,14.248,0.0,,26.631,,True,0.0,1737653776.5513425,2466c2055d64ad2a_Ch2,3485.6853699684143,False
1737653780.0055401,2025-01-23 18:36:20,REACTION,LAMP-ON,96.0,21.62,32.331448,29.304674,14.629266,,27.843,129.202,14.399,991.045,14.236,0.0,2.956946,,,True,0.0,1737653779.6255183,2466c2055d64ad2a_Ch1,32.0,41.424,,,,,27.796,355.732,6.241,991.036,14.225,0.0,,26.611,,True,0.0,1737653779.8565316,2466c2055d64ad2a_Ch2,3488.9915590286255,False
1737653783.2337248,2025-01-23 18:36:23,REACTION,LAMP-ON,96.0,21.564,32.527508,29.473394,14.713139,,27.843,128.956,16.458,991.027,14.225,0.0,2.974025,,,True,0.0,1737653782.8537033,2466c2055d64ad2a_Ch1,32.0,41.423,,,,,27.789,355.8,7.527,991.063,14.248,0.0,,26.616,,True,0.0,1737653783.0847163,2466c2055d64ad2a_Ch2,3492.2197437286377,False
1737653786.46991,2025-01-23 18:36:26,REACTION,LAMP-ON,96.0,21.496,32.73856,29.66689,14.80989,,27.843,128.623,13.518,991.027,14.225,0.0,2.99355,,,True,0.0,1737653786.0898883,2466c2055d64ad2a_Ch1,32.0,41.418,,,,,27.796,355.807,6.786,991.008,14.237,0.0,,26.641,,True,0.0,1737653786.3209014,2466c2055d64ad2a_Ch2,3495.4559288024902,False
1737653789.743097,2025-01-23 18:36:29,REACTION,LAMP-ON,96.0,21.477,32.77454,29.71081,14.832348,,27.843,128.422,14.625,991.044,14.249,0.0,2.99793,,,True,0.0,1737653789.3640754,2466c2055d64ad2a_Ch1,32.0,41.423,,,,,27.804,355.616,7.04,991.0,14.236,0.0,,26.616,,True,0.0,1737653789.5950887,2466c2055d64ad2a_Ch2,3498.729115962982,False
1737653793.0042837,2025-01-23 18:36:33,REACTION,LAMP-ON,96.0,21.46,32.8536,29.771132,14.861509,,27.851,128.262,17.162,991.054,14.213,0.0,3.003986,,,True,0.0,1737653792.623262,2466c2055d64ad2a_Ch1,32.0,41.422,,,,,27.804,355.66,8.017,991.036,14.225,0.0,,26.621,,True,0.0,1737653792.856275,2466c2055d64ad2a_Ch2,3501.9903025627136,False
1737653796.3744762,2025-01-23 18:36:36,REACTION,LAMP-ON,96.0,21.442,32.90633,29.821194,14.886254,,27.859,127.893,14.198,991.08,14.225,0.0,3.008959,,,True,0.0,1737653795.9944549,2466c2055d64ad2a_Ch1,32.0,41.419,,,,,27.804,355.643,7.336,991.054,14.236,0.0,,26.636,,True,0.0,1737653796.225468,2466c2055d64ad2a_Ch2,3505.3604950904846,False
1737653799.6506636,2025-01-23 18:36:39,REACTION,LAMP-ON,96.0,21.399,33.02974,29.939874,14.94526,,27.859,127.908,13.852,991.126,14.237,0.0,3.020794,,,True,0.0,1737653799.2716422,2466c2055d64ad2a_Ch1,32.0,41.424,,,,,27.812,355.552,7.944,991.017,14.225,0.0,,26.611,,True,0.0,1737653799.5026553,2466c2055d64ad2a_Ch2,3508.636682510376,False
1737653802.9128504,2025-01-23 18:36:42,REACTION,LAMP-ON,96.0,21.373,33.1386,30.027106,14.989708,,27.859,127.536,15.489,991.017,14.237,0.0,3.029928,,,True,0.0,1737653802.5328286,2466c2055d64ad2a_Ch1,32.0,41.418,,,,,27.812,355.503,7.735,990.99,14.249,0.0,,26.641,,True,0.0,1737653802.764842,2466c2055d64ad2a_Ch2,3511.8988692760468,False
1737653806.156036,2025-01-23 18:36:46,REACTION,LAMP-ON,96.0,21.3,33.345714,30.228588,15.092288,,27.867,127.21,13.728,990.952,14.237,0.0,3.050459,,,True,0.0,1737653805.776014,2466c2055d64ad2a_Ch1,32.0,41.415,,,,,27.812,355.395,6.874,991.025,14.214,0.0,,26.656,,True,0.0,1737653806.0080273,2466c2055d64ad2a_Ch2,3515.142054796219,False
1737653809.5202284,2025-01-23 18:36:49,REACTION,LAMP-ON,96.0,21.275,33.412292,30.29586,15.124639,,27.859,126.91,13.748,991.061,14.237,0.0,3.056911,,,True,0.0,1737653809.1402066,2466c2055d64ad2a_Ch1,32.0,41.414,,,,,27.812,355.427,6.352,991.061,14.225,0.0,,26.662,,True,0.0,1737653809.3722198,2466c2055d64ad2a_Ch2,3518.506247282028,False
1737653812.805416,2025-01-23 18:36:52,REACTION,LAMP-ON,96.0,21.217,33.596528,30.465694,15.21048,,27.859,126.624,13.521,991.007,14.214,0.0,3.074215,,,True,0.0,1737653812.4243946,2466c2055d64ad2a_Ch1,32.0,41.416,,,,,27.82,355.363,6.088,991.08,14.225,0.0,,26.651,,True,0.0,1737653812.6564078,2466c2055d64ad2a_Ch2,3521.7914350032806,False
1737653816.0866039,2025-01-23 18:36:56,REACTION,LAMP-ON,96.0,21.169,33.7661,30.614342,15.284331,,27.875,126.287,13.481,991.007,14.214,0.0,3.089215,,,True,0.0,1737653815.706582,2466c2055d64ad2a_Ch1,32.0,41.41,,,,,27.82,355.274,6.339,991.007,14.225,0.0,,26.682,,True,0.0,1737653815.9385953,2466c2055d64ad2a_Ch2,3525.0726227760315,False
1737653819.3647914,2025-01-23 18:36:59,REACTION,LAMP-ON,96.0,21.146,33.81088,30.669406,15.312268,,27.867,126.063,13.239,991.043,14.225,0.0,3.094659,,,True,0.0,1737653818.9847696,2466c2055d64ad2a_Ch1,32.0,41.408,,,,,27.82,355.294,6.264,991.024,14.214,0.0,,26.692,,True,0.0,1737653819.2157829,2466c2055d64ad2a_Ch2,3528.350810289383,False
1737653822.6269782,2025-01-23 18:37:02,REACTION,LAMP-ON,96.0,21.124,33.873788,30.731146,15.343293,,27.875,125.898,15.593,991.051,14.214,0.0,3.100864,,,True,0.0,1737653822.2469563,2466c2055d64ad2a_Ch1,32.0,41.411,,,,,27.82,355.539,7.64,991.051,14.226,0.0,,26.677,,True,0.0,1737653822.4789696,2466c2055d64ad2a_Ch2,3531.6129970550537,False
1737653826.1301782,2025-01-23 18:37:06,REACTION,LAMP-ON,96.0,21.091,33.99904,30.837742,15.395744,,27.875,125.666,14.445,991.068,14.226,0.0,3.111566,,,True,0.0,1737653825.7501566,2466c2055d64ad2a_Ch1,32.0,41.413,,,,,27.828,355.479,7.499,991.043,14.203,0.0,,26.667,,True,0.0,1737653825.98117,2466c2055d64ad2a_Ch2,3535.1161971092224,False
1737653829.4403677,2025-01-23 18:37:09,REACTION,LAMP-ON,96.0,21.039,34.183524,31.000356,15.477745,,27.875,125.448,13.599,990.997,14.214,0.0,3.128198,,,True,0.0,1737653829.060346,2466c2055d64ad2a_Ch1,32.0,41.405,,,,,27.828,355.442,5.759,991.06,14.214,0.0,,26.707,,True,0.0,1737653829.291359,2466c2055d64ad2a_Ch2,3538.4263865947723,False
1737653832.8285613,2025-01-23 18:37:12,REACTION,LAMP-ON,96.0,21.034,34.159308,30.997252,15.476508,,27.875,125.2,13.987,991.06,14.226,0.0,3.127686,,,True,0.0,1737653832.44954,2466c2055d64ad2a_Ch1,32.0,41.408,,,,,27.835,355.282,7.319,990.959,14.226,0.0,,26.692,,True,0.0,1737653832.680553,2466c2055d64ad2a_Ch2,3541.8145802021027,False
1737653836.1067488,2025-01-23 18:37:16,REACTION,LAMP-ON,96.0,20.992,34.316224,31.132536,15.54386,,27.89,124.931,15.049,991.041,14.214,0.0,3.141397,,,True,0.0,1737653835.7257273,2466c2055d64ad2a_Ch1,32.0,41.409,,,,,27.835,355.166,6.794,990.978,14.203,0.0,,26.687,,True,0.0,1737653835.9577403,2466c2055d64ad2a_Ch2,3545.092767715454,False
1737653839.3719358,2025-01-23 18:37:19,REACTION,LAMP-ON,96.0,20.961,34.426316,31.230036,15.593254,,27.89,124.687,13.829,990.987,14.214,0.0,3.151407,,,True,0.0,1737653838.991914,2466c2055d64ad2a_Ch1,32.0,41.405,,,,,27.835,355.194,6.341,991.085,14.214,0.0,,26.707,,True,0.0,1737653839.2239273,2466c2055d64ad2a_Ch2,3548.3579547405243,False
1737653842.7111268,2025-01-23 18:37:22,REACTION,LAMP-ON,96.0,20.907,34.589324,31.387456,15.671809,,27.89,124.473,13.402,991.031,14.226,0.0,3.167152,,,True,0.0,1737653842.332105,2466c2055d64ad2a_Ch1,32.0,41.405,,,,,27.851,355.234,5.975,991.022,14.204,0.0,,26.707,,True,0.0,1737653842.5631182,2466c2055d64ad2a_Ch2,3551.6971457004547,False
1737653846.0543177,2025-01-23 18:37:26,REACTION,LAMP-ON,96.0,20.861,34.746692,31.53026,15.743258,,27.89,124.248,13.531,991.022,14.204,0.0,3.18159,,,True,0.0,1737653845.6742964,2466c2055d64ad2a_Ch1,32.0,41.402,,,,,27.851,355.182,7.185,991.049,14.214,0.0,,26.722,,True,0.0,1737653845.9053094,2466c2055d64ad2a_Ch2,3555.0403366088867,False
1737653849.3795083,2025-01-23 18:37:29,REACTION,LAMP-ON,96.0,20.856,34.748208,31.538832,15.748789,,27.898,124.068,17.163,990.977,14.204,0.0,3.182599,,,True,0.0,1737653849.0004864,2466c2055d64ad2a_Ch1,32.0,41.398,,,,,27.851,355.237,7.218,991.031,14.204,0.0,,26.743,,True,0.0,1737653849.2314997,2466c2055d64ad2a_Ch2,3558.365527153015,False
1737653852.7226992,2025-01-23 18:37:32,REACTION,LAMP-ON,96.0,20.816,34.863876,31.653918,15.807122,,27.906,123.891,13.424,990.968,14.204,0.0,3.194242,,,True,0.0,1737653852.3426776,2466c2055d64ad2a_Ch1,32.0,41.4,,,,,27.851,355.182,7.379,990.939,14.192,0.0,,26.733,,True,0.0,1737653852.5746908,2466c2055d64ad2a_Ch2,3561.708718061447,False
1737653856.018888,2025-01-23 18:37:36,REACTION,LAMP-ON,96.0,20.81,34.89502,31.677378,15.817767,,27.906,123.695,16.324,991.012,14.215,0.0,3.196467,,,True,0.0,1737653855.6388662,2466c2055d64ad2a_Ch1,32.0,41.399,,,,,27.851,355.186,8.11,991.058,14.214,0.0,,26.738,,True,0.0,1737653855.8698792,2466c2055d64ad2a_Ch2,3565.0049068927765,False
1737653859.4480839,2025-01-23 18:37:39,REACTION,LAMP-ON,96.0,20.788,34.96578,31.744026,15.851219,,27.906,123.315,15.176,991.012,14.192,0.0,3.203192,,,True,0.0,1737653859.0680623,2466c2055d64ad2a_Ch1,32.0,41.393,,,,,27.851,354.949,8.012,991.048,14.204,0.0,,26.768,,True,0.0,1737653859.3000755,2466c2055d64ad2a_Ch2,3568.4341027736664,False
1737653865.0174026,2025-01-23 18:37:45,POSTREACTION-BASELINE,LAMP-OFF,96.0,20.706,35.219128,31.988608,15.973783,,27.906,123.293,0.236,991.048,14.204,0.0,3.227755,,,True,0.0,1737653864.6363807,2466c2055d64ad2a_Ch1,32.0,41.395,,,,,27.859,355.221,0.312,991.065,14.192,0.0,,26.758,,True,0.0,1737653864.868394,2466c2055d64ad2a_Ch2,3574.0034215450287,False
1737653868.2905898,2025-01-23 18:37:48,POSTREACTION-BASELINE,LAMP-OFF,96.0,20.689,35.289096,32.047286,16.004112,,27.914,123.149,0.216,990.966,14.215,0.0,3.233944,,,True,0.0,1737653867.9035676,2466c2055d64ad2a_Ch1,32.0,41.394,,,,,27.859,355.137,0.101,991.002,14.204,0.0,,26.763,,True,0.0,1737653868.1435814,2466c2055d64ad2a_Ch2,3577.2766087055206,True
1737653871.685784,2025-01-23 18:37:51,POSTREACTION-BASELINE,LAMP-OFF,96.0,20.644,35.441644,32.188266,16.073631,,27.906,122.912,0.244,991.029,14.192,0.0,3.247964,,,True,0.0,1737653871.3057623,2466c2055d64ad2a_Ch1,32.0,41.397,,,,,27.867,354.989,0.217,991.057,14.204,0.0,,26.748,,True,0.0,1737653871.5377755,2466c2055d64ad2a_Ch2,3580.671802997589,False
1737653875.1049795,2025-01-23 18:37:55,POSTREACTION-BASELINE,LAMP-OFF,96.0,20.617,35.552724,32.281792,16.119507,,27.914,122.659,0.172,991.047,14.205,0.0,3.257342,,,True,0.0,1737653874.7259579,2466c2055d64ad2a_Ch1,32.0,41.396,,,,,27.867,354.993,0.202,991.074,14.205,0.0,,26.753,,True,0.0,1737653874.956971,2466c2055d64ad2a_Ch2,3584.0909984111786,False
1737653878.3651662,2025-01-23 18:37:58,POSTREACTION-BASELINE,LAMP-OFF,96.0,20.589,35.646396,32.369304,16.162161,,27.921,122.414,0.126,991.119,14.192,0.0,3.265935,,,True,0.0,1737653877.9851444,2466c2055d64ad2a_Ch1,32.0,41.392,,,,,27.875,354.905,0.101,991.057,14.215,0.0,,26.773,,True,0.0,1737653878.2161574,2466c2055d64ad2a_Ch2,3587.3511850833893,False
1737653881.653354,2025-01-23 18:38:01,POSTREACTION-BASELINE,LAMP-OFF,96.0,20.541,35.795504,32.51458,16.236166,,27.929,122.185,0.112,991.074,14.193,0.0,3.280742,,,True,0.0,1737653881.273332,2466c2055d64ad2a_Ch1,32.0,41.397,,,,,27.875,355.109,0.111,991.038,14.192,0.0,,26.748,,True,0.0,1737653881.5053456,2466c2055d64ad2a_Ch2,3590.6393728256226,False
1737653884.9955451,2025-01-23 18:38:04,POSTREACTION-BASELINE,LAMP-OFF,96.0,20.516,35.911508,32.607566,16.281582,,27.929,121.945,0.063,991.082,14.205,0.0,3.290097,,,True,0.0,1737653884.6155236,2466c2055d64ad2a_Ch1,32.0,41.394,,,,,27.875,355.009,0.157,991.009,14.193,0.0,,26.763,,True,0.0,1737653884.8475368,2466c2055d64ad2a_Ch2,3593.9815640449524,False
1737653888.2907338,2025-01-23 18:38:08,POSTREACTION-BASELINE,LAMP-OFF,96.0,20.48,36.024312,32.717446,16.337439,,27.937,121.692,0.106,991.055,14.193,0.0,3.301274,,,True,0.0,1737653887.911712,2466c2055d64ad2a_Ch1,32.0,41.393,,,,,27.882,354.901,0.179,991.028,14.181,0.0,,26.768,,True,0.0,1737653888.1427255,2466c2055d64ad2a_Ch2,3597.2767527103424,False
1737653891.7529316,2025-01-23 18:38:11,POSTREACTION-BASELINE,LAMP-OFF,96.0,20.448,36.133968,32.81953,16.388763,,27.937,121.475,0.064,991.045,14.193,0.0,3.311608,,,True,0.0,1737653891.37291,2466c2055d64ad2a_Ch1,32.0,41.392,,,,,27.882,354.893,0.184,991.091,14.181,0.0,,26.773,,True,0.0,1737653891.6049235,2466c2055d64ad2a_Ch2,3600.7389504909515,False
1737653895.028119,2025-01-23 18:38:15,POSTREACTION-BASELINE,LAMP-OFF,96.0,20.417,36.240448,32.918744,16.438637,,27.937,121.219,0.165,991.036,14.181,0.0,3.321649,,,True,0.0,1737653894.6470973,2466c2055d64ad2a_Ch1,32.0,41.39,,,,,27.89,354.909,0.147,990.974,14.181,0.0,,26.783,,True,0.0,1737653894.8801105,2466c2055d64ad2a_Ch2,3604.014137983322,False
1737653898.3563094,2025-01-23 18:38:18,POSTREACTION-BASELINE,LAMP-OFF,96.0,20.395,36.309248,32.98624,16.473476,,27.953,121.054,0.176,990.991,14.205,0.0,3.328611,,,True,0.0,1737653897.9762878,2466c2055d64ad2a_Ch1,32.0,41.394,,,,,27.89,354.833,0.257,990.982,14.193,0.0,,26.763,,True,0.0,1737653898.207301,2466c2055d64ad2a_Ch2,3607.342328310013,False
1737653901.6724992,2025-01-23 18:38:21,POSTREACTION-BASELINE,LAMP-OFF,96.0,20.368,36.42904,33.085022,16.52083,,27.945,120.886,0.088,991.064,14.193,0.0,3.338333,,,True,0.0,1737653901.2924774,2466c2055d64ad2a_Ch1,32.0,41.395,,,,,27.89,354.805,0.099,991.045,14.193,0.0,,26.758,,True,0.0,1737653901.5234907,2466c2055d64ad2a_Ch2,3610.658518075943,False
1737653905.0226908,2025-01-23 18:38:25,POSTREACTION-BASELINE,LAMP-OFF,96.0,20.338,36.543872,33.186794,16.571663,,27.953,120.697,0.154,991.053,14.181,0.0,3.348639,,,True,0.0,1737653904.6446693,2466c2055d64ad2a_Ch1,32.0,41.392,,,,,27.898,354.793,0.25,991.045,14.181,0.0,,26.773,,True,0.0,1737653904.8746824,2466c2055d64ad2a_Ch2,3614.008709669113,False
1737653908.4588873,2025-01-23 18:38:28,POSTREACTION-BASELINE,LAMP-OFF,96.0,20.302,36.659232,33.29914,16.626545,,27.96,120.376,0.25,991.154,14.193,0.0,3.359633,,,True,0.0,1737653908.0798657,2466c2055d64ad2a_Ch1,32.0,41.393,,,,,27.906,354.737,0.182,991.026,14.181,0.0,,26.768,,True,0.0,1737653908.3108788,2466c2055d64ad2a_Ch2,3617.444906234741,False
1737653911.7470753,2025-01-23 18:38:31,POSTREACTION-BASELINE,LAMP-OFF,96.0,20.259,36.822864,33.445236,16.701548,,27.96,120.143,0.239,991.026,14.181,0.0,3.374809,,,True,0.0,1737653911.3690536,2466c2055d64ad2a_Ch1,32.0,41.393,,,,,27.906,354.817,0.209,991.053,14.193,0.0,,26.768,,True,0.0,1737653911.600067,2466c2055d64ad2a_Ch2,3620.733094215393,False
1737653915.0222628,2025-01-23 18:38:35,POSTREACTION-BASELINE,LAMP-OFF,96.0,20.225,36.948516,33.55936,16.757908,,27.968,119.947,0.05,991.062,14.182,0.0,3.386201,,,True,0.0,1737653914.642241,2466c2055d64ad2a_Ch1,32.0,41.391,,,,,27.906,354.733,0.242,991.016,14.194,0.0,,26.778,,True,0.0,1737653914.873254,2466c2055d64ad2a_Ch2,3624.0082817077637,False
1737653918.3274517,2025-01-23 18:38:38,POSTREACTION-BASELINE,LAMP-OFF,96.0,20.201,37.026472,33.635276,16.79602,,27.968,119.71,0.293,991.071,14.182,0.0,3.393831,,,True,0.0,1737653917.94743,2466c2055d64ad2a_Ch1,32.0,41.39,,,,,27.914,354.693,0.38,991.053,14.181,0.0,,26.783,,True,0.0,1737653918.1794431,2466c2055d64ad2a_Ch2,3627.3134706020355,False
1737653921.7666483,2025-01-23 18:38:41,POSTREACTION-BASELINE,LAMP-OFF,96.0,20.185,37.080412,33.686828,16.821504,,27.96,119.542,0.023,991.096,14.194,0.0,3.398947,,,True,0.0,1737653921.3866267,2466c2055d64ad2a_Ch1,32.0,41.388,,,,,27.921,354.557,0.074,991.096,14.194,0.0,,26.794,,True,0.0,1737653921.61864,2466c2055d64ad2a_Ch2,3630.7526671886444,False
1737653925.027835,2025-01-23 18:38:45,POSTREACTION-BASELINE,LAMP-OFF,96.0,20.145,37.217384,33.816912,16.887342,,27.976,119.293,0.136,991.069,14.182,0.0,3.412165,,,True,0.0,1737653924.647813,2466c2055d64ad2a_Ch1,32.0,41.396,,,,,27.921,354.789,0.219,991.025,14.194,0.0,,26.753,,True,0.0,1737653924.8798265,2466c2055d64ad2a_Ch2,3634.013853788376,False
1737653928.3540251,2025-01-23 18:38:48,POSTREACTION-BASELINE,LAMP-OFF,96.0,20.1,37.431848,33.990612,16.972544,,27.976,118.992,0.006,991.071,14.194,0.0,3.429685,,,True,0.0,1737653927.9740036,2466c2055d64ad2a_Ch1,32.0,41.393,,,,,27.929,354.665,0.046,991.069,14.194,0.0,,26.768,,True,0.0,1737653928.2050166,2466c2055d64ad2a_Ch2,3637.3400440216064,False
1737653931.6302125,2025-01-23 18:38:51,POSTREACTION-BASELINE,LAMP-OFF,96.0,20.067,37.539496,34.096136,17.0263,,27.976,118.819,0.227,991.042,14.171,0.0,3.440433,,,True,0.0,1737653931.2501907,2466c2055d64ad2a_Ch1,32.0,41.394,,,,,27.929,354.613,0.242,991.05,14.171,0.0,,26.763,,True,0.0,1737653931.4822042,2466c2055d64ad2a_Ch2,3640.616231441498,False
1737653934.8953993,2025-01-23 18:38:54,POSTREACTION-BASELINE,LAMP-OFF,96.0,20.049,37.61318,34.16046,17.058238,,27.984,118.587,0.236,991.042,14.194,0.0,3.446923,,,True,0.0,1737653934.5163777,2466c2055d64ad2a_Ch1,32.0,41.393,,,,,27.929,354.745,0.307,991.079,14.182,0.0,,26.768,,True,0.0,1737653934.747391,2466c2055d64ad2a_Ch2,3643.8814182281494,False
1737653938.280593,2025-01-23 18:38:58,POSTREACTION-BASELINE,LAMP-OFF,96.0,20.022,37.709964,34.250964,17.102652,,27.992,118.458,0.334,991.096,14.182,0.0,3.455867,,,True,0.0,1737653937.9015713,2466c2055d64ad2a_Ch1,32.0,41.394,,,,,27.929,354.713,0.212,991.114,14.195,0.0,,26.763,,True,0.0,1737653938.1325843,2466c2055d64ad2a_Ch2,3647.266611814499,False
1737653941.5947824,2025-01-23 18:39:01,POSTREACTION-BASELINE,LAMP-OFF,96.0,19.973,37.902336,34.42308,17.189074,,27.992,118.157,0.417,991.059,14.183,0.0,3.473363,,,True,0.0,1737653941.2147608,2466c2055d64ad2a_Ch1,32.0,41.391,,,,,27.937,354.757,0.255,991.059,14.171,0.0,,26.778,,True,0.0,1737653941.445774,2466c2055d64ad2a_Ch2,3650.5808012485504,False
1737653944.9569747,2025-01-23 18:39:04,POSTREACTION-BASELINE,LAMP-OFF,96.0,19.942,38.004068,34.523332,17.24018,,28.0,117.929,0.266,991.032,14.171,0.0,3.483573,,,True,0.0,1737653944.5769532,2466c2055d64ad2a_Ch1,32.0,41.393,,,,,27.945,354.673,0.152,991.105,14.182,0.0,,26.768,,True,0.0,1737653944.8079662,2466c2055d64ad2a_Ch2,3653.9429936408997,False
1737653948.2861652,2025-01-23 18:39:08,POSTREACTION-BASELINE,LAMP-OFF,96.0,19.922,38.092256,34.598188,17.27719,,28.0,117.736,0.279,991.032,14.171,0.0,3.491127,,,True,0.0,1737653947.9061434,2466c2055d64ad2a_Ch1,32.0,41.391,,,,,27.945,354.697,0.021,991.059,14.171,0.0,,26.778,,True,0.0,1737653948.138157,2466c2055d64ad2a_Ch2,3657.2721841335297,False
1737653951.6303566,2025-01-23 18:39:11,POSTREACTION-BASELINE,LAMP-OFF,96.0,19.883,38.231256,34.729712,17.34161,,28.0,117.459,0.298,991.122,14.183,0.0,3.50408,,,True,0.0,1737653951.2503347,2466c2055d64ad2a_Ch1,32.0,41.393,,,,,27.953,354.809,0.322,991.032,14.16,0.0,,26.768,,True,0.0,1737653951.481348,2466c2055d64ad2a_Ch2,3660.6163754463196,False
1737653955.064553,2025-01-23 18:39:15,POSTREACTION-BASELINE,LAMP-OFF,96.0,19.86,38.331716,34.815684,17.38549,,28.007,117.311,0.134,991.049,14.195,0.0,3.513013,,,True,0.0,1737653954.6855314,2466c2055d64ad2a_Ch1,32.0,41.391,,,,,27.953,354.721,0.137,991.076,14.171,0.0,,26.778,,True,0.0,1737653954.9165444,2466c2055d64ad2a_Ch2,3664.0505719184875,False
1737653958.387743,2025-01-23 18:39:18,POSTREACTION-BASELINE,LAMP-OFF,96.0,19.847,38.370716,34.8564,17.40505,,28.007,117.187,0.198,991.112,14.149,0.0,3.516898,,,True,0.0,1737653958.0077212,2466c2055d64ad2a_Ch1,32.0,41.394,,,,,27.953,354.753,0.094,991.03,14.183,0.0,,26.763,,True,0.0,1737653958.2387345,2466c2055d64ad2a_Ch2,3667.3737618923187,False
1737653961.6999323,2025-01-23 18:39:21,POSTREACTION-BASELINE,LAMP-OFF,96.0,19.806,38.547564,35.009076,17.481214,,28.015,116.938,0.059,991.085,14.171,0.0,3.532399,,,True,0.0,1737653961.320911,2466c2055d64ad2a_Ch1,32.0,41.394,,,,,27.953,354.857,-0.002,991.085,14.171,0.0,,26.763,,True,0.0,1737653961.5529242,2466c2055d64ad2a_Ch2,3670.68595123291,False
1737653964.9881206,2025-01-23 18:39:24,POSTREACTION-BASELINE,LAMP-OFF,96.0,19.777,38.661004,35.112104,17.533666,,28.015,116.769,0.17,991.03,14.149,0.0,3.54299,,,True,0.0,1737653964.6080987,2466c2055d64ad2a_Ch1,32.0,41.392,,,,,27.96,354.717,0.224,991.057,14.171,0.0,,26.773,,True,0.0,1737653964.8401122,2466c2055d64ad2a_Ch2,3673.9741394519806,False
1737653968.3383121,2025-01-23 18:39:28,POSTREACTION-BASELINE,LAMP-OFF,96.0,19.737,38.806612,35.249696,17.601432,,28.015,116.464,0.286,991.102,14.172,0.0,3.556616,,,True,0.0,1737653967.9592907,2466c2055d64ad2a_Ch1,32.0,41.395,,,,,27.96,354.737,0.134,991.075,14.172,0.0,,26.758,,True,0.0,1737653968.1903038,2466c2055d64ad2a_Ch2,3677.3243310451508,False
1737653971.726506,2025-01-23 18:39:31,POSTREACTION-BASELINE,LAMP-OFF,96.0,19.701,38.966112,35.386512,17.669674,,28.023,116.291,0.167,991.075,14.172,0.0,3.570518,,,True,0.0,1737653971.3474844,2466c2055d64ad2a_Ch1,32.0,41.395,,,,,27.968,354.737,0.147,991.075,14.172,0.0,,26.758,,True,0.0,1737653971.5784976,2466c2055d64ad2a_Ch2,3680.7125248908997,False
1737653975.0216944,2025-01-23 18:39:35,POSTREACTION-BASELINE,LAMP-OFF,96.0,19.687,39.021568,35.43688,17.69449,,28.023,116.083,0.144,991.093,14.161,0.0,3.575535,,,True,0.0,1737653974.6416726,2466c2055d64ad2a_Ch1,32.0,41.394,,,,,27.968,354.625,0.345,991.102,14.149,0.0,,26.763,,True,0.0,1737653974.872686,2466c2055d64ad2a_Ch2,3684.007713317871,False
1737653978.3048823,2025-01-23 18:39:38,POSTREACTION-BASELINE,LAMP-OFF,96.0,19.656,39.138892,35.546124,17.74992,,28.031,115.843,0.121,991.056,14.161,0.0,3.586691,,,True,0.0,1737653977.9248605,2466c2055d64ad2a_Ch1,32.0,41.393,,,,,27.976,354.801,0.162,991.119,14.172,0.0,,26.768,,True,0.0,1737653978.1558738,2466c2055d64ad2a_Ch2,3687.290901184082,False
1737653981.6980765,2025-01-23 18:39:41,POSTREACTION-BASELINE,LAMP-OFF,96.0,19.619,39.28066,35.677584,17.815588,,28.039,115.578,0.177,991.065,14.149,0.0,3.599923,,,True,0.0,1737653981.3180547,2466c2055d64ad2a_Ch1,32.0,41.394,,,,,27.976,354.797,0.229,991.056,14.149,0.0,,26.763,,True,0.0,1737653981.5500677,2466c2055d64ad2a_Ch2,3690.6840953826904,False
1737653985.0052655,2025-01-23 18:39:45,POSTREACTION-BASELINE,LAMP-OFF,96.0,19.59,39.402696,35.785708,17.86905,,28.039,115.337,0.043,991.083,14.149,0.0,3.610768,,,True,0.0,1737653984.6252437,2466c2055d64ad2a_Ch1,32.0,41.395,,,,,27.976,354.813,0.255,991.11,14.138,0.0,,26.758,,True,0.0,1737653984.857257,2466c2055d64ad2a_Ch2,3693.9912843704224,False
1737653988.335456,2025-01-23 18:39:48,POSTREACTION-BASELINE,LAMP-OFF,96.0,19.561,39.525188,35.894236,17.922222,,28.039,115.165,0.262,991.127,14.161,0.0,3.621557,,,True,0.0,1737653987.9554343,2466c2055d64ad2a_Ch1,32.0,41.394,,,,,27.984,354.853,0.252,991.092,14.149,0.0,,26.763,,True,0.0,1737653988.1874475,2466c2055d64ad2a_Ch2,3697.321474790573,False
1737653991.6516457,2025-01-23 18:39:51,POSTREACTION-BASELINE,LAMP-OFF,96.0,19.535,39.62424,35.98692,17.96971,,28.039,115.008,0.158,991.073,14.161,0.0,3.631106,,,True,0.0,1737653991.2726238,2466c2055d64ad2a_Ch1,32.0,41.393,,,,,27.984,354.825,0.114,991.019,14.138,0.0,,26.768,,True,0.0,1737653991.5036373,2466c2055d64ad2a_Ch2,3700.6376645565033,False
1737653994.9668353,2025-01-23 18:39:54,POSTREACTION-BASELINE,LAMP-OFF,96.0,19.507,39.731708,36.08726,18.020518,,28.046,114.815,0.175,991.046,14.149,0.0,3.64133,,,True,0.0,1737653994.5858135,2466c2055d64ad2a_Ch1,32.0,41.392,,,,,28.0,354.813,0.237,991.1,14.149,0.0,,26.773,,True,0.0,1737653994.8198266,2466c2055d64ad2a_Ch2,3703.952854156494,False
1737653998.299026,2025-01-23 18:39:58,POSTREACTION-BASELINE,LAMP-OFF,96.0,19.479,39.839568,36.187976,18.069816,,28.046,114.591,-0.039,991.109,14.138,0.0,3.65126,,,True,0.0,1737653997.918004,2466c2055d64ad2a_Ch1,32.0,41.395,,,,,27.992,354.749,-0.079,991.073,14.149,0.0,,26.758,,True,0.0,1737653998.1510174,2466c2055d64ad2a_Ch2,3707.2850449085236,False
1737654001.7652242,2025-01-23 18:40:01,POSTREACTION-BASELINE,LAMP-OFF,96.0,19.441,40.012492,36.336772,18.143886,,28.054,114.402,0.196,991.09,14.15,0.0,3.666344,,,True,0.0,1737654001.3862023,2466c2055d64ad2a_Ch1,32.0,41.391,,,,,27.992,354.897,-0.014,991.063,14.15,0.0,,26.778,,True,0.0,1737654001.6172154,2466c2055d64ad2a_Ch2,3710.7512431144714,False
1737654005.0474117,2025-01-23 18:40:05,POSTREACTION-BASELINE,LAMP-OFF,96.0,19.426,40.050068,36.381948,18.166866,,28.054,114.238,0.023,991.109,14.15,0.0,3.670832,,,True,0.0,1737654004.66739,2466c2055d64ad2a_Ch1,32.0,41.386,,,,,28.0,354.86,0.036,991.036,14.138,0.0,,26.804,,True,0.0,1737654004.8984034,2466c2055d64ad2a_Ch2,3714.0334305763245,False
1737654008.316599,2025-01-23 18:40:08,POSTREACTION-BASELINE,LAMP-OFF,96.0,19.404,40.109308,36.45014,18.20301,,28.062,114.077,0.144,991.053,14.126,0.0,3.67792,,,True,0.0,1737654007.9375772,2466c2055d64ad2a_Ch1,32.0,41.39,,,,,28.0,354.729,0.235,991.036,14.15,0.0,,26.783,,True,0.0,1737654008.1685903,2466c2055d64ad2a_Ch2,3717.302617788315,False
1737654011.6377888,2025-01-23 18:40:11,POSTREACTION-BASELINE,LAMP-OFF,96.0,19.37,40.274392,36.588496,18.270242,,28.062,113.849,0.121,991.107,14.138,0.0,3.69168,,,True,0.0,1737654011.257767,2466c2055d64ad2a_Ch1,32.0,41.391,,,,,28.0,354.777,-0.044,991.08,14.138,0.0,,26.778,,True,0.0,1737654011.4887803,2466c2055d64ad2a_Ch2,3720.623807668686,False
1737654014.9349773,2025-01-23 18:40:14,POSTREACTION-BASELINE,LAMP-OFF,96.0,19.348,40.371332,36.673784,18.313838,,28.07,113.644,0.192,991.044,14.138,0.0,3.70052,,,True,0.0,1737654014.5559556,2466c2055d64ad2a_Ch1,32.0,41.388,,,,,28.007,354.781,0.054,991.162,14.138,0.0,,26.794,,True,0.0,1737654014.786969,2466c2055d64ad2a_Ch2,3723.9209961891174,False
1737654018.4331772,2025-01-23 18:40:18,POSTREACTION-BASELINE,LAMP-OFF,96.0,19.317,40.480644,36.782016,18.367314,,28.07,113.448,0.128,991.107,14.126,0.0,3.711205,,,True,0.0,1737654018.0531557,2466c2055d64ad2a_Ch1,32.0,41.389,,,,,28.007,354.853,0.149,991.08,14.138,0.0,,26.789,,True,0.0,1737654018.284169,2466c2055d64ad2a_Ch2,3727.419196128845,False
1737654021.7333663,2025-01-23 18:40:21,POSTREACTION-BASELINE,LAMP-OFF,96.0,19.308,40.524076,36.818684,18.384576,,28.07,113.347,0.229,991.151,14.127,0.0,3.71474,,,True,0.0,1737654021.3523443,2466c2055d64ad2a_Ch1,32.0,41.388,,,,,28.015,354.749,0.194,991.107,14.126,0.0,,26.794,,True,0.0,1737654021.5843577,2466c2055d64ad2a_Ch2,3730.7193851470947,False
1737654025.0425553,2025-01-23 18:40:25,POSTREACTION-BASELINE,LAMP-OFF,96.0,19.262,40.709944,36.990368,18.470502,,28.07,113.034,0.295,991.151,14.127,0.0,3.732061,,,True,0.0,1737654024.6625335,2466c2055d64ad2a_Ch1,32.0,41.39,,,,,28.015,354.805,0.3,991.124,14.127,0.0,,26.783,,True,0.0,1737654024.893547,2466c2055d64ad2a_Ch2,3734.0285742282867,False
1737654028.3337436,2025-01-23 18:40:28,POSTREACTION-BASELINE,LAMP-OFF,96.0,19.242,40.807072,37.072424,18.512608,,28.07,112.918,0.063,991.07,14.127,0.0,3.740646,,,True,0.0,1737654027.953722,2466c2055d64ad2a_Ch1,32.0,41.388,,,,,28.015,354.837,0.192,991.07,14.127,0.0,,26.794,,True,0.0,1737654028.1857355,2466c2055d64ad2a_Ch2,3737.319762468338,False
1737654031.6319325,2025-01-23 18:40:31,POSTREACTION-BASELINE,LAMP-OFF,96.0,19.206,40.945112,37.204044,18.578774,,28.078,112.689,0.16,991.07,14.127,0.0,3.753927,,,True,0.0,1737654031.2529106,2466c2055d64ad2a_Ch1,32.0,41.389,,,,,28.031,354.909,0.194,991.05,14.117,0.0,,26.789,,True,0.0,1737654031.483924,2466c2055d64ad2a_Ch2,3740.6179513931274,False
1737654034.9861243,2025-01-23 18:40:34,POSTREACTION-BASELINE,LAMP-OFF,96.0,19.178,41.069436,37.314184,18.633064,,28.078,112.497,0.305,991.096,14.127,0.0,3.764941,,,True,0.0,1737654034.6061025,2466c2055d64ad2a_Ch1,32.0,41.388,,,,,28.023,354.877,-0.027,991.068,14.116,0.0,,26.794,,True,0.0,1737654034.8371158,2466c2055d64ad2a_Ch2,3743.972143173218,False
1737654038.3093143,2025-01-23 18:40:38,POSTREACTION-BASELINE,LAMP-OFF,96.0,19.157,41.152292,37.392296,18.672274,,28.078,112.348,0.257,991.096,14.127,0.0,3.772822,,,True,0.0,1737654037.9282925,2466c2055d64ad2a_Ch1,32.0,41.385,,,,,28.023,354.888,0.26,991.077,14.127,0.0,,26.809,,True,0.0,1737654038.160306,2466c2055d64ad2a_Ch2,3747.295333147049,False
1737654041.6145034,2025-01-23 18:40:41,POSTREACTION-BASELINE,LAMP-OFF,96.0,19.116,41.308264,37.542564,18.747018,,28.085,112.107,0.252,991.142,14.139,0.0,3.787809,,,True,0.0,1737654041.2334814,2466c2055d64ad2a_Ch1,32.0,41.386,,,,,28.031,354.76,0.232,991.06,14.116,0.0,,26.804,,True,0.0,1737654041.4654949,2466c2055d64ad2a_Ch2,3750.6005222797394,False
1737654044.932693,2025-01-23 18:40:44,POSTREACTION-BASELINE,LAMP-OFF,96.0,19.095,41.404044,37.62676,18.790314,,28.085,111.883,0.172,991.068,14.127,0.0,3.796587,,,True,0.0,1737654044.5536714,2466c2055d64ad2a_Ch1,32.0,41.385,,,,,28.031,354.884,0.287,991.104,14.139,0.0,,26.809,,True,0.0,1737654044.784685,2466c2055d64ad2a_Ch2,3753.918711900711,False
1737654048.20088,2025-01-23 18:40:48,POSTREACTION-BASELINE,LAMP-OFF,96.0,19.071,41.500656,37.71742,18.835084,,28.093,111.699,0.095,991.104,14.117,0.0,3.805596,,,True,0.0,1737654047.819858,2466c2055d64ad2a_Ch1,32.0,41.388,,,,,28.039,354.989,0.222,991.123,14.127,0.0,,26.794,,True,0.0,1737654048.0528717,2466c2055d64ad2a_Ch2,3757.186898946762,False
1737654051.6020746,2025-01-23 18:40:51,POSTREACTION-BASELINE,LAMP-OFF,96.0,19.038,41.661028,37.854552,18.902414,,28.093,111.474,0.32,991.131,14.127,0.0,3.819329,,,True,0.0,1737654051.2230527,2466c2055d64ad2a_Ch1,32.0,41.387,,,,,28.039,354.965,0.139,991.077,14.117,0.0,,26.799,,True,0.0,1737654051.4550662,2466c2055d64ad2a_Ch2,3760.588093519211,False
1737654055.0462716,2025-01-23 18:40:55,POSTREACTION-BASELINE,LAMP-OFF,96.0,19.018,41.741116,37.930204,18.940016,,28.093,111.313,0.208,991.15,14.105,0.0,3.826888,,,True,0.0,1737654054.66625,2466c2055d64ad2a_Ch1,32.0,41.383,,,,,28.039,354.96,0.355,991.104,14.127,0.0,,26.819,,True,0.0,1737654054.898263,2466c2055d64ad2a_Ch2,3764.032290458679,False
1737654058.3324594,2025-01-23 18:40:58,POSTREACTION-BASELINE,LAMP-OFF,96.0,18.994,41.820096,38.013504,18.983884,,28.093,111.145,0.226,991.077,14.127,0.0,3.835575,,,True,0.0,1737654057.953438,2466c2055d64ad2a_Ch1,32.0,41.387,,,,,28.046,355.001,0.247,991.121,14.128,0.0,,26.799,,True,0.0,1737654058.184451,2466c2055d64ad2a_Ch2,3767.318478345871,False
1737654061.6366484,2025-01-23 18:41:01,POSTREACTION-BASELINE,LAMP-OFF,96.0,18.96,41.9926,38.15872,19.054904,,28.101,110.9,0.342,991.111,14.117,0.0,3.850095,,,True,0.0,1737654061.2566266,2466c2055d64ad2a_Ch1,32.0,41.386,,,,,28.046,354.944,0.307,991.13,14.117,0.0,,26.804,,True,0.0,1737654061.48864,2466c2055d64ad2a_Ch2,3770.622667312622,False
1737654064.9568384,2025-01-23 18:41:04,POSTREACTION-BASELINE,LAMP-OFF,96.0,18.921,42.15652,38.310588,19.129648,,28.101,110.776,0.063,991.176,14.128,0.0,3.865165,,,True,0.0,1737654064.5758166,2466c2055d64ad2a_Ch1,32.0,41.384,,,,,28.054,354.944,0.29,991.076,14.105,0.0,,26.814,,True,0.0,1737654064.80883,2466c2055d64ad2a_Ch2,3773.9428572654724,False
1737654068.291029,2025-01-23 18:41:08,POSTREACTION-BASELINE,LAMP-OFF,96.0,18.907,42.205288,38.36072,19.156198,,28.101,110.643,0.271,991.121,14.105,0.0,3.870438,,,True,0.0,1737654067.9120073,2466c2055d64ad2a_Ch1,32.0,41.384,,,,,28.054,355.02,0.25,991.111,14.117,0.0,,26.814,,True,0.0,1737654068.1440208,2466c2055d64ad2a_Ch2,3777.2770478725433,False
1737654071.610219,2025-01-23 18:41:11,POSTREACTION-BASELINE,LAMP-OFF,96.0,18.885,42.301816,38.44846,19.201638,,28.109,110.435,0.222,991.04,14.105,0.0,3.879607,,,True,0.0,1737654071.2301972,2466c2055d64ad2a_Ch1,32.0,41.383,,,,,28.054,354.992,0.119,991.067,14.117,0.0,,26.819,,True,0.0,1737654071.4622107,2466c2055d64ad2a_Ch2,3780.596237897873,False
1737654074.9254086,2025-01-23 18:41:14,POSTREACTION-BASELINE,LAMP-OFF,96.0,18.856,42.4232,38.561708,19.25659,,28.109,110.21,0.127,991.13,14.117,0.0,3.89068,,,True,0.0,1737654074.546387,2466c2055d64ad2a_Ch1,32.0,41.383,,,,,28.062,354.972,0.337,991.067,14.094,0.0,,26.819,,True,0.0,1737654074.7774,2466c2055d64ad2a_Ch2,3783.9114274978638,False
1737654078.2675998,2025-01-23 18:41:18,POSTREACTION-BASELINE,LAMP-OFF,96.0,18.827,42.551344,38.678188,19.316416,,28.117,110.09,0.098,991.048,14.105,0.0,3.902756,,,True,0.0,1737654077.887578,2466c2055d64ad2a_Ch1,32.0,41.382,,,,,28.062,355.092,0.217,991.084,14.105,0.0,,26.824,,True,0.0,1737654078.1195915,2466c2055d64ad2a_Ch2,3787.2536187171936,False
1737654081.7067966,2025-01-23 18:41:21,POSTREACTION-BASELINE,LAMP-OFF,96.0,18.795,42.686992,38.804436,19.37785,,28.117,109.845,0.26,991.138,14.128,0.0,3.915139,,,True,0.0,1737654081.3267748,2466c2055d64ad2a_Ch1,32.0,41.38,,,,,28.07,355.048,0.272,991.094,14.117,0.0,,26.834,,True,0.0,1737654081.558788,2466c2055d64ad2a_Ch2,3790.692815542221,False
1737654085.0289867,2025-01-23 18:41:25,POSTREACTION-BASELINE,LAMP-OFF,96.0,18.78,42.741056,38.859472,19.407946,,28.125,109.673,-0.033,991.03,14.105,0.0,3.921119,,,True,0.0,1737654084.6439645,2466c2055d64ad2a_Ch1,32.0,41.388,,,,,28.07,355.073,0.104,991.101,14.094,0.0,,26.794,,True,0.0,1737654084.881978,2466c2055d64ad2a_Ch2,3794.0150055885315,False
1737654088.3651774,2025-01-23 18:41:28,POSTREACTION-BASELINE,LAMP-OFF,96.0,18.757,42.8945,38.975328,19.463776,,28.117,109.54,0.398,991.047,14.106,0.0,3.932742,,,True,0.0,1737654087.9851556,2466c2055d64ad2a_Ch1,32.0,41.384,,,,,28.07,355.132,0.086,991.074,14.118,0.0,,26.814,,True,0.0,1737654088.2171688,2466c2055d64ad2a_Ch2,3797.3511962890625,False
1737654091.7763724,2025-01-23 18:41:31,POSTREACTION-BASELINE,LAMP-OFF,96.0,18.739,42.949608,39.037244,19.49444,,28.125,109.352,0.089,991.101,14.094,0.0,3.938775,,,True,0.0,1737654091.397351,2466c2055d64ad2a_Ch1,32.0,41.386,,,,,28.07,355.128,0.245,991.038,14.094,0.0,,26.804,,True,0.0,1737654091.628364,2466c2055d64ad2a_Ch2,3800.7623913288116,False
1737654095.0955622,2025-01-23 18:41:35,POSTREACTION-BASELINE,LAMP-OFF,96.0,18.695,43.160104,39.222616,19.58675,,28.132,109.127,0.113,991.093,14.106,0.0,3.95751,,,True,0.0,1737654094.7095401,2466c2055d64ad2a_Ch1,32.0,41.385,,,,,28.078,355.204,0.177,991.055,14.106,0.0,,26.809,,True,0.0,1737654094.9475539,2466c2055d64ad2a_Ch2,3804.0815811157227,False
1737654098.5297587,2025-01-23 18:41:38,POSTREACTION-BASELINE,LAMP-OFF,96.0,18.668,43.275628,39.33058,19.640366,,28.132,108.954,0.332,991.118,14.094,0.0,3.968304,,,True,0.0,1737654098.149737,2466c2055d64ad2a_Ch1,32.0,41.384,,,,,28.078,355.34,0.192,991.047,14.106,0.0,,26.814,,True,0.0,1737654098.3817503,2466c2055d64ad2a_Ch2,3807.5157775878906,False
1737654101.8299475,2025-01-23 18:41:41,POSTREACTION-BASELINE,LAMP-OFF,96.0,18.641,43.391552,39.438928,19.696352,,28.132,108.722,0.208,991.037,14.094,0.0,3.979561,,,True,0.0,1737654101.4499257,2466c2055d64ad2a_Ch1,32.0,41.383,,,,,28.085,355.252,0.214,991.074,14.106,0.0,,26.819,,True,0.0,1737654101.681939,2466c2055d64ad2a_Ch2,3810.8159663677216,False
1737654105.1181355,2025-01-23 18:41:45,POSTREACTION-BASELINE,LAMP-OFF,96.0,18.609,43.530672,39.568376,19.75989,,28.132,108.517,0.271,991.101,14.094,0.0,3.992365,,,True,0.0,1737654104.739114,2466c2055d64ad2a_Ch1,32.0,41.382,,,,,28.078,355.312,0.322,991.072,14.083,0.0,,26.824,,True,0.0,1737654104.970127,2466c2055d64ad2a_Ch2,3814.1041543483734,False
1737654108.425325,2025-01-23 18:41:48,POSTREACTION-BASELINE,LAMP-OFF,96.0,18.585,43.63378,39.665108,19.809532,,28.14,108.325,0.154,991.047,14.083,0.0,4.002343,,,True,0.0,1737654108.0473032,2466c2055d64ad2a_Ch1,32.0,41.382,,,,,28.085,355.368,0.237,991.118,14.094,0.0,,26.824,,True,0.0,1737654108.2783163,2466c2055d64ad2a_Ch2,3817.4113438129425,False
1737654111.7435145,2025-01-23 18:41:51,POSTREACTION-BASELINE,LAMP-OFF,96.0,18.56,43.74828,39.769192,19.860412,,28.14,108.192,0.299,991.1,14.094,0.0,4.012631,,,True,0.0,1737654111.364493,2466c2055d64ad2a_Ch1,32.0,41.382,,,,,28.085,355.412,0.224,991.127,14.094,0.0,,26.824,,True,0.0,1737654111.596506,2466c2055d64ad2a_Ch2,3820.729533433914,False
1737654115.1997123,2025-01-23 18:41:55,POSTREACTION-BASELINE,LAMP-OFF,96.0,18.548,43.803376,39.819276,19.886568,,28.148,108.016,0.309,991.045,14.106,0.0,4.017907,,,True,0.0,1737654114.8186903,2466c2055d64ad2a_Ch1,32.0,41.382,,,,,28.093,355.288,0.322,991.144,14.107,0.0,,26.824,,True,0.0,1737654115.0497036,2466c2055d64ad2a_Ch2,3824.1857311725616,False
1737654118.4859,2025-01-23 18:41:58,POSTREACTION-BASELINE,LAMP-OFF,96.0,18.528,43.895388,39.902924,19.928156,,28.148,107.872,0.249,991.054,14.083,0.0,4.026311,,,True,0.0,1737654118.1058786,2466c2055d64ad2a_Ch1,32.0,41.383,,,,,28.093,355.42,0.265,991.09,14.083,0.0,,26.819,,True,0.0,1737654118.3378916,2466c2055d64ad2a_Ch2,3827.471918821335,False
1737654121.7950895,2025-01-23 18:42:01,POSTREACTION-BASELINE,LAMP-OFF,96.0,18.489,44.082084,40.069596,20.010048,,28.148,107.631,0.138,991.108,14.095,0.0,4.042909,,,True,0.0,1737654121.4080672,2466c2055d64ad2a_Ch1,32.0,41.382,,,,,28.093,355.384,0.197,991.081,14.083,0.0,,26.824,,True,0.0,1737654121.6480808,2466c2055d64ad2a_Ch2,3830.781108379364,False
1737654125.106279,2025-01-23 18:42:05,POSTREACTION-BASELINE,LAMP-OFF,96.0,18.462,44.200848,40.1806,20.065906,,28.148,107.474,0.072,991.098,14.083,0.0,4.05415,,,True,0.0,1737654124.726257,2466c2055d64ad2a_Ch1,32.0,41.384,,,,,28.093,355.32,0.32,991.117,14.083,0.0,,26.814,,True,0.0,1737654124.9572704,2466c2055d64ad2a_Ch2,3834.0922977924347,False
1737654128.5124736,2025-01-23 18:42:08,POSTREACTION-BASELINE,LAMP-OFF,96.0,18.427,44.377072,40.334676,20.141448,,28.156,107.29,0.245,991.144,14.072,0.0,4.069507,,,True,0.0,1737654128.1324518,2466c2055d64ad2a_Ch1,32.0,41.383,,,,,28.093,355.312,0.36,991.207,14.083,0.0,,26.819,,True,0.0,1737654128.3634653,2466c2055d64ad2a_Ch2,3837.4984924793243,False
1737654131.9016676,2025-01-23 18:42:11,POSTREACTION-BASELINE,LAMP-OFF,96.0,18.408,44.459364,40.41254,20.180356,,28.156,107.093,0.162,991.153,14.095,0.0,4.077326,,,True,0.0,1737654131.5216458,2466c2055d64ad2a_Ch1,32.0,41.38,,,,,28.101,355.448,0.358,991.144,14.072,0.0,,26.834,,True,0.0,1737654131.7526588,2466c2055d64ad2a_Ch2,3840.8876864910126,False
1737654135.2078567,2025-01-23 18:42:15,POSTREACTION-BASELINE,LAMP-OFF,96.0,18.391,44.5193,40.47622,20.214146,,28.164,106.965,0.079,991.09,14.083,0.0,4.08401,,,True,0.0,1737654134.8228347,2466c2055d64ad2a_Ch1,32.0,41.385,,,,,28.109,355.392,0.227,991.107,14.083,0.0,,26.809,,True,0.0,1737654135.0608482,2466c2055d64ad2a_Ch2,3844.1938755512238,False
1737654138.5240462,2025-01-23 18:42:18,POSTREACTION-BASELINE,LAMP-OFF,96.0,18.365,44.674564,40.601988,20.276832,,28.164,106.797,0.063,991.044,14.061,0.0,4.09689,,,True,0.0,1737654138.1440246,2466c2055d64ad2a_Ch1,32.0,41.38,,,,,28.109,355.356,0.036,991.08,14.083,0.0,,26.834,,True,0.0,1737654138.3750377,2466c2055d64ad2a_Ch2,3847.5100650787354,False
1737654141.8292353,2025-01-23 18:42:21,POSTREACTION-BASELINE,LAMP-OFF,96.0,18.341,44.754716,40.69026,20.320314,,28.164,106.632,0.033,991.124,14.084,0.0,4.105466,,,True,0.0,1737654141.4492137,2466c2055d64ad2a_Ch1,32.0,41.378,,,,,28.109,355.384,0.194,991.098,14.083,0.0,,26.844,,True,0.0,1737654141.6802268,2466c2055d64ad2a_Ch2,3850.815254211426,False
1737654145.2254295,2025-01-23 18:42:25,POSTREACTION-BASELINE,LAMP-OFF,96.0,18.318,44.850256,40.783304,20.367414,,28.164,106.356,0.35,991.115,14.073,0.0,4.114891,,,True,0.0,1737654144.8444078,2466c2055d64ad2a_Ch1,32.0,41.381,,,,,28.117,355.256,0.109,991.098,14.083,0.0,,26.829,,True,0.0,1737654145.077421,2466c2055d64ad2a_Ch2,3854.211448431015,False
1737654148.5616205,2025-01-23 18:42:28,POSTREACTION-BASELINE,LAMP-OFF,96.0,18.286,45.022168,40.93032,20.441326,,28.171,106.255,0.27,991.061,14.073,0.0,4.12995,,,True,0.0,1737654148.1815987,2466c2055d64ad2a_Ch1,32.0,41.376,,,,,28.117,355.372,0.353,991.088,14.073,0.0,,26.855,,True,0.0,1737654148.4126117,2466c2055d64ad2a_Ch2,3857.5476393699646,False
1737654151.8718097,2025-01-23 18:42:31,POSTREACTION-BASELINE,LAMP-OFF,96.0,18.27,45.063744,40.984268,20.468266,,28.171,106.043,0.212,991.115,14.061,0.0,4.135168,,,True,0.0,1737654151.492788,2466c2055d64ad2a_Ch1,32.0,41.38,,,,,28.117,355.428,0.242,991.132,14.073,0.0,,26.834,,True,0.0,1737654151.7238011,2466c2055d64ad2a_Ch2,3860.857828617096,False
1737654155.269004,2025-01-23 18:42:35,POSTREACTION-BASELINE,LAMP-OFF,96.0,18.256,45.158584,41.057448,20.50504,,28.171,105.95,0.332,991.061,14.073,0.0,4.142777,,,True,0.0,1737654154.8889823,2466c2055d64ad2a_Ch1,32.0,41.382,,,,,28.117,355.388,0.255,991.115,14.073,0.0,,26.824,,True,0.0,1737654155.1199954,2466c2055d64ad2a_Ch2,3864.2550230026245,False
1737654158.5621924,2025-01-23 18:42:38,POSTREACTION-BASELINE,LAMP-OFF,96.0,18.227,45.310864,41.189652,20.57178,,28.171,105.738,0.227,991.007,14.084,0.0,4.156343,,,True,0.0,1737654158.1811707,2466c2055d64ad2a_Ch1,32.0,41.382,,,,,28.125,355.5,0.345,991.051,14.061,0.0,,26.824,,True,0.0,1737654158.4141839,2466c2055d64ad2a_Ch2,3867.548211336136,False
